BusinessEntityID,EmailAddressID,EmailAddress,rowguid,ModifiedDate
1,1,ken0@adventure-works.com,8A1901E4-671B-431A-871C-EADB2942E9EE,2009-01-07 00:00:00.000
2,2,terri0@adventure-works.com,B5FF9EFD-72A2-4F87-830B-F338FDD4D162,2008-01-24 00:00:00.000
3,3,roberto0@adventure-works.com,C8A51084-1C03-4C58-A8B3-55854AE7C499,2007-11-04 00:00:00.000
4,4,rob0@adventure-works.com,17703ED1-0031-4B4A-AFD2-77487A556B3B,2007-11-28 00:00:00.000
5,5,gail0@adventure-works.com,E76D2EA3-08E5-409C-BBE2-5DD1CDF89A3B,2007-12-30 00:00:00.000
6,6,jossef0@adventure-works.com,A9C4093A-4F4A-4CAD-BBB4-2C4E920BACCB,2013-12-16 00:00:00.000
7,7,dylan0@adventure-works.com,70429DE4-C3BF-4F19-A00A-E976C8017FB3,2009-02-01 00:00:00.000
8,8,diane1@adventure-works.com,37F02A87-058D-49F8-A20D-965738B0A71F,2008-12-22 00:00:00.000
9,9,gigi0@adventure-works.com,F888A16D-0C33-459E-9D72-D16AE0BB1F43,2009-01-09 00:00:00.000
10,10,michael6@adventure-works.com,E0DD366D-433D-4F5A-9347-1A5FE7FBE0A3,2009-04-26 00:00:00.000
11,11,ovidiu0@adventure-works.com,0FF9523D-F398-4237-85F8-2834DE441692,2010-11-28 00:00:00.000
12,12,thierry0@adventure-works.com,B2962849-CC5F-4E57-BCB4-019642BBD8ED,2007-12-04 00:00:00.000
13,13,janice0@adventure-works.com,64871268-3812-402F-8A91-C618B6515B06,2010-12-16 00:00:00.000
14,14,michael8@adventure-works.com,BEA9075C-1BED-4E5E-8234-F5641FAF814C,2010-12-23 00:00:00.000
15,15,sharon0@adventure-works.com,5CD782BA-F5AB-41EC-B206-09B06F52C96B,2011-01-11 00:00:00.000
16,16,david0@adventure-works.com,80C0D44A-78B6-42AC-AE8D-410A22A6BE63,2007-12-13 00:00:00.000
17,17,kevin0@adventure-works.com,F4332215-C861-4A54-99F5-B0C4F6406515,2007-01-19 00:00:00.000
18,18,john5@adventure-works.com,A944FC67-F16E-4AB8-8940-8CEFF186BED3,2011-01-31 00:00:00.000
19,19,mary2@adventure-works.com,626CB0E6-D6A9-4A73-8227-ACB02DBC5214,2011-02-07 00:00:00.000
20,20,wanida0@adventure-works.com,924A0FC3-F9E4-4100-8C82-1C69AAE4501F,2010-12-31 00:00:00.000
21,21,terry0@adventure-works.com,001ADA12-A5D4-44E7-97EF-610888C011C5,2009-02-23 00:00:00.000
22,22,sariya0@adventure-works.com,BA309CB3-C089-4BD8-A9CA-AAC0CE2B7BBF,2008-12-05 00:00:00.000
23,23,mary0@adventure-works.com,4E589721-922B-4A26-A138-B9D5A1813EC7,2009-01-05 00:00:00.000
24,24,jill0@adventure-works.com,76C0AD95-1552-4867-A95F-7460EF3F3EEE,2009-01-11 00:00:00.000
25,25,james1@adventure-works.com,2FB4A156-A73C-4FB6-ADEE-D36BC1435C87,2009-01-27 00:00:00.000
26,26,peter0@adventure-works.com,2153CB40-E8B1-43C3-9791-6BFF91E75D77,2008-11-24 00:00:00.000
27,27,jo0@adventure-works.com,98259561-ECCB-4257-9CF3-C4ED5E3356FC,2008-02-20 00:00:00.000
28,28,guy1@adventure-works.com,0D4F335B-6F4C-4612-942A-8BCCAF1BDA8D,2006-06-23 00:00:00.000
29,29,mark1@adventure-works.com,9C9D2AC4-BBFD-47F6-95AA-6DFF49538E08,2009-01-16 00:00:00.000
30,30,britta0@adventure-works.com,1F515A06-5240-4271-AD27-825DFDFA189A,2009-01-22 00:00:00.000
31,31,margie0@adventure-works.com,52DCDDF9-B9FD-4A8F-B23C-FC0B6E75380A,2008-12-28 00:00:00.000
32,32,rebecca0@adventure-works.com,AFBA85F1-8107-40E5-82DB-98D0678D6F15,2008-12-22 00:00:00.000
33,33,annik0@adventure-works.com,9B34B7EE-E461-4F34-ABC9-40CA59E7B8FD,2008-12-10 00:00:00.000
34,34,suchitra0@adventure-works.com,2A0B297F-6225-4B5A-AD4E-278F023CF864,2009-02-09 00:00:00.000
35,35,brandon0@adventure-works.com,87B16476-B184-4CB2-9F75-AF0606855B25,2009-02-01 00:00:00.000
36,36,jose0@adventure-works.com,7CB0078C-CAAA-44BD-B788-0F04DF52AA9F,2009-02-03 00:00:00.000
37,37,chris2@adventure-works.com,5B3E99AC-A9ED-40D7-A206-E99210C957D0,2009-02-28 00:00:00.000
38,38,kim1@adventure-works.com,9730C7EB-AB57-4785-9D8E-C90C49F3C6DE,2010-01-09 00:00:00.000
39,39,ed0@adventure-works.com,2AA0689B-EB49-4783-B7DA-66B96C569854,2010-01-29 00:00:00.000
40,40,jolynn0@adventure-works.com,A7150AC4-A013-4A90-ABDF-084A527CA233,2007-12-19 00:00:00.000
41,41,bryan0@adventure-works.com,CF270087-0505-45FB-975C-1AB089678604,2009-01-14 00:00:00.000
42,42,james0@adventure-works.com,C051B91D-2363-4DCA-B09F-305C4F93412E,2008-12-20 00:00:00.000
43,43,nancy0@adventure-works.com,52C2CDCF-949E-4B7B-BDE9-159ED85E6654,2008-12-26 00:00:00.000
44,44,simon0@adventure-works.com,6AC896ED-318C-4C8B-A5AB-D4E8D036B3E7,2008-12-01 00:00:00.000
45,45,thomas0@adventure-works.com,B95150F5-E806-44C2-9369-270378FA6B03,2009-02-19 00:00:00.000
46,46,eugene1@adventure-works.com,1C2AF5C7-56E5-440F-9FB0-1972EC1CCF1F,2009-02-01 00:00:00.000
47,47,andrew0@adventure-works.com,BC270013-80B6-4067-B60B-4BEEFC2D7739,2009-02-15 00:00:00.000
48,48,ruth0@adventure-works.com,3360C26C-7B6E-4B0A-A688-DBEFEB209CDB,2007-12-30 00:00:00.000
49,49,barry0@adventure-works.com,324C8DCE-06FA-47B9-B7C7-D35590B9A196,2013-11-29 00:00:00.000
50,50,sidney0@adventure-works.com,953FBA2B-5004-4879-ADB8-C6B08F17FA0C,2008-01-26 00:00:00.000
51,51,jeffrey0@adventure-works.com,9B83DF43-8B73-46ED-B821-77000D84BEC1,2008-02-13 00:00:00.000
52,52,doris0@adventure-works.com,01DC29C7-BF48-4F15-A5FA-C3EA72EC94F0,2014-01-31 00:00:00.000
53,53,diane0@adventure-works.com,FAED4878-4CF5-4555-B670-B2B09B6A188A,2008-03-21 00:00:00.000
54,54,bonnie0@adventure-works.com,C6AEB77C-8DFE-4776-985C-E34138643612,2009-12-25 00:00:00.000
55,55,taylor0@adventure-works.com,F407CF1E-B04D-416D-BC69-1AC6E5C24C99,2013-12-31 00:00:00.000
56,56,denise0@adventure-works.com,58F29B04-00B3-44E1-AC87-9AC960FFDA12,2009-01-29 00:00:00.000
57,57,frank1@adventure-works.com,4FEF2A65-2DD3-4107-9785-870DE1727EBC,2009-02-16 00:00:00.000
58,58,kendall0@adventure-works.com,E370F4B0-B1F5-4595-8DA1-5D88B4948341,2008-11-28 00:00:00.000
59,59,bob0@adventure-works.com,2CC9EE3A-8C99-49E1-9033-F850CF668EFA,2008-12-17 00:00:00.000
60,60,pete0@adventure-works.com,55E3E46B-7205-4C7E-882E-63AA895310CC,2009-01-04 00:00:00.000
61,61,diane2@adventure-works.com,B3B18577-A565-47C6-B149-CD2AAE6BD3F0,2009-01-11 00:00:00.000
62,62,john0@adventure-works.com,0F968A24-5E70-4A47-9961-091E31A57849,2014-02-07 00:00:00.000
63,63,maciej0@adventure-works.com,EB76A53A-8095-4A99-89D6-03923CA6EA0E,2010-01-22 00:00:00.000
64,64,michael7@adventure-works.com,77E65F84-6EE8-420A-B072-E13D87C85A45,2010-02-16 00:00:00.000
65,65,randy0@adventure-works.com,B174F86B-CBA7-4B5D-AA83-8A075EE1FDB4,2010-02-16 00:00:00.000
66,66,karan0@adventure-works.com,13A1D31A-8C76-419E-81D5-0B479A2F3AD9,2009-12-15 00:00:00.000
67,67,jay0@adventure-works.com,47E5526E-FE7F-4D11-AED7-14AB5307B97F,2009-02-26 00:00:00.000
68,68,charles0@adventure-works.com,D40BFDBF-6D54-4F67-ACA8-055E8498B995,2009-11-26 00:00:00.000
69,69,steve0@adventure-works.com,BC1283A1-A7FC-4DB2-8344-7F15C000F63F,2009-02-08 00:00:00.000
70,70,david2@adventure-works.com,D62C5B4E-C91F-403F-B630-7B7E0FDA70CE,2008-12-08 00:00:00.000
71,71,michael3@adventure-works.com,3F21EB3B-81AB-46F3-AAE2-A8D5C5EB6A6D,2009-02-08 00:00:00.000
72,72,steven0@adventure-works.com,9D1C4B98-72B0-4E17-8214-2CD2C72F86E9,2008-11-24 00:00:00.000
73,73,carole0@adventure-works.com,703CD060-E4FF-42F4-8F82-41131CCB346E,2008-12-12 00:00:00.000
74,74,bjorn0@adventure-works.com,7ED83953-FA8E-497A-98D6-6B3684BEC822,2008-12-31 00:00:00.000
75,75,michiko0@adventure-works.com,0798AD10-1E34-405A-A440-615634B76E24,2009-01-19 00:00:00.000
76,76,carol0@adventure-works.com,140A9C46-2A64-43FC-ACF2-A76ED2805266,2009-02-05 00:00:00.000
77,77,merav0@adventure-works.com,0A4F7C43-3FED-43FE-947C-69E9FCB0629A,2009-02-24 00:00:00.000
78,78,reuben0@adventure-works.com,D0FC506C-3332-4486-A6B7-4FD20E21245F,2008-12-08 00:00:00.000
79,79,eric1@adventure-works.com,DC243863-A00C-448C-B90F-509DFBE76F12,2010-01-17 00:00:00.000
80,80,sandeep0@adventure-works.com,C7ADB778-4A93-493D-ADAD-FAAF3967A5BA,2010-01-10 00:00:00.000
81,81,mihail0@adventure-works.com,E07A7278-4697-4B4A-A9E0-CAC2583143DE,2009-12-22 00:00:00.000
82,82,jack1@adventure-works.com,5AE3538E-A9A4-49C9-8488-2314F289B6CB,2010-02-24 00:00:00.000
83,83,patrick1@adventure-works.com,621D39FE-5EEA-4840-8131-31375E061E94,2010-02-05 00:00:00.000
84,84,frank3@adventure-works.com,A53C239F-BC9F-447F-A719-59B59A6F482A,2010-01-29 00:00:00.000
85,85,brian2@adventure-works.com,78586E93-83A6-44BB-8F5D-4187F702C040,2009-12-04 00:00:00.000
86,86,ryan0@adventure-works.com,B8A67E8B-15D5-4A9F-8C27-30D86779CEC1,2008-12-29 00:00:00.000
87,87,cristian0@adventure-works.com,2FFF23E9-73FE-48F0-A7ED-168F48B4941F,2008-12-15 00:00:00.000
88,88,betsy0@adventure-works.com,079E435B-5A3A-43A0-B598-9D0D21D8FA4F,2009-12-11 00:00:00.000
89,89,patrick0@adventure-works.com,77B0ABC5-529E-4ABD-89E3-28CBB8761741,2010-01-25 00:00:00.000
90,90,danielle0@adventure-works.com,3B8219C2-8893-4881-AA3C-4D0A752FC4EA,2010-02-13 00:00:00.000
91,91,kimberly0@adventure-works.com,23275F93-2E6C-487F-9FC1-617F8239D050,2010-01-05 00:00:00.000
92,92,tom0@adventure-works.com,E093B00C-F87F-4B93-AF2F-ECD6C9F63B85,2010-03-03 00:00:00.000
93,93,kok-ho0@adventure-works.com,4232D44C-B42C-498E-840F-F2AE44B50F16,2008-12-20 00:00:00.000
94,94,russell0@adventure-works.com,2D083A33-FEDE-4472-9C96-5766E9783351,2008-12-05 00:00:00.000
95,95,jim0@adventure-works.com,933B5FE3-CC08-48FF-AB0F-A812FC642D0B,2008-12-12 00:00:00.000
96,96,elizabeth0@adventure-works.com,DE385467-19F1-41B1-9165-E05E462FBC80,2009-02-23 00:00:00.000
97,97,mandar0@adventure-works.com,1A9E785F-EBCF-454D-B249-2A88F858A2D0,2009-02-03 00:00:00.000
98,98,sameer0@adventure-works.com,DFCC751C-451C-4498-819B-A4692527B0A2,2009-02-04 00:00:00.000
99,99,nuan0@adventure-works.com,12A30695-A604-4312-B65E-19A67FB3FB73,2008-12-30 00:00:00.000
100,100,lolan0@adventure-works.com,4EBF0B6C-141E-4725-B6E7-04D4FB305B80,2009-01-05 00:00:00.000
101,101,houman0@adventure-works.com,B1A38954-E8C1-4009-A632-EE02DA1FD9D8,2009-01-18 00:00:00.000
102,102,zheng0@adventure-works.com,0766060D-CA79-45DB-B892-668A2A924B7F,2008-11-26 00:00:00.000
103,103,ebru0@adventure-works.com,A27D2032-F216-493F-923C-A2BC4B5AD190,2009-11-29 00:00:00.000
104,104,mary1@adventure-works.com,AD6C9CAB-1428-4345-ADD4-30DD879AFB89,2009-12-18 00:00:00.000
105,105,kevin2@adventure-works.com,F5C6BB98-0D1D-4ADD-9C0C-04B37D28468D,2009-12-18 00:00:00.000
106,106,john4@adventure-works.com,BC4640E4-0360-49B8-9EC0-ACA2DFB76D84,2010-02-20 00:00:00.000
107,107,christopher0@adventure-works.com,D4773AEF-A889-420D-B9F7-6167B7223CFC,2010-02-01 00:00:00.000
108,108,jinghao0@adventure-works.com,C4861DC0-3A60-4C72-B622-4840663167A5,2008-12-01 00:00:00.000
109,109,alice0@adventure-works.com,8C45D022-A69E-49C9-BA7B-E4B2567E7031,2008-11-30 00:00:00.000
110,110,jun0@adventure-works.com,D5CC5BE1-4C69-4576-8AF7-D892816BD66A,2008-12-07 00:00:00.000
111,111,suroor0@adventure-works.com,85B62BFF-C5D6-4E4B-A634-0C1C61F08943,2008-12-10 00:00:00.000
112,112,john1@adventure-works.com,A52A0702-28F8-4849-AE3A-30AEC008F2EC,2008-12-25 00:00:00.000
113,113,linda0@adventure-works.com,1E6331CF-DB0D-46A6-8B68-970DE3C28755,2008-12-18 00:00:00.000
114,114,mindaugas0@adventure-works.com,415EC347-556E-4142-AA46-AE927320B893,2009-01-06 00:00:00.000
115,115,angela0@adventure-works.com,FA46B7F9-0269-4A18-B34D-8D31829AE726,2009-01-13 00:00:00.000
116,116,michael2@adventure-works.com,E136B945-0D14-4C36-93A1-D0EBEF70E877,2009-01-24 00:00:00.000
117,117,chad0@adventure-works.com,D9C889E6-C8BB-44E2-92B3-BD268596D959,2009-02-11 00:00:00.000
118,118,don0@adventure-works.com,28ABCFF5-6178-4BA0-B610-D459D03E3D8E,2009-02-06 00:00:00.000
119,119,michael4@adventure-works.com,A8B13899-CAD3-4A5D-B459-19F9256685B3,2009-02-18 00:00:00.000
120,120,kitti0@adventure-works.com,C8FE6E0F-7C9E-47AC-9038-6C362A6067D0,2009-02-25 00:00:00.000
121,121,pilar0@adventure-works.com,A248F59F-CD52-4CB8-9E23-0E14BA620432,2008-12-26 00:00:00.000
122,122,susan0@adventure-works.com,2C6E99E1-2715-4B0C-A196-F1BE204605EF,2008-11-30 00:00:00.000
123,123,vamsi0@adventure-works.com,73370349-E37E-4CBB-89AC-CE01A073A2CA,2008-11-30 00:00:00.000
124,124,kim0@adventure-works.com,CCEF1782-7C06-4EE7-BC12-D2F91B5DEEAA,2008-12-19 00:00:00.000
125,125,matthias0@adventure-works.com,2BE2A87A-9EB9-45CB-99F3-E3D703FB7AAA,2009-01-13 00:00:00.000
126,126,jimmy0@adventure-works.com,FB8DB7F1-40DE-4110-A29F-D2CFD747E408,2009-02-19 00:00:00.000
127,127,david4@adventure-works.com,7AD791C4-08ED-4983-A1BD-FB6E2283233D,2008-12-27 00:00:00.000
128,128,paul0@adventure-works.com,7FC86BA7-74DA-48AA-803B-C02E88CAE392,2008-11-27 00:00:00.000
129,129,gary0@adventure-works.com,71BD0596-FDF3-42AE-A4AE-CF9DDECA5535,2008-12-15 00:00:00.000
130,130,rob1@adventure-works.com,F4150104-2A1F-4895-9D1D-3C9B324E1C45,2009-02-06 00:00:00.000
131,131,baris0@adventure-works.com,9BF4275A-C36D-4FDA-B37A-F825E3D5CE5E,2009-02-08 00:00:00.000
132,132,nicole0@adventure-works.com,CE6A8412-F496-4728-B822-A92DBA863A5F,2009-02-15 00:00:00.000
133,133,michael1@adventure-works.com,F0508FFC-6529-4979-B01B-47355264CFD0,2009-01-03 00:00:00.000
134,134,eric0@adventure-works.com,B5AD48A5-D1B1-484C-A96A-6026DC4FC276,2009-01-07 00:00:00.000
135,135,ivo0@adventure-works.com,65042EB4-D07A-487D-A8A4-5DDA60695F13,2008-11-27 00:00:00.000
136,136,sylvester0@adventure-works.com,6C757321-9920-4FB6-8587-A53C64160A94,2009-12-04 00:00:00.000
137,137,anibal0@adventure-works.com,3C11EF13-E40F-4AC3-B987-97C05E17FC4F,2009-02-16 00:00:00.000
138,138,samantha0@adventure-works.com,9CE31637-7383-45AD-91C1-0E7FB13A3AC1,2009-01-28 00:00:00.000
139,139,hung-fu0@adventure-works.com,26BC25F4-CD70-4395-89B4-3FA838E88822,2009-12-30 00:00:00.000
140,140,prasanna0@adventure-works.com,92E91660-BE6C-4CB7-B4D8-1B71324E9944,2010-01-15 00:00:00.000
141,141,min0@adventure-works.com,53613A7B-6203-4852-B28A-A6E1BEC99FA1,2010-01-17 00:00:00.000
142,142,olinda0@adventure-works.com,17054C6E-2BFA-48F1-88E1-5589CC5BF366,2010-02-25 00:00:00.000
143,143,krishna0@adventure-works.com,72F099F6-4748-40DA-993C-69C8EDF76B18,2010-02-06 00:00:00.000
144,144,paul1@adventure-works.com,F50159DF-1A39-4BBD-BA72-B380C9D4921D,2009-01-10 00:00:00.000
145,145,cynthia0@adventure-works.com,EA9C577E-A7C6-446D-8819-42417B43CA41,2009-01-20 00:00:00.000
146,146,jianshuo0@adventure-works.com,D123542F-9C58-4C06-8FC0-A78E1FB4D50B,2008-11-30 00:00:00.000
147,147,sandra0@adventure-works.com,F3FD8758-C157-4082-93CF-622DE451832D,2008-12-19 00:00:00.000
148,148,jason0@adventure-works.com,C55B86A1-167E-4B62-9DE2-0376D28268BD,2009-01-07 00:00:00.000
149,149,andy0@adventure-works.com,560FC0D8-C75A-486C-BC8A-A1E59FCB755C,2009-01-24 00:00:00.000
150,150,michael5@adventure-works.com,C6730986-826F-4137-BE87-47F23B786CFA,2009-02-19 00:00:00.000
151,151,rostislav0@adventure-works.com,ACA69D01-EF31-4A3E-976F-7DA2E9F8A929,2009-02-12 00:00:00.000
152,152,yuhong0@adventure-works.com,DA2F2741-3E83-46AE-9FC3-723E34BDD551,2009-01-25 00:00:00.000
153,153,hanying0@adventure-works.com,F3E0368B-9B95-4775-839A-003E24BA7A23,2008-12-09 00:00:00.000
154,154,raymond0@adventure-works.com,5E32288E-1EE6-4153-9F47-9435BC009AF9,2008-12-16 00:00:00.000
155,155,fadi0@adventure-works.com,25864705-1B1F-40A5-AB2F-CCD48EEA5F1F,2008-12-28 00:00:00.000
156,156,lane0@adventure-works.com,E98104A0-7F15-4938-AADC-E0EE658DFBF3,2009-01-04 00:00:00.000
157,157,linda1@adventure-works.com,26A4317C-A8C3-43FA-8CD2-84D2844DBED1,2009-01-27 00:00:00.000
158,158,shelley0@adventure-works.com,D35879EB-E373-4359-B027-76072A6BE5F6,2009-02-28 00:00:00.000
159,159,terrence0@adventure-works.com,63D4EA48-73A9-4108-BF3E-14450C6DD6CE,2009-02-09 00:00:00.000
160,160,jeff0@adventure-works.com,0B40A5ED-51A4-4EE8-A486-FF4CD200CA30,2009-01-14 00:00:00.000
161,161,kirk0@adventure-works.com,D5A2BE6D-796A-465D-A0AE-C5CF1C8C0451,2008-12-08 00:00:00.000
162,162,laura0@adventure-works.com,23BC5DB0-9C81-4C9C-82E0-B194C5467283,2008-12-27 00:00:00.000
163,163,alex0@adventure-works.com,AE39B8CC-002F-46F9-AFB9-E4A788073119,2009-02-01 00:00:00.000
164,164,andrew1@adventure-works.com,F156D627-1613-45A9-8299-53AEED98C0F8,2009-02-27 00:00:00.000
165,165,chris0@adventure-works.com,01A22557-82EE-4C99-A8E8-5D96A1DF5649,2009-01-15 00:00:00.000
166,166,jack0@adventure-works.com,B29DCF5D-0D4F-4B4E-AA9B-14D239D5C5B1,2009-02-14 00:00:00.000
167,167,david1@adventure-works.com,38000144-1D21-4E05-A5C2-B4CD24D3F14A,2008-11-25 00:00:00.000
168,168,garrett0@adventure-works.com,FED3D441-6917-4594-ADAF-5E323FF2F57B,2008-11-30 00:00:00.000
169,169,susan1@adventure-works.com,E30D5553-CF21-470A-BD69-05FFA933D816,2008-12-07 00:00:00.000
170,170,george0@adventure-works.com,0008836B-5ED3-4E25-92AE-A29AFE64403D,2008-12-14 00:00:00.000
171,171,david3@adventure-works.com,5CF45166-F1BC-4D60-A460-CDBD1A706904,2008-12-26 00:00:00.000
172,172,marc0@adventure-works.com,7740C361-1681-47B9-87D7-A83AFE8F7E15,2009-01-09 00:00:00.000
173,173,eugene0@adventure-works.com,60E866CF-3A9B-456F-9000-DD8526CA2A61,2009-01-14 00:00:00.000
174,174,benjamin0@adventure-works.com,18B45A3C-4CAC-4AB4-97A1-A58FBCC705B5,2009-01-20 00:00:00.000
175,175,reed0@adventure-works.com,C9283591-9FB8-465E-A37C-F46ABC6DF368,2009-01-26 00:00:00.000
176,176,david7@adventure-works.com,E779FD9B-4945-4E48-8F0E-90F1589CB622,2009-02-07 00:00:00.000
177,177,russell1@adventure-works.com,93D5D09D-D29A-4B0A-A700-486D38D8EE1B,2009-02-14 00:00:00.000
178,178,john3@adventure-works.com,A23974C4-7BC0-42EC-80F7-FF17878BA8C9,2009-02-24 00:00:00.000
179,179,jan0@adventure-works.com,E17475CD-E9CF-4572-B787-9797A064BCA7,2009-02-26 00:00:00.000
180,180,katie0@adventure-works.com,92393B68-D7FD-4228-9334-D102037EC737,2009-02-13 00:00:00.000
181,181,michael0@adventure-works.com,CC7724F9-A364-4D89-9EA9-4AFA68F2D887,2008-12-02 00:00:00.000
182,182,nitin0@adventure-works.com,5C03E261-C522-4793-A42D-8F9E6EF7E8E4,2008-12-21 00:00:00.000
183,183,barbara0@adventure-works.com,AFDD9E4B-DC8D-4A24-9D75-4897C2D59B00,2009-01-15 00:00:00.000
184,184,john2@adventure-works.com,195E8507-2957-4363-9B1B-F9CC65E6E2E9,2009-02-02 00:00:00.000
185,185,stefen0@adventure-works.com,04DAD7BD-1141-4E0F-A6FE-6C17B146D407,2009-02-21 00:00:00.000
186,186,shane0@adventure-works.com,CF891774-A3A0-4D0E-9BAE-841A38F27322,2009-02-01 00:00:00.000
187,187,yvonne0@adventure-works.com,3DEADEE4-4539-4166-9F40-1D111A92B905,2008-12-02 00:00:00.000
188,188,douglas0@adventure-works.com,A1FE3A50-8634-46E3-901E-80ED0827FCF8,2008-12-20 00:00:00.000
189,189,janeth0@adventure-works.com,FAD439F5-AE4B-4A4E-9D9A-2C564DEA2D3B,2009-01-08 00:00:00.000
190,190,robert0@adventure-works.com,255D5EC2-BA9D-4AF0-BD08-0CCBD4363F84,2009-01-26 00:00:00.000
191,191,lionel0@adventure-works.com,BC9E847C-A828-4C55-85A7-13ACDE25319D,2009-02-19 00:00:00.000
192,192,brenda0@adventure-works.com,38CBE598-AFBA-406B-BC96-C8A998E06E61,2009-02-26 00:00:00.000
193,193,alejandro0@adventure-works.com,9A5BC0F7-B72D-4778-AA68-0F7DA65A6875,2008-11-29 00:00:00.000
194,194,fred0@adventure-works.com,FDF85518-A1BB-466A-81C4-C12B70281C74,2008-12-05 00:00:00.000
195,195,kevin1@adventure-works.com,2096C8C9-1A5D-42BD-912C-9DEDFE84BEA9,2008-12-10 00:00:00.000
196,196,shammi0@adventure-works.com,F62FC889-EADF-48C4-B4C2-3DEFF636A677,2008-12-17 00:00:00.000
197,197,rajesh0@adventure-works.com,4E455079-DEFF-4A8A-9A94-35168D311850,2008-12-24 00:00:00.000
198,198,lorraine0@adventure-works.com,6701AC9C-0A12-4D7D-A56D-CE293B1B36DE,2008-12-28 00:00:00.000
199,199,paula1@adventure-works.com,EF3CB6A7-63B1-4F7C-8919-2D0467725F82,2009-01-05 00:00:00.000
200,200,frank0@adventure-works.com,BF623E0D-E3AC-4AC9-AFFB-A72D45AC2020,2009-01-10 00:00:00.000
201,201,brian0@adventure-works.com,09ED7612-AF5C-4F65-A246-59BFDDE3AC18,2009-01-22 00:00:00.000
202,202,tawana0@adventure-works.com,9B144E61-558D-4733-8EF8-8F86EA039033,2009-01-29 00:00:00.000
203,203,ken1@adventure-works.com,5C1E03FB-E6E3-4A1F-870D-ACC1A41041B9,2009-02-17 00:00:00.000
204,204,gabe0@adventure-works.com,341001CF-5DB8-47BE-90C5-CC02FFC75327,2009-03-01 00:00:00.000
205,205,lori0@adventure-works.com,224094FB-E29B-4E38-B97D-4D03C73D7411,2009-02-19 00:00:00.000
206,206,stuart0@adventure-works.com,2001AE39-84D7-4358-8F52-972C1CCE606D,2008-11-25 00:00:00.000
207,207,greg0@adventure-works.com,D3BFE26D-BCCB-441F-8C01-70450E8D49D1,2008-11-25 00:00:00.000
208,208,scott0@adventure-works.com,F18078DB-2B82-4DCC-AFE6-2EC796261F29,2009-01-01 00:00:00.000
209,209,kathie0@adventure-works.com,B547C41B-46F8-41EA-8DEA-93183D4F615D,2009-01-20 00:00:00.000
210,210,belinda0@adventure-works.com,1B5F281C-CAA5-461F-BB25-5593140D6AA8,2009-02-13 00:00:00.000
211,211,hazem0@adventure-works.com,0C80D162-0D8A-452E-9EF5-F6C6FEE819A3,2009-02-21 00:00:00.000
212,212,peng0@adventure-works.com,16055E23-B9D0-44C4-8F2C-C9F66DF1E8BE,2008-12-02 00:00:00.000
213,213,sootha0@adventure-works.com,8EA38CF4-C5A1-44AC-B50B-1D53B41D535C,2010-02-16 00:00:00.000
214,214,andreas0@adventure-works.com,30C1D4A4-4F13-4E01-AF3C-6D2B2B020300,2009-01-26 00:00:00.000
215,215,mark0@adventure-works.com,38604F61-C13A-464A-B36D-E57A313D96BD,2009-01-08 00:00:00.000
216,216,sean0@adventure-works.com,A95D2B4F-0648-44F6-A14D-89596AAE3430,2008-12-21 00:00:00.000
217,217,zainal0@adventure-works.com,8967CCF9-F3B8-410F-8766-3D0510151946,2008-12-28 00:00:00.000
218,218,tengiz0@adventure-works.com,39945494-59D2-4E4F-B7B6-E56748800BAE,2008-12-09 00:00:00.000
219,219,sean1@adventure-works.com,8DDFEF78-B2E0-4856-BCB5-62B81E925D55,2009-01-15 00:00:00.000
220,220,karen0@adventure-works.com,B327A40F-0B0C-4391-92F3-3B66F4D23A5E,2009-02-02 00:00:00.000
221,221,chris1@adventure-works.com,DE415A78-3EAE-40E8-B130-209A9521506F,2009-02-27 00:00:00.000
222,222,ascott0@adventure-works.com,96AA826F-2432-48DE-A741-BD4139072F12,2008-12-05 00:00:00.000
223,223,sairaj0@adventure-works.com,3E7C49C9-5F81-48A7-80C1-8BD0F7FAD02E,2009-01-19 00:00:00.000
224,224,william0@adventure-works.com,8992BA60-7FAE-4A9A-B92B-770708E99A64,2008-12-31 00:00:00.000
225,225,alan0@adventure-works.com,0075D670-034C-4F1B-A868-F8EEFF3175C5,2009-02-06 00:00:00.000
226,226,brian1@adventure-works.com,1418A00D-B326-485F-9869-2EA41F6DA2E8,2009-02-24 00:00:00.000
227,227,gary1@adventure-works.com,CD84EC01-4AA3-4B59-A527-20058FBA9DB4,2009-11-25 00:00:00.000
228,228,christian0@adventure-works.com,4802C7E4-C7DB-4F50-8F5A-9905B73B12E4,2008-12-07 00:00:00.000
229,229,lori1@adventure-works.com,07CF89A2-3E38-40C8-91B0-9E9F41B3652C,2010-02-09 00:00:00.000
230,230,stuart1@adventure-works.com,E30C77FE-2AE8-4859-8886-06D2DAF5559A,2010-02-26 00:00:00.000
231,231,jo1@adventure-works.com,7222A110-71A2-42D9-8CF5-1688EBAE3858,2010-02-28 00:00:00.000
232,232,pat0@adventure-works.com,FFA6B147-2D31-40FF-A0FF-A6F29966C877,2010-01-20 00:00:00.000
233,233,magnus0@adventure-works.com,5FB0DAE0-6E88-4C43-9890-8B09F0DA6D82,2009-12-14 00:00:00.000
234,234,laura1@adventure-works.com,2A42372E-3908-4003-9428-C05A9199A168,2009-01-24 00:00:00.000
235,235,paula0@adventure-works.com,B38EAD76-9EC0-42C4-B9A3-B42A284F5373,2008-11-29 00:00:00.000
236,236,grant0@adventure-works.com,4F7714D8-D40A-4817-8605-6BCC7CAA24A8,2009-02-18 00:00:00.000
237,237,hao0@adventure-works.com,BBBA6E3C-B1A3-433C-8ECF-C1B6773251D1,2009-01-30 00:00:00.000
238,238,vidur0@adventure-works.com,0D201CE8-6C09-4ED5-A0AC-256EB40DE625,2008-12-25 00:00:00.000
239,239,mindy0@adventure-works.com,7E3C7BB0-FF37-45C1-B545-DF67F6890436,2008-12-18 00:00:00.000
240,240,willis0@adventure-works.com,DD73A926-AAF4-407A-9776-FFD822221178,2008-12-06 00:00:00.000
241,241,david6@adventure-works.com,E8F11601-3E46-4156-BBE3-87331CE7A0CC,2009-01-23 00:00:00.000
242,242,deborah0@adventure-works.com,C84AD4E4-B3C0-4E31-B24F-BD6BF9906D10,2008-12-11 00:00:00.000
243,243,candy0@adventure-works.com,90D5B4DF-A9E7-4805-80C9-793C713B0DE5,2008-12-30 00:00:00.000
244,244,bryan1@adventure-works.com,1D39EE3C-16F7-44DC-9754-F447D3D5B64A,2009-01-17 00:00:00.000
245,245,barbara1@adventure-works.com,5564C566-A4F2-4CDB-9D60-D51481C45E7D,2009-02-11 00:00:00.000
246,246,dragan0@adventure-works.com,16D8689A-EFB8-43A1-90DE-0AF52323D5A0,2009-02-04 00:00:00.000
247,247,janet0@adventure-works.com,31AEBFB2-18FA-470E-B86C-F5BC675494C3,2009-02-22 00:00:00.000
248,248,mike0@adventure-works.com,C4C804B2-4BD2-4D1A-8407-D74F513DC93F,2009-03-01 00:00:00.000
249,249,wendy0@adventure-works.com,53540CFA-A13E-4EE2-9630-2F356D1FBF18,2008-12-18 00:00:00.000
250,250,sheela0@adventure-works.com,61FFB631-D8FF-4E7B-8077-FAA475E75BEF,2011-02-18 00:00:00.000
251,251,mikael0@adventure-works.com,C9E26F67-98CB-4044-93D7-F6F3131F0249,2009-02-03 00:00:00.000
252,252,arvind0@adventure-works.com,ACBC8A24-EF7A-42C5-8EBC-D55389E38A56,2009-02-21 00:00:00.000
253,253,linda2@adventure-works.com,06DC9AEB-23B6-45CC-AAF5-BBBCBA588249,2009-12-10 00:00:00.000
254,254,fukiko0@adventure-works.com,B29F8E57-5828-4158-9F77-A346BFF67AA6,2009-12-28 00:00:00.000
255,255,gordon0@adventure-works.com,6372E69A-783F-4424-9E62-1F6E52207077,2010-01-04 00:00:00.000
256,256,frank2@adventure-works.com,5F2EFB37-70DA-45FC-B9AC-57E062B53535,2010-01-16 00:00:00.000
257,257,eric2@adventure-works.com,11EB470A-8374-4DE9-8099-D5B9545409D1,2010-01-20 00:00:00.000
258,258,erin0@adventure-works.com,608AC9F2-F286-4149-911C-2ABDFEEF5AD8,2010-01-24 00:00:00.000
259,259,ben0@adventure-works.com,BBA81080-DEAF-4A99-89B7-B703B2C79CC9,2010-03-02 00:00:00.000
260,260,annette0@adventure-works.com,FE5D989D-659C-47A2-AEBC-3D56BE07C21F,2010-11-29 00:00:00.000
261,261,reinout0@adventure-works.com,A5BE9302-A667-4E98-9D6C-262A722E9818,2010-12-18 00:00:00.000
262,262,david5@adventure-works.com,F7F2713D-D497-435F-8469-092614D086FF,2009-01-05 00:00:00.000
263,263,jean0@adventure-works.com,4C9760A8-C70A-4466-8BF9-4477E9B18783,2008-12-04 00:00:00.000
264,264,stephanie0@adventure-works.com,017F05E6-8C30-412B-812B-6DB0E986423A,2009-01-28 00:00:00.000
265,265,ashvini0@adventure-works.com,37145251-4933-4ED4-B630-89E8F922B10B,2008-11-27 00:00:00.000
266,266,peter1@adventure-works.com,447B505D-6126-4C4D-A33F-C3C313860D5B,2009-02-16 00:00:00.000
267,267,karen1@adventure-works.com,1112C568-5544-45A1-88A5-21EC9283210F,2009-02-09 00:00:00.000
268,268,ramesh0@adventure-works.com,6B5ACC98-6E4B-488F-8911-312A06C33289,2009-01-27 00:00:00.000
269,269,dan0@adventure-works.com,5954318B-2B3A-43CB-9EB3-A0657C73576A,2009-01-04 00:00:00.000
270,270,françois0@adventure-works.com,2CACB34F-000E-4CD5-8C6A-CD15524BC7E6,2009-01-10 00:00:00.000
271,271,dan1@adventure-works.com,3B1522CE-F49F-4362-A1F3-30FE0C76A544,2009-01-15 00:00:00.000
272,272,janaina0@adventure-works.com,447C10D1-04AE-40B8-A53D-17F649495396,2008-12-16 00:00:00.000
273,273,brian3@adventure-works.com,9799432A-D34E-4F2C-BB4C-3049584DCEBF,2011-02-08 00:00:00.000
274,274,stephen0@adventure-works.com,FAFCED5B-FF48-4397-855A-ADEE1A5136DE,2010-12-28 00:00:00.000
275,275,michael9@adventure-works.com,226B6142-0A17-40B1-9ACF-2DD7BF95EE2E,2011-05-24 00:00:00.000
276,276,linda3@adventure-works.com,D24D8077-B9E6-4000-A591-C0E9283BF192,2011-05-24 00:00:00.000
277,277,jillian0@adventure-works.com,E96E095E-A77C-4258-90AE-B53050ACF308,2011-05-24 00:00:00.000
278,278,garrett1@adventure-works.com,89119DAD-BFC5-4867-AE67-26E40AC75523,2011-05-24 00:00:00.000
279,279,tsvi0@adventure-works.com,D13B5DD0-6F89-4BC4-A757-69FD2AF48580,2011-05-24 00:00:00.000
280,280,pamela0@adventure-works.com,4A398143-A1A9-464B-A2B8-B2315270A20F,2011-05-24 00:00:00.000
281,281,shu0@adventure-works.com,D07629FA-C7D0-4E81-875E-3FA4E27124A9,2011-05-24 00:00:00.000
282,282,josé1@adventure-works.com,0404EBA3-5A3F-4031-8641-C76CF6F5E5C1,2011-05-24 00:00:00.000
283,283,david8@adventure-works.com,19B29987-CF58-483A-A522-C2D71EEBAAA0,2011-05-24 00:00:00.000
284,284,tete0@adventure-works.com,2549D15E-AD3E-422F-B23E-94E0F492354B,2012-09-23 00:00:00.000
285,285,syed0@adventure-works.com,9C7834DD-94EE-4B0D-BCEB-0233208ABE23,2013-03-07 00:00:00.000
286,286,lynn0@adventure-works.com,77D6F83A-493D-450C-9BFE-4D940C5EF4B6,2013-05-23 00:00:00.000
287,287,amy0@adventure-works.com,6C06AC65-4DBB-4AB2-9E7C-4D35874ED980,2012-04-09 00:00:00.000
288,288,rachel0@adventure-works.com,2CA7F4B2-D6E8-439F-A6DE-B7ED28D4636C,2013-05-23 00:00:00.000
289,289,jae0@adventure-works.com,2DB2CC5F-5F5D-4018-B96E-44812E2AFF86,2012-05-23 00:00:00.000
290,290,ranjit0@adventure-works.com,E6D2472A-B7C5-4FBE-885F-4E2A43D85958,2012-05-23 00:00:00.000
291,291,gustavo0@adventure-works.com,02221975-8ADA-4BCA-88FA-0DFB73F1BA22,2015-04-15 16:33:33.060
293,292,catherine0@adventure-works.com,E1A54FD8-DFA8-401A-A9B0-2F0B6B2F2278,2015-04-15 16:33:33.077
295,293,kim2@adventure-works.com,B40F314D-CD64-4163-A2BA-E5D5AC733D79,2015-04-15 16:33:33.077
297,294,humberto0@adventure-works.com,168D273F-5210-4CE0-9003-190BF5422A9E,2015-04-15 16:33:33.090
299,295,pilar1@adventure-works.com,F41C05FC-8A7D-4381-BC8A-B04E223647C8,2015-04-15 16:33:33.090
301,296,frances0@adventure-works.com,764BCD33-B3E9-45D7-985D-7D508AA60D00,2015-04-15 16:33:33.090
303,297,margaret0@adventure-works.com,0B9145FF-327B-4CD5-A040-FA91D398E251,2015-04-15 16:33:33.107
305,298,carla0@adventure-works.com,E807F68A-A285-4BF8-84CD-69639FE14D3E,2015-04-15 16:33:33.107
307,299,jay1@adventure-works.com,5F0AEE9C-1A11-4D24-9066-017E6FA5CD96,2015-04-15 16:33:33.123
309,300,ronald0@adventure-works.com,5F14A004-61C3-42AA-9A31-046803779B7C,2015-04-15 16:33:33.123
311,301,samuel0@adventure-works.com,0DAEFD9C-782B-45C4-A3D6-8D0FCA1F6EB9,2011-08-01 00:00:00.000
313,302,james2@adventure-works.com,32ED170B-1D61-46F6-B2E4-F7C7B8F83771,2013-06-30 00:00:00.000
315,303,robert1@adventure-works.com,6A23704A-16B9-4E8E-8257-227C32C54166,2013-07-31 00:00:00.000
317,304,françois1@adventure-works.com,E7DBCBC2-F2B0-45EB-83CF-04C96D9E965B,2011-05-31 00:00:00.000
319,305,kim3@adventure-works.com,2E919F9C-0B8E-4DB7-B21F-AE2397604F44,2011-08-01 00:00:00.000
321,306,lili0@adventure-works.com,D147E241-695A-45BD-92E1-B8686EEF27B7,2012-07-31 00:00:00.000
323,307,amy1@adventure-works.com,D792455F-A6A4-4B58-B310-14E2B29FC490,2012-07-31 00:00:00.000
325,308,anna0@adventure-works.com,7AAE40C8-C13F-4E7C-B10E-9E16DC733CE3,2012-05-30 00:00:00.000
327,309,milton0@adventure-works.com,33803334-8C8C-40B1-9051-D4387589B0A9,2013-07-31 00:00:00.000
329,310,paul2@adventure-works.com,3915ABC3-47E2-4047-881C-1510DEB699DD,2013-05-30 00:00:00.000
331,311,gregory0@adventure-works.com,96168EBF-90C4-4922-9EED-6415DBEACB33,2012-06-30 00:00:00.000
333,312,jphillip0@adventure-works.com,8DAC0525-A30F-45E4-AF3B-22C83CF35AD2,2011-08-01 00:00:00.000
335,313,michelle0@adventure-works.com,29FBF24B-63B4-4731-BB17-537DE720BB61,2013-03-30 00:00:00.000
337,314,sean2@adventure-works.com,D65B2E5F-6567-47F7-AC21-4163D7AC1C7C,2013-06-30 00:00:00.000
339,315,phyllis0@adventure-works.com,88AC18A8-C662-480A-B24B-B52B64A8F2DE,2011-07-01 00:00:00.000
341,316,marvin0@adventure-works.com,CAA48DE1-5D59-4D98-B2B6-5AE08366ED9E,2011-10-31 00:00:00.000
343,317,michael10@adventure-works.com,523AD194-A667-4644-AFDA-7EAD19A435D7,2011-07-01 00:00:00.000
345,318,cecil0@adventure-works.com,74B366D6-481F-465D-8FDC-FB53D7DAAA8D,2011-07-01 00:00:00.000
347,319,oscar0@adventure-works.com,4BC67C56-116B-4F4A-B32C-0F4C2BC629B3,2011-07-01 00:00:00.000
349,320,sandra1@adventure-works.com,4BD80462-0E07-4D68-B805-338245A2BE9E,2013-07-31 00:00:00.000
351,321,selena0@adventure-works.com,74DD8D80-E47F-4CDB-A18D-97B54F77C926,2012-06-30 00:00:00.000
353,322,emilio0@adventure-works.com,10ADA530-92A6-4680-8D65-9D8B15533FA1,2013-07-31 00:00:00.000
355,323,maxwell0@adventure-works.com,84CAF920-8EA9-4208-9552-637404550F97,2011-07-01 00:00:00.000
357,324,mae0@adventure-works.com,3A9B8251-A882-4392-B106-73530EACE591,2013-06-30 00:00:00.000
359,325,ramona0@adventure-works.com,76B080B5-9147-4073-8489-83DBC1FA5523,2013-06-30 00:00:00.000
361,326,sabria0@adventure-works.com,4F871DEB-A31C-4292-9F48-A31F70D1A5E4,2011-08-01 00:00:00.000
363,327,hannah0@adventure-works.com,1494E1E1-65A0-4710-9A78-71DD94C6F918,2013-06-30 00:00:00.000
365,328,kyley0@adventure-works.com,6E691A1B-96E4-46FB-A773-614F311D478F,2012-05-30 00:00:00.000
367,329,tom1@adventure-works.com,E3A8667B-6F24-4313-920A-33DFD62239D7,2011-07-01 00:00:00.000
369,330,thomas1@adventure-works.com,252EC815-2CBF-4106-9106-9A4E082EC724,2011-07-01 00:00:00.000
371,331,john6@adventure-works.com,DB7CCD97-C4DD-4604-82F7-7B42219270BB,2011-07-01 00:00:00.000
373,332,chris3@adventure-works.com,DC055F41-D928-4B72-92B0-384E13DE858F,2013-06-30 00:00:00.000
375,333,teresa0@adventure-works.com,586BA8AD-063C-4F5C-A675-059909A95387,2011-08-01 00:00:00.000
377,334,john7@adventure-works.com,71EDBDB2-B11D-46E9-97C2-1A6B42A19E91,2013-06-30 00:00:00.000
379,335,robert2@adventure-works.com,5CF83863-7E84-4160-896A-E599F3239FE4,2013-07-31 00:00:00.000
381,336,stephen1@adventure-works.com,94191E08-8713-4406-836C-3E5A5842CFA7,2012-07-31 00:00:00.000
383,337,phillip0@adventure-works.com,7BB0C5A3-6B37-4672-B208-CA47B4530272,2013-07-31 00:00:00.000
385,338,daniel0@adventure-works.com,59827BC8-1740-4259-BCC7-049A6D28BE53,2012-07-31 00:00:00.000
387,339,cory0@adventure-works.com,EB4DE0C4-464F-4192-A8B5-EB5DE915B1C5,2011-10-31 00:00:00.000
389,340,james3@adventure-works.com,B97246AF-513F-493A-AC0F-CBB9A0CE490A,2012-08-30 00:00:00.000
391,341,douglas1@adventure-works.com,EBDC3445-54A8-4626-B921-7FAA37D100DA,2011-05-31 00:00:00.000
393,342,jennifer0@adventure-works.com,E817927A-FFED-43E4-8B6F-CDD6AE9EA124,2013-07-31 00:00:00.000
395,343,alberto0@adventure-works.com,1DAA5890-58DF-4DA9-9071-A40188E79BAF,2011-08-01 00:00:00.000
397,344,wayne0@adventure-works.com,0F6742F3-752D-43CB-9746-272DCF3B6CEC,2012-07-31 00:00:00.000
399,345,darrell0@adventure-works.com,B5C6A097-F895-49ED-BB79-10322EC4CF94,2011-08-01 00:00:00.000
401,346,angela1@adventure-works.com,B1F024E3-F9D9-4ACD-803B-FFAEF2655AC2,2012-05-30 00:00:00.000
403,347,david9@adventure-works.com,3A1DB6D9-44FC-4822-A1E7-EAB3AE7D5B29,2012-06-30 00:00:00.000
405,348,robert3@adventure-works.com,B693D948-5521-4F66-90EE-02766CB87ED9,2012-10-30 00:00:00.000
407,349,rebecca1@adventure-works.com,6ACDF9E8-3DAF-4A47-97C6-3407A00A7979,2013-07-31 00:00:00.000
409,350,brenda1@adventure-works.com,CD418690-5276-4A56-9016-9BF32F1F71FF,2013-06-30 00:00:00.000
411,351,josh0@adventure-works.com,4D99BDC6-BFE6-40BA-9CFC-00D866D67693,2011-07-01 00:00:00.000
413,352,adam0@adventure-works.com,C9EC82CF-300A-4256-AD0D-598439895A3C,2012-06-30 00:00:00.000
415,353,norma0@adventure-works.com,16E0EFD8-4AFA-4C7B-AB9B-D35E2AC03A57,2012-05-30 00:00:00.000
417,354,gytis0@adventure-works.com,90A3CD48-AD92-41A1-8EDD-578EACFD4675,2011-10-01 00:00:00.000
419,355,david10@adventure-works.com,91CF2122-ACAF-471D-BD56-0A8A9C7F95E5,2013-06-30 00:00:00.000
421,356,karel0@adventure-works.com,B9580626-73B7-4EC5-B519-7EF0EAF4243A,2012-06-30 00:00:00.000
423,357,ciro0@adventure-works.com,6940FBDC-8D53-48C6-8A59-FB6A8237624F,2012-06-30 00:00:00.000
425,358,glenna0@adventure-works.com,CAAC763C-D628-489F-8410-32C90A5CF2C9,2013-06-30 00:00:00.000
427,359,shaun0@adventure-works.com,C70C41DE-71A5-4582-A1FE-824CEB67543F,2012-06-30 00:00:00.000
429,360,john8@adventure-works.com,A6A56A90-AE6A-43EE-9904-C66EEB0D515B,2013-02-28 00:00:00.000
431,361,christopher1@adventure-works.com,C8388B26-AD5F-49F5-B70E-1C285C0E6F43,2012-07-31 00:00:00.000
433,362,bradley0@adventure-works.com,EDD978FC-009A-4235-9147-A57DF5912FBF,2012-06-30 00:00:00.000
435,363,benjamin1@adventure-works.com,B2BEA3AB-C27A-4BD1-8605-83B773742973,2013-06-30 00:00:00.000
437,364,ann0@adventure-works.com,2C28F02F-D685-438D-8AB9-3F388B768CE1,2011-07-01 00:00:00.000
439,365,shane1@adventure-works.com,43A1771C-4EDC-4B8F-AF13-783AFD569769,2011-05-31 00:00:00.000
441,366,stanley0@adventure-works.com,4D2270BE-A36E-452E-A7F2-BE1D16A71E68,2013-07-31 00:00:00.000
443,367,mason0@adventure-works.com,DFA3C226-CF4A-4A8A-8093-C1A9D7D28DB8,2013-07-31 00:00:00.000
445,368,john9@adventure-works.com,62C7004E-ECB6-4DEA-B4C6-630AF21D5755,2013-07-31 00:00:00.000
447,369,ido0@adventure-works.com,81059272-5988-4921-BB5E-DAD5580F8DF4,2011-05-31 00:00:00.000
449,370,edna0@adventure-works.com,4940CA16-7D57-41E5-9E25-411E4C1F7D05,2013-07-31 00:00:00.000
451,371,payton0@adventure-works.com,11944916-57C3-4484-A645-CEF9BB09C6BC,2011-10-01 00:00:00.000
453,372,max0@adventure-works.com,DD83853D-19A0-4A20-A5B7-707EEB14FB4A,2011-10-01 00:00:00.000
455,373,scot0@adventure-works.com,DE92A489-712F-4D53-B506-04F26FA29B81,2013-06-30 00:00:00.000
457,374,richard0@adventure-works.com,FE09DA8B-3599-440D-A568-DED3382AFEF2,2013-03-30 00:00:00.000
459,375,marian0@adventure-works.com,8C9EDC56-A4F5-4878-9611-7959CB4DB677,2011-07-01 00:00:00.000
461,376,karen2@adventure-works.com,CC5141EC-75E6-48E5-B1D1-45511F9DFADC,2012-05-30 00:00:00.000
463,377,alexander0@adventure-works.com,169A4D0C-1636-4B2A-9116-13B3922FDF0F,2013-07-31 00:00:00.000
465,378,john10@adventure-works.com,AD900E50-2385-451F-94A7-C940034E97F3,2011-07-01 00:00:00.000
467,379,kris0@adventure-works.com,4767E211-E183-49FD-8F4F-3175CEB7F658,2013-05-30 00:00:00.000
469,380,andreas1@adventure-works.com,ECFBA9E6-D95E-4605-8F76-09F325E92C25,2011-07-01 00:00:00.000
471,381,robert4@adventure-works.com,90FF79C6-183A-49BA-BCAD-5F561D4AE8D8,2012-07-31 00:00:00.000
473,382,matthias1@adventure-works.com,01840C91-38BC-4C99-BFDF-083120F4767B,2012-06-30 00:00:00.000
475,383,john11@adventure-works.com,BCBDF892-8CDC-4358-905F-541FCED5C5F2,2013-06-30 00:00:00.000
477,384,steven1@adventure-works.com,1A85AF95-5B5F-4FD0-A747-6F61489FC042,2011-08-01 00:00:00.000
479,385,chris4@adventure-works.com,B81A0F25-1BC6-4DA0-844A-B0C1D9942E1D,2013-07-31 00:00:00.000
481,386,mary3@adventure-works.com,0680584C-CB59-496C-A070-AA0B029A7136,2013-06-30 00:00:00.000
483,387,jimmy1@adventure-works.com,0A4DA8E4-7562-4529-8A9C-BC4EEE4E1208,2011-05-31 00:00:00.000
485,388,mary4@adventure-works.com,755362C6-0BB9-4782-B0FB-DF81E2754B8C,2011-05-31 00:00:00.000
487,389,mae1@adventure-works.com,7F510083-9DC0-438E-8047-9C45E12877A9,2011-05-31 00:00:00.000
489,390,jackie0@adventure-works.com,CDD5A4F6-E001-45FE-B178-DB1AC8DA5431,2013-06-30 00:00:00.000
491,391,donald0@adventure-works.com,AEF8F143-3F35-4587-ACA2-C45CEB814155,2012-07-31 00:00:00.000
493,392,linda4@adventure-works.com,546AF234-5160-48A2-AAC9-AC3B44D468D9,2011-07-01 00:00:00.000
495,393,michael11@adventure-works.com,F0E4FF0C-C741-44EF-91AC-297C92424F4E,2011-05-31 00:00:00.000
497,394,gabriel0@adventure-works.com,30112CC7-23F0-44E4-94B0-E6D8A9CD9D25,2011-07-01 00:00:00.000
499,395,michael12@adventure-works.com,FADF17A1-3D46-4BB0-BBDE-4CC4010AC700,2011-08-01 00:00:00.000
501,396,corinna0@adventure-works.com,5F4BD85E-5BD1-4D07-A467-ABB5D7315ADF,2013-07-31 00:00:00.000
503,397,luis0@adventure-works.com,1A4C9AA1-98CA-4DEC-B5F9-2F29989E46D1,2012-07-31 00:00:00.000
505,398,randall0@adventure-works.com,D9334E86-B1BA-4D86-B906-EE5A5DD65AC5,2012-07-31 00:00:00.000
507,399,stephanie1@adventure-works.com,15036426-09B4-45F2-B74A-B6F22151BCDC,2013-06-30 00:00:00.000
509,400,eli0@adventure-works.com,6629C7B2-BB6E-43C8-8940-6340A0D00AFD,2012-07-31 00:00:00.000
511,401,lester0@adventure-works.com,D88F358C-06E3-4740-BC2B-C2907B3E704E,2011-08-01 00:00:00.000
513,402,david11@adventure-works.com,72363CAA-C30E-40FF-B533-307C9E01DC91,2013-08-30 00:00:00.000
515,403,cornelius0@adventure-works.com,B83AEF72-60D1-4AE6-A505-64153C4155C9,2012-07-31 00:00:00.000
517,404,richard1@adventure-works.com,1FE1166E-FFCE-44D3-84E3-8DDB691D04A2,2011-05-31 00:00:00.000
519,405,sara0@adventure-works.com,969EC8FF-F253-4CC7-BD4A-048902989B4C,2011-08-01 00:00:00.000
521,406,ted0@adventure-works.com,FD107FF1-5C1E-415A-AA23-C09BA9BE6150,2011-07-01 00:00:00.000
523,407,alan1@adventure-works.com,ACE189FD-D306-42E4-A54B-905083BCEF75,2011-10-01 00:00:00.000
525,408,walter0@adventure-works.com,27C32C8C-0CF4-4341-8C47-6CD096CC7863,2012-07-31 00:00:00.000
527,409,christopher2@adventure-works.com,9ADEC703-28FB-429C-A31C-8BBB4D032733,2011-10-01 00:00:00.000
529,410,carol1@adventure-works.com,E8B13CE7-A34A-4F1F-A2CF-3116B68F07DF,2013-06-30 00:00:00.000
531,411,david12@adventure-works.com,36A5E748-2014-4C06-806C-DC40AD3822D6,2013-06-30 00:00:00.000
533,412,john12@adventure-works.com,80085EBD-FED2-4726-8ADF-8256294BF052,2012-05-30 00:00:00.000
535,413,willie0@adventure-works.com,65F9EA12-DFC5-4C75-AA95-63E18BD0DEB3,2011-10-01 00:00:00.000
537,414,carolee0@adventure-works.com,8233A877-D457-4F17-8EAC-3172733767A1,2013-05-30 00:00:00.000
539,415,jo2@adventure-works.com,4D76BE0E-2C22-4359-A8BC-FE874A4F5D77,2012-06-30 00:00:00.000
541,416,robert5@adventure-works.com,958EACE7-32FD-4050-9B44-3435A0D77709,2013-05-30 00:00:00.000
543,417,kevin3@adventure-works.com,2CDB04D4-FD40-47B8-9755-41CD38EA4C85,2011-08-01 00:00:00.000
545,418,mary5@adventure-works.com,7341F680-EA12-4832-9C12-AC40158B6EA0,2012-06-30 00:00:00.000
547,419,dave0@adventure-works.com,6778E67D-4CCA-4456-8A61-5EF26D7B665E,2012-05-30 00:00:00.000
549,420,bridget0@adventure-works.com,DE3ABAAF-05C9-4717-8285-48D9C1599D4F,2013-05-30 00:00:00.000
551,421,eric3@adventure-works.com,23801C83-BA3F-4683-A11F-296A6F208F29,2011-05-31 00:00:00.000
553,422,dick0@adventure-works.com,FFF11050-C770-4AC5-B638-4FCA1350A0B7,2013-06-30 00:00:00.000
555,423,michael13@adventure-works.com,69DE9C94-7D4E-449A-A354-2C3C2254C410,2012-06-30 00:00:00.000
557,424,shirley0@adventure-works.com,BE79D338-8D00-4D68-A54B-6C8DAC8AA6AB,2012-05-30 00:00:00.000
559,425,june0@adventure-works.com,3107E856-52D8-4422-8432-B3ACDE30E447,2012-07-31 00:00:00.000
561,426,dirk0@adventure-works.com,4EFE8878-48B8-477C-B5EF-28D7288BA4E1,2012-06-30 00:00:00.000
563,427,nancy1@adventure-works.com,0079A4A6-FAD9-4EB4-B032-A9DB9A233E63,2013-05-30 00:00:00.000
565,428,janainabarreirogambaro0@adventure-works.com,0B1F5256-54E8-45DA-B1CB-00B12268FEF3,2013-07-31 00:00:00.000
567,429,edward0@adventure-works.com,C1C85558-0D1B-4561-902A-B189EDA970A5,2012-05-30 00:00:00.000
569,430,megan0@adventure-works.com,8DC03E92-10D7-4567-B36F-83C2512FC01F,2012-05-30 00:00:00.000
571,431,ingrid0@adventure-works.com,0961CB20-1F87-40DD-A77C-EF08CB6A6ACC,2011-07-01 00:00:00.000
573,432,karren0@adventure-works.com,AD52FC38-84FE-402F-BEF3-30D0F4435DE4,2011-05-31 00:00:00.000
575,433,ovidiu1@adventure-works.com,844B43E0-0DE3-4D64-85E5-0E58C8C5F661,2012-07-31 00:00:00.000
577,434,dana0@adventure-works.com,99BBCA94-5E2A-473A-992D-4D73CB45FFD6,2013-07-31 00:00:00.000
579,435,timothy0@adventure-works.com,620A0819-4D12-404B-BF3D-8C90E8DAFB4D,2013-06-30 00:00:00.000
581,436,stephen2@adventure-works.com,EAC0FDB5-3DF1-48A3-90C2-736D7D2449B2,2013-06-30 00:00:00.000
583,437,deanna0@adventure-works.com,2B1BD62A-77C7-4B5A-BABE-C0A3F23B5E3C,2011-05-31 00:00:00.000
585,438,jared0@adventure-works.com,2FC78842-BB15-4327-96A8-3F91A9829B9D,2011-10-01 00:00:00.000
587,439,richard2@adventure-works.com,F87F2598-4920-4B81-90C7-A1FD53D12335,2013-07-31 00:00:00.000
589,440,david13@adventure-works.com,5B5DFCA3-321A-4ECA-A038-05AE872305AC,2012-05-30 00:00:00.000
591,441,ryan1@adventure-works.com,BB6C62F2-0AE4-4409-BB2C-E84156E5AB1D,2011-05-31 00:00:00.000
593,442,sylvia0@adventure-works.com,830E93E1-BCC1-4270-92F7-FE2EB35529EC,2012-09-30 00:00:00.000
595,443,mari0@adventure-works.com,711DC5C4-CF8E-41CA-AFF8-C2A2C3C8950E,2013-06-30 00:00:00.000
597,444,barbara2@adventure-works.com,7E6434B1-66D9-4EBE-B418-199C9506AF18,2012-06-30 00:00:00.000
599,445,lindsey0@adventure-works.com,F4CB1F35-C9C4-429A-A878-D4EF71A7FC00,2011-07-01 00:00:00.000
601,446,gustavo1@adventure-works.com,66BF78E5-B304-419C-84A5-886C2989C722,2012-06-30 00:00:00.000
603,447,deedee0@adventure-works.com,DD816E2B-CFE7-40B5-B036-FD3C0C24FD72,2012-06-30 00:00:00.000
605,448,deborah1@adventure-works.com,931A04FE-B87C-41A5-894C-E5012C046834,2012-05-30 00:00:00.000
607,449,joan0@adventure-works.com,3B70F538-9195-4B0F-9F33-50DE0694851E,2011-07-01 00:00:00.000
609,450,david14@adventure-works.com,B8860DE9-12E7-4D78-8B38-C463C48BE700,2012-09-30 00:00:00.000
611,451,henry0@adventure-works.com,69BA6E9D-F695-4806-BB78-C09BBA1FDCCE,2011-08-01 00:00:00.000
613,452,chris5@adventure-works.com,6F96BC4E-E9CD-4E60-8080-75B7FEF7F7AC,2013-05-30 00:00:00.000
615,453,joseph0@adventure-works.com,00883320-545C-4B1D-AFC2-04F420B7CCAB,2011-07-01 00:00:00.000
617,454,suzanadeabreu0@adventure-works.com,441D353D-65CA-4F84-A14E-88A8C5CB7F94,2013-07-31 00:00:00.000
619,455,jun1@adventure-works.com,D388A2ED-5A8C-4DFD-B903-2441499CA895,2012-09-30 00:00:00.000
621,456,johnny0@adventure-works.com,E86834ED-C0F2-4DEB-B2C7-38F789AD965C,2012-06-30 00:00:00.000
623,457,richard3@adventure-works.com,ED8ACE20-E4EF-4D34-A906-95D51A2E6CC0,2013-07-31 00:00:00.000
625,458,carlton0@adventure-works.com,6E8A7358-FC7B-4A3B-A9E8-5D1F3ED32ABE,2013-07-31 00:00:00.000
627,459,tyloren0@adventure-works.com,A9EF5036-C6CF-4AD5-BF20-7EC49F9390D7,2012-06-30 00:00:00.000
629,460,jane0@adventure-works.com,9E0A4630-E9CD-417B-BA23-04200CE0DBC1,2013-05-30 00:00:00.000
631,461,jovita0@adventure-works.com,13C078B7-2E80-43B6-B82F-D35BE4B37681,2011-08-01 00:00:00.000
633,462,steve1@adventure-works.com,2FDEBCC9-90D4-4B71-A44A-31D8EC36D6E7,2012-06-30 00:00:00.000
635,463,fernando0@adventure-works.com,D4CF5445-963B-4F4B-B2BA-41E2D79F854D,2013-05-30 00:00:00.000
637,464,rob2@adventure-works.com,7312EA32-D192-40D3-928E-CA29600B19BC,2012-07-31 00:00:00.000
639,465,andy1@adventure-works.com,B9AAB182-F608-4E34-840C-E7CAC5949F26,2012-05-30 00:00:00.000
641,466,donna0@adventure-works.com,5191D2CA-DAA9-4328-87B9-C43005EB7410,2011-08-01 00:00:00.000
643,467,rosmarie0@adventure-works.com,95414A0A-43C9-4D9E-9E7F-4FC20821001D,2013-07-31 00:00:00.000
645,468,matthew0@adventure-works.com,9C578E02-88A5-45DB-AD68-8CDB6E60D3AD,2012-06-30 00:00:00.000
647,469,joseph1@adventure-works.com,00613AFF-E8D3-4DA2-A83E-9F118D1D9189,2011-08-01 00:00:00.000
649,470,pamela1@adventure-works.com,65CDDD00-22F7-4A42-A887-9C4CD7D4AE96,2012-06-30 00:00:00.000
651,471,raul0@adventure-works.com,05A578E2-31DB-401E-9F96-FEFC65A87EFE,2013-05-30 00:00:00.000
653,472,elizabeth1@adventure-works.com,7414A0B8-0BB9-4325-B138-8166E5260632,2011-08-01 00:00:00.000
655,473,matthew1@adventure-works.com,FC79F408-8CEF-43D1-A010-EA0ED7ED5F50,2013-06-30 00:00:00.000
657,474,brigid0@adventure-works.com,EF5467AC-7915-4A1D-B062-448FFF3230F4,2012-07-31 00:00:00.000
659,475,andrew2@adventure-works.com,C88ABEB8-1CD8-47DB-8B7F-185DE12949CC,2013-07-31 00:00:00.000
661,476,stacey0@adventure-works.com,70D5201A-C170-4CBF-8497-E1997CC9E9EF,2011-05-31 00:00:00.000
663,477,baris1@adventure-works.com,81710B3B-0D8D-4E78-B3E1-75AEB11413FF,2012-05-30 00:00:00.000
665,478,sean3@adventure-works.com,CF5C9AB9-A699-4EAD-8130-84F7A62761D2,2013-05-30 00:00:00.000
667,479,pat1@adventure-works.com,B688A9AC-425C-49AB-9D40-9ACE802A309C,2011-08-01 00:00:00.000
669,480,forrest0@adventure-works.com,AED77E2E-9A0C-4F3C-92D0-B177C2E0DE7C,2013-05-30 00:00:00.000
671,481,lee0@adventure-works.com,27637514-6A45-464E-8B0D-F530E870E79E,2011-08-01 00:00:00.000
673,482,greg1@adventure-works.com,31525220-8967-4DDF-9331-3A4C471E26E4,2012-05-30 00:00:00.000
675,483,neil0@adventure-works.com,CB249B5E-815F-468A-9AED-4181F463CE7F,2013-07-31 00:00:00.000
677,484,hao1@adventure-works.com,47266BD0-1A0A-4169-87DC-8739C1A6DA8B,2011-07-01 00:00:00.000
679,485,john13@adventure-works.com,CDAE40B3-F181-4BE2-8F08-F7A8D19CD26E,2011-08-01 00:00:00.000
681,486,pei0@adventure-works.com,07E285F3-1734-4402-A163-AB6249052164,2013-07-31 00:00:00.000
683,487,yao-qiang0@adventure-works.com,CA26875A-C30B-49B9-8F60-7D051ADE4954,2012-05-30 00:00:00.000
685,488,nicky0@adventure-works.com,31215CFA-808C-4759-A804-F90CA6F7DBE4,2011-08-01 00:00:00.000
687,489,susan2@adventure-works.com,8C584907-8D35-46F6-9FF4-DE69BDE89F2B,2013-05-30 00:00:00.000
689,490,martin0@adventure-works.com,A5AD899A-D370-4DC2-8889-EF7DA4332C26,2013-06-30 00:00:00.000
691,491,mike1@adventure-works.com,31731A93-701F-40B9-8F55-FE4444DA7A78,2012-05-30 00:00:00.000
693,492,ruth1@adventure-works.com,3EA09518-0882-45AA-8B74-96495CF2F50F,2011-08-01 00:00:00.000
695,493,anthony0@adventure-works.com,D9425037-08DE-4289-AA00-42C335918C2B,2013-07-31 00:00:00.000
697,494,charles1@adventure-works.com,FE6F3478-69F8-447A-A7C3-2653CC620189,2011-05-31 00:00:00.000
699,495,jill1@adventure-works.com,20865451-45F1-4C0E-A376-F73699D6E81A,2012-06-30 00:00:00.000
701,496,alice1@adventure-works.com,C3FEDCAE-F9B7-4AF4-BADF-B1DC6E9A4E0E,2012-07-31 00:00:00.000
703,497,gina0@adventure-works.com,6F865B9D-0A71-499E-86ED-F0F54708C4CC,2011-07-01 00:00:00.000
705,498,james4@adventure-works.com,8A4FF534-10DF-41B7-A20B-BED60578EFAC,2013-06-30 00:00:00.000
707,499,jane1@adventure-works.com,FA30EE2D-1321-47EA-8695-4278DB59F339,2013-06-30 00:00:00.000
709,500,kristine0@adventure-works.com,0C5F176A-27D4-4142-AD39-1ED64232C72C,2012-06-30 00:00:00.000
711,501,teanna0@adventure-works.com,569B0B14-DF2E-4172-8B50-68B827A91888,2013-06-30 00:00:00.000
713,502,connie0@adventure-works.com,6E399F18-F61C-4454-B55C-E1499A100624,2011-10-01 00:00:00.000
715,503,jeanette0@adventure-works.com,03824C0B-87B8-4FC5-93C4-B7402FB494E3,2011-10-31 00:00:00.000
717,504,eric4@adventure-works.com,092645E2-34A4-4652-996D-A725B35684A8,2013-05-30 00:00:00.000
719,505,pat2@adventure-works.com,1523FFAC-477C-448A-A182-75EC1CFA4A50,2013-05-30 00:00:00.000
721,506,takiko0@adventure-works.com,AF29A1A5-298C-497E-B8D7-6E7C8DD36D45,2011-05-31 00:00:00.000
723,507,john14@adventure-works.com,2D4BC293-7111-453E-95CE-0522C3C02C0B,2011-08-01 00:00:00.000
725,508,scott1@adventure-works.com,420CCED7-3E45-462F-8618-6CC6F6D0F79C,2011-10-31 00:00:00.000
727,509,aaron0@adventure-works.com,6A6E9137-EEAC-4357-9456-3232AD3AE4D2,2011-07-01 00:00:00.000
729,510,peter2@adventure-works.com,DFE44A6C-05CA-4374-AB71-564DB6965A0D,2013-07-31 00:00:00.000
731,511,william1@adventure-works.com,51141150-2FA1-4109-85C0-D8CC8094B813,2012-06-30 00:00:00.000
733,512,stephanie2@adventure-works.com,BDD1768E-F65A-43C7-962E-F8D0E36C8F96,2012-07-31 00:00:00.000
735,513,amy2@adventure-works.com,C7F630E4-4471-4B8B-BDC1-F558ADB0A034,2013-05-30 00:00:00.000
737,514,dorothy0@adventure-works.com,D6DB8AB7-496D-4804-A9EC-F148A56813D2,2011-07-01 00:00:00.000
739,515,patrick2@adventure-works.com,E5F94A8A-BD9A-4B67-B7D3-886D8C5B85E2,2011-08-01 00:00:00.000
741,516,scott2@adventure-works.com,8D77ED5E-0EC0-484E-8B00-E01572EB0057,2011-08-31 00:00:00.000
743,517,eva0@adventure-works.com,657AE070-3549-4AFA-A054-12D88060F908,2012-05-30 00:00:00.000
745,518,marlin0@adventure-works.com,56592B96-047F-4BA6-A4AD-CB2DA2FD3459,2012-06-30 00:00:00.000
747,519,ryan2@adventure-works.com,3927A094-F872-46B3-997B-6C80026CD84E,2013-07-31 00:00:00.000
749,520,bruno0@adventure-works.com,F659A02E-7F8C-4D10-99D8-9A5FCDA79E29,2011-07-01 00:00:00.000
751,521,pamela2@adventure-works.com,87EABF21-EF34-4A68-9647-2C014C133BCF,2011-08-01 00:00:00.000
753,522,jack2@adventure-works.com,1BC39E48-FD9A-42B7-824D-A9EF14659792,2011-08-01 00:00:00.000
755,523,sharon1@adventure-works.com,0C2FDB99-EC44-48DD-9E85-2A5D4EBC7AE5,2013-06-30 00:00:00.000
757,524,shelley1@adventure-works.com,CE8F6FC3-91C4-4FF7-906D-7191964E093B,2013-07-31 00:00:00.000
759,525,grant1@adventure-works.com,5CC17140-78BC-4F34-9746-D76F536E2F48,2011-07-01 00:00:00.000
761,526,scott3@adventure-works.com,4050C06B-5B2F-4291-BCAA-E67E30519EFB,2012-05-30 00:00:00.000
763,527,conor0@adventure-works.com,86708706-8382-44FF-8607-CF0D349950AF,2011-08-01 00:00:00.000
765,528,jose2@adventure-works.com,66D45807-6F04-4B87-9E7F-CA8F381BB8E2,2012-06-30 00:00:00.000
767,529,thierry1@adventure-works.com,6CFCA890-CD16-4614-AEE2-FBB1A686B48D,2012-05-30 00:00:00.000
769,530,ryan3@adventure-works.com,B616AC71-006E-491C-AE26-3377F93B6491,2013-05-30 00:00:00.000
771,531,mike2@adventure-works.com,C6BD656B-3031-4632-AD60-16935AC27FAF,2013-05-30 00:00:00.000
773,532,megan1@adventure-works.com,F32021B4-7217-4FFA-810E-5336DCDA3AEE,2013-07-31 00:00:00.000
775,533,alvaro0@adventure-works.com,51492AB9-854E-42C2-9158-F1C7B01EB5ED,2012-07-31 00:00:00.000
777,534,jose3@adventure-works.com,5B68B7E5-9900-4BD6-9052-7560D1D3E448,2012-04-30 00:00:00.000
779,535,jacob0@adventure-works.com,87B9914A-17F8-4400-8669-DAAB6D4A00FD,2011-07-01 00:00:00.000
781,536,alexander1@adventure-works.com,D1B89D58-7507-4974-8514-500EA75EF0CC,2012-06-30 00:00:00.000
783,537,barbara3@adventure-works.com,9E12F0BA-3EAF-456B-B275-B41FF5BE39D6,2013-07-31 00:00:00.000
785,538,kirk1@adventure-works.com,9DBCF4D2-6FE1-4346-9606-CC53DC2AE5A6,2012-07-31 00:00:00.000
787,539,aidan0@adventure-works.com,05A9EF1A-C69F-46CF-B8F1-9EE64BDD532C,2011-08-01 00:00:00.000
789,540,stefan0@adventure-works.com,DE72FA89-8B93-4744-9DFB-1CC720428B16,2011-07-01 00:00:00.000
791,541,shawn0@adventure-works.com,15355F8F-25AC-41D0-8C61-D17B1429463C,2012-05-30 00:00:00.000
793,542,della0@adventure-works.com,803760C1-A898-46E2-984D-88539A80BDE3,2011-07-01 00:00:00.000
795,543,bruno1@adventure-works.com,4A1AE780-DC97-4473-A85E-DC2839E069B3,2013-06-30 00:00:00.000
797,544,helen0@adventure-works.com,50DC0208-334A-4BF8-96B5-47A47EE9CCDC,2012-07-31 00:00:00.000
799,545,prashanth0@adventure-works.com,6B9EA1C2-B224-420A-AFD0-7E00DBAE8138,2011-08-01 00:00:00.000
801,546,bev0@adventure-works.com,561B0FF5-3634-4AC6-AE8E-21556F39504C,2012-07-31 00:00:00.000
803,547,brenda2@adventure-works.com,76EF71BE-93F7-478A-B570-A8C5F01479BE,2011-08-01 00:00:00.000
805,548,gabriele0@adventure-works.com,C1619D1F-8E4F-4CDD-8D6F-E4C4A5FCEE43,2011-08-01 00:00:00.000
807,549,holly0@adventure-works.com,6C292D65-ADB1-431F-A4E5-169A8C1F2CBD,2012-06-30 00:00:00.000
809,550,dick1@adventure-works.com,A10C24B8-E211-4600-8EBB-79D37B352A85,2013-06-30 00:00:00.000
811,551,rudolph0@adventure-works.com,14711F3C-207B-4D54-945D-861E2E95725F,2011-08-01 00:00:00.000
813,552,andrew3@adventure-works.com,C42602A5-5C86-4B8D-B91A-87B1237D9CE6,2011-08-01 00:00:00.000
815,553,blaine0@adventure-works.com,BA4C4783-4971-432A-8D47-52C7C032B1FC,2011-07-01 00:00:00.000
817,554,cindy0@adventure-works.com,22D09AC8-6A0C-4DAF-B676-7C12AE8AEE4A,2011-07-01 00:00:00.000
819,555,john15@adventure-works.com,2056F614-FF99-4D70-8BAD-7FA60F9C5A9C,2011-05-31 00:00:00.000
821,556,patricia0@adventure-works.com,2286B913-D4A9-4200-84AF-0CDC8909053A,2012-09-30 00:00:00.000
823,557,gerald0@adventure-works.com,3C3C474F-0632-471C-8A63-A6EB00579453,2013-07-31 00:00:00.000
825,558,gary2@adventure-works.com,74E9B93D-9D6D-4BFF-9847-0F8EBD33C6A0,2011-08-01 00:00:00.000
827,559,reuben1@adventure-works.com,A4E45EDF-D67F-4DA6-BBB9-A8813CB14E42,2011-08-01 00:00:00.000
829,560,ed1@adventure-works.com,E38768CD-68B3-45D1-8F38-E91666B26781,2013-06-30 00:00:00.000
831,561,bernard0@adventure-works.com,D0F74948-35D1-4CA3-B2BE-BDA5E190B020,2011-07-01 00:00:00.000
833,562,tish0@adventure-works.com,4119DABE-3A68-47A2-9ABE-29390B6F38B3,2013-06-30 00:00:00.000
835,563,adrian0@adventure-works.com,962D7D00-A553-4B32-A541-CA10D6202F28,2012-10-30 00:00:00.000
837,564,bart0@adventure-works.com,DE63F0E0-8BD9-480D-A17A-D3CED571DECD,2013-06-30 00:00:00.000
839,565,maciej1@adventure-works.com,F6C87F71-F234-4403-8985-BDE6D81380E8,2011-10-01 00:00:00.000
841,566,shelley2@adventure-works.com,291E5782-3C82-42C1-A3DA-FE77ECB7FF06,2014-01-29 00:00:00.000
843,567,linda5@adventure-works.com,C5BD4F4C-6F67-4C15-AF3B-C29017A3A445,2012-10-30 00:00:00.000
845,568,carla1@adventure-works.com,1AD0EBB4-E3A5-4FD9-A31D-B8E17242AF27,2011-07-01 00:00:00.000
847,569,carol2@adventure-works.com,8F184650-EDE7-4442-8C12-265D15F2B5BE,2012-06-30 00:00:00.000
849,570,shannon0@adventure-works.com,A7AAA28F-C491-40D9-8414-AD0C6A957C63,2011-08-01 00:00:00.000
851,571,jauna0@adventure-works.com,2AC1200F-33EF-463C-851A-1259A007E777,2011-05-31 00:00:00.000
853,572,michael14@adventure-works.com,4C1CAF6A-67FA-4534-B3F5-FFD12AF86717,2013-07-31 00:00:00.000
855,573,terry1@adventure-works.com,12D54873-51A9-4FE5-B6C0-37839823AB92,2013-07-31 00:00:00.000
857,574,john16@adventure-works.com,914BEA31-18F7-4FDA-BDD0-6C32BD9B1EF4,2013-05-30 00:00:00.000
859,575,gail1@adventure-works.com,88CCE23E-BF1A-410D-A311-E164B416B134,2013-07-31 00:00:00.000
861,576,mark2@adventure-works.com,5DD7A8BD-5643-4E29-962F-ABE936A000C5,2012-07-31 00:00:00.000
863,577,martha0@adventure-works.com,5F159D55-95B7-42F6-BCA2-92988A48729C,2011-08-01 00:00:00.000
865,578,julie0@adventure-works.com,D7B6071F-852F-4926-956A-6E3C1B336ECD,2012-12-31 00:00:00.000
867,579,janeth1@adventure-works.com,76372934-B9B2-465E-8040-C7BC9C29B06E,2013-07-31 00:00:00.000
869,580,twanna0@adventure-works.com,B7DF62B1-FC82-4863-A3AE-457C221AAE2C,2011-07-01 00:00:00.000
871,581,ann1@adventure-works.com,0D38D65C-BA52-4A84-8370-D22BA0B6EA9D,2012-07-31 00:00:00.000
873,582,john17@adventure-works.com,1B245137-8D4A-44F4-BED7-69C8A814B30C,2012-05-30 00:00:00.000
875,583,marc1@adventure-works.com,57C785AC-A552-4B30-8060-20D0EF510E92,2013-05-30 00:00:00.000
877,584,fadi1@adventure-works.com,276EEEB6-345D-49AA-9BD5-9634B52ECF4A,2011-08-01 00:00:00.000
879,585,carolyn0@adventure-works.com,F0A8294C-4F2F-4D1C-9B65-E878F3F50DDC,2011-05-31 00:00:00.000
881,586,geri0@adventure-works.com,919EDAAC-6A6E-4D57-8BFA-E43F1751FF71,2011-08-01 00:00:00.000
883,587,hanying1@adventure-works.com,ECC402BA-16BB-4DB5-AFC5-F4C8A3FFC755,2011-07-01 00:00:00.000
885,588,rhoda0@adventure-works.com,31CE8B2A-10CE-4E1A-BC8D-8A1A1CA77255,2012-07-31 00:00:00.000
887,589,duane0@adventure-works.com,9BD395EC-7090-4295-BCF2-E08FA05F4B8D,2013-05-30 00:00:00.000
889,590,james5@adventure-works.com,FBDCC58F-D09C-44C2-A7C7-3E5F9037BC26,2013-09-30 00:00:00.000
891,591,kathie1@adventure-works.com,B8EADFB8-DB97-432E-B89E-29DBE654A77B,2012-06-30 00:00:00.000
893,592,jay2@adventure-works.com,9A480A02-3920-4E9B-8DDD-78A95597C72B,2014-05-01 00:00:00.000
895,593,kelly0@adventure-works.com,542C280F-94A5-4F71-8550-1E7007C3DAFD,2011-08-01 00:00:00.000
897,594,jeffrey1@adventure-works.com,9CE18956-5AC4-4C26-95F3-AD8B7CBA040F,2011-10-01 00:00:00.000
899,595,garth0@adventure-works.com,112EDC7C-A165-49F5-9248-4E66A703B498,2011-07-01 00:00:00.000
901,596,dorothy1@adventure-works.com,5F4BC4F4-100F-4589-89FD-FFFA451C741F,2012-07-31 00:00:00.000
903,597,judith0@adventure-works.com,2261410A-39AB-4453-933A-9AC17B4BD815,2011-05-31 00:00:00.000
905,598,john18@adventure-works.com,F8BE3959-E878-40C4-8742-AA3D80E61E72,2013-07-31 00:00:00.000
907,599,susan3@adventure-works.com,D84BE200-2586-41E1-B936-46DE218AD308,2011-05-31 00:00:00.000
909,600,liam0@adventure-works.com,3D8788E7-F9C9-48DC-92A8-B9D6F87E3DBD,2013-07-31 00:00:00.000
911,601,mihail1@adventure-works.com,6A96CE1A-767B-4079-81E2-153DBDB5FD89,2012-07-31 00:00:00.000
913,602,john19@adventure-works.com,930AD741-6A8C-4EF2-B7A2-B2E76C9B1C73,2011-07-01 00:00:00.000
915,603,paul3@adventure-works.com,8A4AC943-56A9-46A1-A49F-42532A6BA98B,2012-06-30 00:00:00.000
917,604,don1@adventure-works.com,8B6B2A4A-0738-45BF-9995-9B555F4D6D82,2013-07-31 00:00:00.000
919,605,bob1@adventure-works.com,259FDB82-41ED-42CF-AFA5-297E75A9BB91,2012-12-31 00:00:00.000
921,606,aldeen0@adventure-works.com,CF8FA5BB-4698-4215-A7DD-E812DDD8D3C4,2013-08-30 00:00:00.000
923,607,michael15@adventure-works.com,B6556DBD-274A-410C-BB1B-22511DEFA1AC,2011-12-01 00:00:00.000
925,608,jon0@adventure-works.com,A1691F5C-E687-4A7D-933E-E43154F08D0E,2011-08-01 00:00:00.000
927,609,kathleen0@adventure-works.com,39201DCD-75AC-41A4-925E-3A77B0131309,2012-07-31 00:00:00.000
929,610,dominic0@adventure-works.com,54B52BCD-8DDB-4892-B406-DE0FC204AA3B,2012-05-30 00:00:00.000
931,611,janet1@adventure-works.com,181D5B28-2AA5-4B97-886B-1D113E98FD6D,2012-05-30 00:00:00.000
933,612,orlando0@adventure-works.com,28D90DFD-C72A-4CD4-8D15-B7EFDA8EAE85,2011-07-01 00:00:00.000
935,613,darren0@adventure-works.com,62B73F51-45B9-4C4A-A960-1BEDD0125DEC,2011-07-01 00:00:00.000
937,614,jim1@adventure-works.com,CE489F4D-BDDD-4372-B6B3-69D028FB306C,2012-07-31 00:00:00.000
939,615,barbara4@adventure-works.com,0E583F69-7F86-43DD-9402-46534CAE5BEA,2013-05-30 00:00:00.000
941,616,tom2@adventure-works.com,F22731B0-4E66-4121-ACFD-9A401C831922,2013-06-30 00:00:00.000
943,617,leo0@adventure-works.com,17FEE375-C8FD-4DB7-B1F2-91798DDB4D17,2012-05-30 00:00:00.000
945,618,cornett0@adventure-works.com,B98063B8-86D7-4F0E-B88A-000AB6C0638A,2013-06-30 00:00:00.000
947,619,frances1@adventure-works.com,A0A14B25-6BF2-45FE-9450-21786648532A,2012-06-30 00:00:00.000
949,620,guy0@adventure-works.com,5B39DCF3-3B4D-4A0B-B442-CDC2103342B7,2012-07-31 00:00:00.000
951,621,janet2@adventure-works.com,A145E4FE-ABBD-431D-B935-FA10613D4561,2012-05-30 00:00:00.000
953,622,mary6@adventure-works.com,A4F8B408-79E4-48AB-B514-E58AC6EA0442,2012-05-30 00:00:00.000
955,623,david15@adventure-works.com,7D29DFB1-6C73-4670-A3C3-42C39A098C70,2011-10-31 00:00:00.000
957,624,jeanie0@adventure-works.com,57AF4616-F580-40FC-83E9-102CD01FCF98,2012-06-30 00:00:00.000
959,625,diane3@adventure-works.com,8EC1045A-1112-4602-A1C2-5D4827F1A0B7,2011-10-01 00:00:00.000
961,626,james6@adventure-works.com,3C8FA1A8-179E-492E-BE18-B95444553FC4,2012-06-30 00:00:00.000
963,627,scott4@adventure-works.com,17297BDA-30E9-4790-A014-9AEF5921CA42,2011-07-01 00:00:00.000
965,628,mete0@adventure-works.com,A0DF17BC-6469-425D-A44D-19C88F3B83F6,2011-10-31 00:00:00.000
967,629,jossef1@adventure-works.com,386D9622-85B8-46A2-BFE6-49D6945920C0,2013-05-30 00:00:00.000
969,630,brian4@adventure-works.com,BB22A850-103D-4F18-85A7-98DE99496873,2011-07-01 00:00:00.000
971,631,lynn1@adventure-works.com,9F8CDCF7-8B57-43C6-86E7-EE769691AE40,2013-06-30 00:00:00.000
973,632,linda6@adventure-works.com,787CE760-26AD-40A0-A39A-BD5A9B6B4A91,2011-07-01 00:00:00.000
975,633,abigail0@adventure-works.com,374F9C1F-B795-4316-B0E1-79F5F7D9F97C,2012-06-30 00:00:00.000
977,634,michael16@adventure-works.com,C04CB919-42F4-410A-A9EF-C0B8FAF5EC66,2012-07-31 00:00:00.000
979,635,derek0@adventure-works.com,277AC364-C2D8-494A-98F6-F3FBC35D5C56,2011-07-01 00:00:00.000
981,636,lowell0@adventure-works.com,50C894B5-101F-4E0C-A2B7-C19AC1EF7B4C,2012-05-30 00:00:00.000
983,637,jon1@adventure-works.com,0BAB74C6-A09A-404F-93C8-864ECF0B29A7,2013-07-31 00:00:00.000
985,638,jane2@adventure-works.com,355FF235-9EAA-4399-9904-98CC79B08E09,2012-06-30 00:00:00.000
987,639,geoff0@adventure-works.com,F1DF39CD-364E-4006-8E51-EAE688F63F7B,2012-06-30 00:00:00.000
989,640,douglas2@adventure-works.com,0F504C7B-6516-4C12-A660-26F335027A8D,2013-07-31 00:00:00.000
991,641,brian5@adventure-works.com,968A85E6-26A8-40AB-83BA-62CD832679CE,2012-06-30 00:00:00.000
993,642,faith0@adventure-works.com,B577A696-4B4B-4FBD-BBB8-572D48EF9CC5,2013-07-31 00:00:00.000
995,643,greg2@adventure-works.com,186B4440-23D4-4808-A293-B5C55B98E667,2013-08-30 00:00:00.000
997,644,hattie0@adventure-works.com,5C5CFE67-7F3F-4646-B226-43C4EB5B9A9B,2011-08-01 00:00:00.000
999,645,matthew2@adventure-works.com,7E6156E5-3563-49E8-AF70-322239D238DA,2013-07-31 00:00:00.000
1001,646,erin1@adventure-works.com,84477C16-2CD0-456C-9127-1AAB2CCC732C,2012-05-30 00:00:00.000
1003,647,betty0@adventure-works.com,B1299190-89A8-4388-AAD7-7B85E46AC83C,2013-07-31 00:00:00.000
1005,648,karen3@adventure-works.com,6EF99C04-7859-47DC-983D-3082837A3038,2013-05-30 00:00:00.000
1007,649,don2@adventure-works.com,EAFE72EF-77BF-4FC9-97FF-FC5E9DBEA246,2013-06-30 00:00:00.000
1009,650,bryan2@adventure-works.com,A7AF3527-1F76-4D26-92CC-FDF837554AE0,2011-07-01 00:00:00.000
1011,651,james7@adventure-works.com,C3E52046-6EDA-49A1-AEAE-6D4DB5353B1E,2011-10-31 00:00:00.000
1013,652,kerim0@adventure-works.com,B8FC4E02-E559-406B-85CE-46D46AF3CCA4,2012-07-31 00:00:00.000
1015,653,jean1@adventure-works.com,2FBE9692-0400-4B28-B6F4-D35AF02D7D05,2011-08-01 00:00:00.000
1017,654,mark3@adventure-works.com,5677993E-0D0E-4D94-84CC-4B8D8C244D48,2011-05-31 00:00:00.000
1019,655,william2@adventure-works.com,6C34BC69-74F0-4A13-9082-254E0E4CEF92,2013-07-31 00:00:00.000
1021,656,katherine0@adventure-works.com,602A0511-4623-4D8B-BA06-7D82837F690C,2011-07-01 00:00:00.000
1023,657,kimberly1@adventure-works.com,8255C1AF-8ED7-4716-9B19-053EF75D94B2,2013-06-30 00:00:00.000
1025,658,lucy0@adventure-works.com,B93FF504-2183-4333-9C70-F8AD45A6E5C1,2012-07-31 00:00:00.000
1027,659,keith0@adventure-works.com,6FB3486F-B4E2-4B44-823E-42A92A5ECBDC,2012-06-30 00:00:00.000
1029,660,doris1@adventure-works.com,7EF31A5D-0623-4A85-95DB-F7020DE77CD5,2013-06-30 00:00:00.000
1031,661,roger0@adventure-works.com,8DCCA37D-96F3-4261-9505-13FA09B726AD,2011-07-01 00:00:00.000
1033,662,ann2@adventure-works.com,AFB6B81D-8B48-4FFB-B425-7988EC2FA3E2,2012-06-30 00:00:00.000
1035,663,mark4@adventure-works.com,F6E6CF11-AB54-469F-9D07-FABC15A47039,2013-05-30 00:00:00.000
1037,664,neal0@adventure-works.com,DB9D63B8-4794-4CCE-8742-CB2160DEA530,2013-07-31 00:00:00.000
1039,665,james8@adventure-works.com,0D65083C-97E6-4843-9C95-8B829D295A71,2012-07-31 00:00:00.000
1041,666,jeff1@adventure-works.com,42667CC3-BE41-432E-B16C-CF1E863E4EE9,2013-07-31 00:00:00.000
1043,667,brenda3@adventure-works.com,32AB1FD2-5456-4B0E-B218-59CE73C065E5,2011-05-31 00:00:00.000
1045,668,james9@adventure-works.com,EAF1FB3D-C9E8-4B41-90E4-7E9381D3C449,2011-05-31 00:00:00.000
1047,669,john20@adventure-works.com,34EDCB79-FC92-4B24-80A9-D4C2F92522FE,2012-08-30 00:00:00.000
1049,670,valerie0@adventure-works.com,CFF6709C-7796-4EDE-9E6D-6ADAFDAADE30,2011-05-31 00:00:00.000
1051,671,jay3@adventure-works.com,7D6267BB-FCF1-4A39-8F8C-B1A583830178,2012-06-30 00:00:00.000
1053,672,jeff2@adventure-works.com,35697D9D-E314-4917-B371-913F5EC23BF0,2013-05-30 00:00:00.000
1055,673,kari0@adventure-works.com,85EFDF5E-DC41-4DF3-B166-1C3FC57AC128,2011-07-01 00:00:00.000
1057,674,deena0@adventure-works.com,DF5F3A28-C7C3-4E58-A13A-CF003B5CAFB0,2013-06-30 00:00:00.000
1059,675,irene0@adventure-works.com,7500B862-3369-4AEA-ADA4-9E8F318E8FBD,2014-05-01 00:00:00.000
1061,676,jésus0@adventure-works.com,9FBBFAF1-9311-46F1-95FF-94DC3BAE06BF,2012-07-31 00:00:00.000
1063,677,pam0@adventure-works.com,EFB31570-E5CD-4123-8563-A400EBB279A8,2012-07-31 00:00:00.000
1065,678,cheryl0@adventure-works.com,9CE1C9FC-3C95-4B41-8C89-ED9785E27351,2011-08-01 00:00:00.000
1067,679,ronald1@adventure-works.com,A97E1133-AB33-4672-8EFC-DE6482ED4FD8,2012-06-30 00:00:00.000
1069,680,sidney1@adventure-works.com,30AB5855-20CF-41DC-8603-D264E39FF5EB,2012-06-30 00:00:00.000
1071,681,onetha0@adventure-works.com,FBE5984A-937B-45A7-B258-FC9C8E980814,2013-05-30 00:00:00.000
1073,682,fran0@adventure-works.com,CCFA52FA-5B49-4A36-89BE-E545652CC53A,2012-07-31 00:00:00.000
1075,683,geneva0@adventure-works.com,C77B00DA-E010-43C4-813B-5CFBE5684800,2013-07-31 00:00:00.000
1077,684,andrew4@adventure-works.com,0F08E532-8AEA-4758-B155-BE712B2F20D1,2013-07-31 00:00:00.000
1079,685,reinout1@adventure-works.com,CDC411B7-C2A0-43DE-AAC0-6E4180BC18FE,2013-07-31 00:00:00.000
1081,686,mike3@adventure-works.com,6518F556-10CB-4AC7-9515-9D39A056F61E,2011-08-01 00:00:00.000
1083,687,matthew3@adventure-works.com,C3DDF248-3599-4932-A1A7-336AD34F5887,2013-07-31 00:00:00.000
1085,688,nancy2@adventure-works.com,E4FD988D-A610-4898-A7C9-7A4B09EC19D0,2011-05-31 00:00:00.000
1087,689,rose0@adventure-works.com,06434FFB-4180-466B-9E81-BBB0F6844AEC,2013-06-30 00:00:00.000
1089,690,douglas3@adventure-works.com,83EB578E-674B-42EF-A8D2-3CB7320B2ABF,2011-07-01 00:00:00.000
1091,691,david16@adventure-works.com,916347FE-E203-487A-8A00-3D8A282677BB,2012-07-31 00:00:00.000
1093,692,helge0@adventure-works.com,B21AAE1A-8C8C-4767-871C-E717483A6D67,2013-06-30 00:00:00.000
1095,693,barbara5@adventure-works.com,B60E7D2A-852F-44AF-9E64-2097C933DBB2,2011-05-31 00:00:00.000
1097,694,holly1@adventure-works.com,D64F0D9B-311F-45AC-AC7B-7B330D254E26,2013-05-30 00:00:00.000
1099,695,bob2@adventure-works.com,8BFF2882-0BFE-4F64-B5E8-D2630224E110,2013-05-30 00:00:00.000
1101,696,jean2@adventure-works.com,AFEF6290-69F3-4D53-9AD1-E30EFD2C0ED7,2012-06-30 00:00:00.000
1103,697,michael17@adventure-works.com,53DA3302-A035-45A2-8AB1-64759F0994E5,2013-07-31 00:00:00.000
1105,698,eddie0@adventure-works.com,A62603AB-EFFF-48CC-BD51-E5F6AA2912A2,2012-10-30 00:00:00.000
1107,699,juanita0@adventure-works.com,0B2B7305-55D1-4D29-83CD-E36EC6D901C9,2011-07-01 00:00:00.000
1109,700,peter3@adventure-works.com,E185AFFB-DD37-45A5-B4E0-48FB71BB2525,2013-07-31 00:00:00.000
1111,701,curtis0@adventure-works.com,FE359B84-78BA-4151-8F83-061121428A96,2011-07-01 00:00:00.000
1113,702,joe0@adventure-works.com,71F74381-EA90-4165-BD98-40F0D3B3EE35,2012-07-31 00:00:00.000
1115,703,janice1@adventure-works.com,AC2F7498-92C8-4ECB-9410-8FB8E55C7256,2012-06-30 00:00:00.000
1117,704,george1@adventure-works.com,9E095503-06DD-4584-9A9F-D01B967A6920,2011-12-01 00:00:00.000
1119,705,joshua0@adventure-works.com,A8808EF0-E014-4EB1-9398-A63DCD06F8A1,2012-01-29 00:00:00.000
1121,706,arlene0@adventure-works.com,31CA36CE-A56A-41EF-9648-EE8740CE1183,2013-06-30 00:00:00.000
1123,707,matthew4@adventure-works.com,224F5528-38CA-4A09-96A7-2D2E5183F15F,2011-05-31 00:00:00.000
1125,708,phyllis1@adventure-works.com,118EF6EA-C0BC-4955-9939-7D953C21053B,2011-07-01 00:00:00.000
1127,709,lawrence0@adventure-works.com,B7B4AA43-A0EE-45A5-A800-CDF21BD9245F,2012-08-30 00:00:00.000
1129,710,ryan4@adventure-works.com,8C648BAE-3097-4E62-99A5-63EE6ED646FA,2013-06-30 00:00:00.000
1131,711,beth0@adventure-works.com,02CD59BF-09B9-4D1C-A77B-1E4BC7BC1994,2012-07-31 00:00:00.000
1133,712,lucio0@adventure-works.com,BDF2E50E-5C10-411F-9859-06B29998B955,2011-07-01 00:00:00.000
1135,713,richard4@adventure-works.com,FD1B5238-D1F6-492F-AA62-E22C4601E245,2011-07-01 00:00:00.000
1137,714,erik0@adventure-works.com,9D2CD3D8-6ED4-47A6-8BE8-3BCFC6DDA526,2012-05-30 00:00:00.000
1139,715,denean0@adventure-works.com,D44C55EC-C71A-45D8-BFF8-EF0CC29F198C,2013-06-30 00:00:00.000
1141,716,raman0@adventure-works.com,8D6876AB-F357-49CF-8952-233E74CFB842,2012-06-30 00:00:00.000
1143,717,bronson0@adventure-works.com,6411B5AC-D4DF-4CC1-814A-AD8858E06C77,2014-05-01 00:00:00.000
1145,718,eric5@adventure-works.com,261E948C-41A8-4F21-937B-B025ABE72E96,2013-05-30 00:00:00.000
1147,719,jodan0@adventure-works.com,86A8E779-7318-4EB0-B451-4C9A45503B6E,2011-08-01 00:00:00.000
1149,720,mary7@adventure-works.com,3FC6BE0C-DF98-4583-BCF2-43938A24B866,2012-07-31 00:00:00.000
1151,721,david17@adventure-works.com,E4ED1261-0945-4B25-A6A0-A40D08F3F0C3,2013-05-30 00:00:00.000
1153,722,jay4@adventure-works.com,532F0658-AA72-45EF-B455-ED699992E550,2012-05-30 00:00:00.000
1155,723,vance0@adventure-works.com,9805DB03-8076-459A-9F7F-2AD9AC1C776C,2012-06-30 00:00:00.000
1157,724,joyce0@adventure-works.com,A1415D18-8DE7-4956-ADDC-E442430ECF69,2013-07-31 00:00:00.000
1159,725,george2@adventure-works.com,6B1EF5ED-367E-42D6-8A2B-9FF941D09C4C,2013-07-31 00:00:00.000
1161,726,stephen3@adventure-works.com,F15ED308-5ABC-4159-95B3-B2408CB54EDA,2012-05-30 00:00:00.000
1163,727,samuel1@adventure-works.com,33F7FFEB-E1C5-4A28-BC28-8C319C3336DE,2011-07-01 00:00:00.000
1165,728,danielle1@adventure-works.com,0BD00B2D-51EB-42CF-87F9-C34109BADA21,2013-07-31 00:00:00.000
1167,729,greg3@adventure-works.com,A3899992-57A9-493E-918D-4498BC8E1F84,2012-07-31 00:00:00.000
1169,730,barry1@adventure-works.com,04427257-DC23-470C-AB75-2C7A179A01C0,2011-08-01 00:00:00.000
1171,731,brian6@adventure-works.com,128E70E1-0A2B-43F2-9504-E2FEEB7E1CAA,2013-01-28 00:00:00.000
1173,732,david18@adventure-works.com,55724DF4-69F7-4E3B-885C-3EC1B7B85E1E,2011-07-01 00:00:00.000
1175,733,willis1@adventure-works.com,06FBB213-2393-4C39-9311-E0324D9136BA,2011-08-31 00:00:00.000
1177,734,tamara0@adventure-works.com,0049CDF9-E578-4373-953D-17C03ADF9742,2013-07-31 00:00:00.000
1179,735,robert6@adventure-works.com,E28BA53C-CE37-4C74-A15A-3CA0E7F79BB7,2011-07-01 00:00:00.000
1181,736,brannon0@adventure-works.com,46C4F01F-3A11-451E-85D4-1638C5430D9E,2011-07-01 00:00:00.000
1183,737,jean3@adventure-works.com,DBB2B03C-1DA0-4BEF-B920-8CE9F88F4039,2011-05-31 00:00:00.000
1185,738,peggy0@adventure-works.com,D6D99456-4311-4F9B-8564-1C2BFDA5F27E,2011-05-31 00:00:00.000
1187,739,diane4@adventure-works.com,01D14FD9-EBF1-4FA9-BA6A-4AAB5318431A,2012-07-31 00:00:00.000
1189,740,scott5@adventure-works.com,32ED1B7E-2376-4125-ABC1-729B9C81FFF7,2013-06-30 00:00:00.000
1191,741,sandra2@adventure-works.com,E911E759-0A7C-4DC1-8CB4-AE6822F50651,2011-07-01 00:00:00.000
1193,742,wendy1@adventure-works.com,B624D955-DA94-4E54-84FA-5277B69ED2EF,2011-08-01 00:00:00.000
1195,743,sandeep1@adventure-works.com,A6AAE63C-BF7E-430F-89FA-6BE52F59A913,2013-05-30 00:00:00.000
1197,744,john21@adventure-works.com,84561593-5B64-44C5-BAB9-99809CE758B9,2013-05-30 00:00:00.000
1199,745,lori2@adventure-works.com,691F25CA-112E-4A50-9A2D-66A4BF9660DD,2012-06-30 00:00:00.000
1201,746,judith1@adventure-works.com,9A6B650C-475B-446A-B707-3C4B82285AF2,2012-06-30 00:00:00.000
1203,747,kay0@adventure-works.com,A72586A2-37B0-49B5-A0C0-7917B2F21670,2011-08-01 00:00:00.000
1205,748,sandeep2@adventure-works.com,98FFDAEF-F64F-49FE-B89B-9F97657798CD,2011-05-31 00:00:00.000
1207,749,bonnie1@adventure-works.com,8CEA3FD6-59AE-4A72-8EB8-F23CB1D41F75,2013-06-30 00:00:00.000
1209,750,kendall1@adventure-works.com,76FC78E9-FD48-45AD-A1AB-B185E2CD7F0D,2013-06-30 00:00:00.000
1211,751,victor0@adventure-works.com,5A08EACB-95EF-4234-A919-D02D8A89E699,2012-10-30 00:00:00.000
1213,752,john22@adventure-works.com,B2723C63-9F00-4640-A146-DAC338E0F31E,2011-07-01 00:00:00.000
1215,753,robert7@adventure-works.com,70D0E7E2-BBAD-4FA0-A315-5027754AD3BB,2012-07-31 00:00:00.000
1217,754,kevin4@adventure-works.com,F4DFF382-D077-4E00-899C-9CA475FA74A4,2012-07-31 00:00:00.000
1219,755,mary8@adventure-works.com,4A763E00-FEE8-4425-8CF6-58A6C430BCD6,2012-06-30 00:00:00.000
1221,756,alice2@adventure-works.com,AE6D342D-8575-4D7F-A753-AEFD5A6148A5,2013-07-31 00:00:00.000
1223,757,elizabeth2@adventure-works.com,64AF57E0-8DD8-435A-8EE7-68B72DFFFD8A,2011-07-01 00:00:00.000
1225,758,tammy0@adventure-works.com,F9C1E2A5-2299-40EA-8B9A-495FC987A3C9,2011-08-01 00:00:00.000
1227,759,imtiaz0@adventure-works.com,E9BE2A14-9054-4111-A413-86B88C8FCDB7,2011-07-01 00:00:00.000
1229,760,karan1@adventure-works.com,CDFB9836-4F9D-40ED-9F9D-35BD5027BD9A,2013-06-30 00:00:00.000
1231,761,joe1@adventure-works.com,35244FE7-6E68-462A-BDB9-E3FBE36CB5D1,2013-06-30 00:00:00.000
1233,762,jim2@adventure-works.com,3499FD70-1EFD-459C-952A-A39C0980F36F,2012-05-30 00:00:00.000
1235,763,shane2@adventure-works.com,9F278075-7687-4207-939C-FB9B3E6A2E1A,2012-06-30 00:00:00.000
1237,764,tim0@adventure-works.com,6446BBCB-A046-453A-B212-71049D58D645,2013-06-30 00:00:00.000
1239,765,russell2@adventure-works.com,15EA5513-D4AD-486E-819F-C82F3D795A1A,2011-05-31 00:00:00.000
1241,766,anton0@adventure-works.com,9FA092C5-D505-4DD0-8A58-EADFA71E73BE,2012-06-30 00:00:00.000
1243,767,christian1@adventure-works.com,64DBE2FB-2A1C-402A-8C96-7B4CFDCAAFEA,2011-08-01 00:00:00.000
1245,768,andrew5@adventure-works.com,BE5D8E86-AE8D-4A93-839F-BF4E32C2C702,2011-10-31 00:00:00.000
1247,769,reed1@adventure-works.com,15B2213B-7396-41CF-BA43-2C097F499051,2013-07-31 00:00:00.000
1249,770,jim3@adventure-works.com,D5139DE8-8846-4755-861D-7FB1C0EE9851,2013-07-31 00:00:00.000
1251,771,kirk2@adventure-works.com,A9474402-D658-4779-A8CA-1B09D6F6C6A8,2013-06-30 00:00:00.000
1253,772,eugene2@adventure-works.com,F2375623-1523-4C76-B8BB-22D188FAF9E5,2012-06-30 00:00:00.000
1255,773,scott6@adventure-works.com,F50B6FF0-EF94-4A32-98A5-7E089F8B88AE,2012-05-30 00:00:00.000
1257,774,joy0@adventure-works.com,410E0E6E-42E6-4205-9E70-3728702CF7DE,2011-08-01 00:00:00.000
1259,775,pamala0@adventure-works.com,36506856-51A6-4B94-9EBE-79245D8AAE91,2013-07-31 00:00:00.000
1261,776,edward1@adventure-works.com,1429EF8F-D2E4-46E7-8D5B-2815FE36D438,2013-06-30 00:00:00.000
1263,777,james10@adventure-works.com,24C43657-A69D-4FB9-ACFA-6FB50B432D57,2012-05-30 00:00:00.000
1265,778,mitch0@adventure-works.com,02B4DE95-DE83-4E4D-9658-FF4FF8FCA5A1,2012-06-30 00:00:00.000
1267,779,james11@adventure-works.com,36E02C3C-BED2-4334-A452-8086C5B26DFB,2011-08-01 00:00:00.000
1269,780,margaret1@adventure-works.com,75F28FE6-6A06-4BAB-88B3-1547F811040D,2011-07-01 00:00:00.000
1271,781,deepak0@adventure-works.com,AD14F1A7-3C57-4942-B75D-0BDC43BDC649,2013-06-30 00:00:00.000
1273,782,jeffrey2@adventure-works.com,A6B84573-59A7-4F19-B006-7D6C390DE808,2012-07-31 00:00:00.000
1275,783,vamsi1@adventure-works.com,62AC33C5-F4F8-4E0A-9CB8-F61A5421A85F,2013-06-30 00:00:00.000
1277,784,jeffrey3@adventure-works.com,CDFE343C-20FF-42F0-9AAC-17D6B0A30CDF,2012-07-31 00:00:00.000
1279,785,peter4@adventure-works.com,8AADD486-3463-46F2-983D-83635BF03EBD,2011-10-01 00:00:00.000
1281,786,eric6@adventure-works.com,0F9A520A-2A1B-483C-9B2A-0793114D2755,2013-07-31 00:00:00.000
1283,787,rebecca2@adventure-works.com,3562CFD5-AF7F-46C5-89B8-6B59986C948B,2013-07-31 00:00:00.000
1285,788,cecilia0@adventure-works.com,D9112E83-21D5-422B-AA5B-46CCFDC6C503,2013-07-31 00:00:00.000
1287,789,david19@adventure-works.com,B9775AD7-548F-4BB3-9ED7-BC2D0F6588D7,2012-10-30 00:00:00.000
1289,790,elsa0@adventure-works.com,69823613-75E8-48D0-ACB2-3AC04AAC2867,2012-06-30 00:00:00.000
1291,791,michael18@adventure-works.com,E3E90D7A-0071-495C-B20A-4B8D2F280717,2013-06-30 00:00:00.000
1293,792,marjorie0@adventure-works.com,D898FAAE-6766-45F1-9E4E-860B923C0739,2012-05-30 00:00:00.000
1295,793,frank4@adventure-works.com,0E3BEF03-5B03-4F7A-ADB9-323AEE7BB79B,2011-08-01 00:00:00.000
1297,794,mark5@adventure-works.com,9F053F67-F185-4E99-A0D7-59F23FDCA464,2013-07-31 00:00:00.000
1299,795,robertson0@adventure-works.com,E090CA5B-CEF9-450C-86F0-0CA204F238DF,2013-06-30 00:00:00.000
1301,796,jolie0@adventure-works.com,F0C181FC-2E4B-4AC7-B3F3-52B72490B7E2,2013-05-30 00:00:00.000
1303,797,roger1@adventure-works.com,45189D70-3FC8-45DF-9BA1-1396043AC257,2013-06-30 00:00:00.000
1305,798,a0@adventure-works.com,B9C3A7A3-46F8-4C03-B9E7-AFE3FE2B5F09,2013-07-31 00:00:00.000
1307,799,bonnie2@adventure-works.com,3236E5A7-9D09-4F68-B8E0-0584442CAD51,2011-08-01 00:00:00.000
1309,800,gloria0@adventure-works.com,1375C759-F7DD-454E-B499-10F6C452BBED,2011-07-01 00:00:00.000
1311,801,linda7@adventure-works.com,C38E774F-2DDF-4F65-96EA-F283DC99346F,2011-07-01 00:00:00.000
1313,802,steven2@adventure-works.com,38D82B7F-8297-4AB6-A00A-651C4D5263ED,2013-07-31 00:00:00.000
1315,803,judy0@adventure-works.com,B4647358-2D98-4FC2-9444-5F172BBB2DAA,2012-06-30 00:00:00.000
1317,804,elsie0@adventure-works.com,4F81CA20-4D94-46F0-BC88-39A434911C01,2013-07-31 00:00:00.000
1319,805,george3@adventure-works.com,348A3072-BCBE-49EC-B6A7-B970E6BD09CF,2012-06-30 00:00:00.000
1321,806,yale0@adventure-works.com,B1CA6054-6870-4A03-A4CC-28358F5DE594,2011-08-01 00:00:00.000
1323,807,yan0@adventure-works.com,50572570-AD3B-4C2D-BEB8-AFE1D9CD24F2,2012-07-31 00:00:00.000
1325,808,yuhong1@adventure-works.com,76B6EE6C-AD95-4BD2-8006-9EF25D6FD28D,2012-06-30 00:00:00.000
1327,809,joseph2@adventure-works.com,EAF914E0-154D-4B77-AFC9-71C6CE76C4A2,2012-06-30 00:00:00.000
1329,810,paulo0@adventure-works.com,6ADBADA7-4738-4D1D-9EF5-29AA89927FD3,2012-07-31 00:00:00.000
1331,811,david20@adventure-works.com,A36F3DE2-1E6B-4001-B0B6-3E41D1D204EC,2011-07-01 00:00:00.000
1333,812,jinghao1@adventure-works.com,35C7BBA9-48B6-4329-B7D8-F47C2A7D4B35,2012-07-31 00:00:00.000
1335,813,kevin5@adventure-works.com,454B66CF-204C-4630-B9E1-8A6F344CD588,2012-07-31 00:00:00.000
1337,814,run0@adventure-works.com,5A1956C0-3C76-499D-8C19-029A86D975AA,2011-05-31 00:00:00.000
1339,815,todd0@adventure-works.com,D1657DEC-C268-4F52-961C-2BDB42CC16D6,2012-07-31 00:00:00.000
1341,816,kok-ho1@adventure-works.com,7C88A643-862D-471E-A9DE-44164C61A9E8,2013-07-31 00:00:00.000
1343,817,john23@adventure-works.com,A68B6B68-6F31-439E-B6BE-548A92D59902,2011-07-01 00:00:00.000
1345,818,sharon2@adventure-works.com,59838776-87FD-4586-86EC-C6CE109D9921,2012-07-31 00:00:00.000
1347,819,jeremy0@adventure-works.com,55DE1D05-3C9A-402D-87B3-97D6CD1A34A1,2012-05-30 00:00:00.000
1349,820,spencer0@adventure-works.com,5E530012-94EB-4EED-AB42-B5C64987E2DA,2011-07-01 00:00:00.000
1351,821,anita0@adventure-works.com,E9931C6D-63F6-4BE4-9393-37688FBC9E7E,2013-07-31 00:00:00.000
1353,822,jose4@adventure-works.com,01167FE5-3C7C-470D-A2A6-ED56944EB7AA,2013-07-31 00:00:00.000
1355,823,richard5@adventure-works.com,0AA09E92-9242-446D-B164-BF56E7F2EC51,2011-08-01 00:00:00.000
1357,824,judy1@adventure-works.com,EFD387A0-9C35-4B27-8D3A-E0C537FA4BC2,2011-08-01 00:00:00.000
1359,825,sean4@adventure-works.com,F883EE38-5EE6-4F03-923A-1D69B9A62DB6,2013-07-31 00:00:00.000
1361,826,helen1@adventure-works.com,A6596A9C-1760-4211-8377-E44A546DAE96,2011-07-01 00:00:00.000
1363,827,robert8@adventure-works.com,6EA1564A-4E42-425B-81FE-B1AB619CBC7D,2011-08-01 00:00:00.000
1365,828,sharon3@adventure-works.com,C438585C-9373-475B-B111-1F1B4D2BB166,2013-05-30 00:00:00.000
1367,829,robert9@adventure-works.com,E4F0D8F9-7FA4-4627-9AF6-B402B29BB9E8,2012-07-31 00:00:00.000
1369,830,jenny0@adventure-works.com,97321B08-9A22-40BA-AB28-8DD98A373992,2013-07-31 00:00:00.000
1371,831,denise1@adventure-works.com,AE0DA351-DEFE-4E5B-A3F3-11FF854F2C80,2011-08-31 00:00:00.000
1373,832,scott7@adventure-works.com,717F90EB-FA7C-4CA9-880B-6DB3BEDF5CE3,2011-05-31 00:00:00.000
1375,833,walter1@adventure-works.com,BD92BD9B-235B-4AC4-9D63-5BF9442340BA,2012-07-31 00:00:00.000
1377,834,patrick3@adventure-works.com,32F5F559-F466-44C6-A01A-AA75F0F62F89,2012-07-31 00:00:00.000
1379,835,kimberly2@adventure-works.com,FF445677-5218-4E11-9DA8-3D7268FD333A,2013-06-30 00:00:00.000
1381,836,ajay0@adventure-works.com,EB71765F-0828-432B-9235-4A1BC2917841,2013-12-31 00:00:00.000
1383,837,parul0@adventure-works.com,F103E86F-8550-4E93-BE7E-3DB1DA7482D9,2013-06-30 00:00:00.000
1385,838,tomas0@adventure-works.com,40E14EC0-6BB5-40EE-85C2-7E8925842AE6,2012-07-31 00:00:00.000
1387,839,kathy0@adventure-works.com,93402F27-8139-4137-9890-32B740076E29,2012-05-30 00:00:00.000
1389,840,jill2@adventure-works.com,4C2CD2F2-8D2A-49B3-8D18-2B43B708FBB6,2011-05-31 00:00:00.000
1391,841,melissa0@adventure-works.com,30A5D0B4-491C-427F-B545-BB72D0169B60,2011-10-31 00:00:00.000
1393,842,cecelia0@adventure-works.com,D76B063C-3D72-4BA5-B774-26239BA18331,2012-06-30 00:00:00.000
1395,843,benjamin2@adventure-works.com,7A739E2D-2244-43CC-9A07-89228DAE6BA3,2013-06-30 00:00:00.000
1397,844,linda8@adventure-works.com,F05B7F72-C967-4080-9315-141EDD60A50B,2012-06-30 00:00:00.000
1399,845,mindy1@adventure-works.com,C65B5AA9-A353-4BB7-861F-12A8C559B1D2,2012-06-30 00:00:00.000
1401,846,sandra3@adventure-works.com,7ACC895B-604A-4AC9-97D8-AD47EB93F7A8,2013-07-31 00:00:00.000
1403,847,frank5@adventure-works.com,786464A9-A833-4751-8966-BE019E4D874E,2013-05-30 00:00:00.000
1405,848,steve2@adventure-works.com,811D6923-1BE3-466C-96E4-C937FDC50DCE,2011-07-01 00:00:00.000
1407,849,joseph3@adventure-works.com,EDDDDAAC-3C5E-43BC-BF15-F2FCE3861A4F,2012-09-30 00:00:00.000
1409,850,jennifer1@adventure-works.com,88C33C7A-942E-456D-84EC-8D828A363E55,2012-06-30 00:00:00.000
1411,851,chris6@adventure-works.com,3A85F5E2-D8B2-451F-A7F6-B54C7BB10D8C,2012-09-30 00:00:00.000
1413,852,sandra4@adventure-works.com,58D75716-F7BE-4928-9070-14B25A64FF50,2011-05-31 00:00:00.000
1415,853,john24@adventure-works.com,C041FEC5-66CA-4BEF-A205-1D1EB6DE3218,2012-06-30 00:00:00.000
1417,854,robin0@adventure-works.com,8A59794F-EDCA-4848-BBFC-EB1FDEB3CD2A,2011-05-31 00:00:00.000
1419,855,stacie0@adventure-works.com,BD28EF3B-DCD3-4BA7-BEA9-853388D93AC4,2013-06-30 00:00:00.000
1421,856,katie1@adventure-works.com,85CBFF6A-5093-4DA5-AD9E-E3AE7130A7F2,2012-06-30 00:00:00.000
1423,857,lola0@adventure-works.com,9727EED0-C91E-4D8B-9CFE-766438C7EB67,2012-06-30 00:00:00.000
1425,858,jane3@adventure-works.com,8D2620CF-B5A9-41C7-8EA4-3E171CB0F925,2012-07-31 00:00:00.000
1427,859,nikki0@adventure-works.com,6A87F0DA-D952-40D4-B11D-B8EF66B612EA,2012-05-30 00:00:00.000
1429,860,james12@adventure-works.com,FE92BB2F-C829-4A98-B5B8-436DB41752D7,2012-05-30 00:00:00.000
1431,861,christinia0@adventure-works.com,8EE89C6B-6369-4D79-BB74-E7E2FDFB5250,2013-08-30 00:00:00.000
1433,862,alejandro1@adventure-works.com,1D907C21-BDFC-43CC-BA47-F0C4CE012D90,2013-06-30 00:00:00.000
1435,863,yvonne1@adventure-works.com,BE566FE4-3C89-4E6A-B512-076B1CA9AD1A,2011-08-01 00:00:00.000
1437,864,nkenge0@adventure-works.com,EE253B0A-BC87-463C-AB9C-9836A741A481,2011-07-01 00:00:00.000
1439,865,nancy3@adventure-works.com,7C31D996-D37B-4A2E-8D8D-D94188098DF3,2013-06-30 00:00:00.000
1441,866,nellie0@adventure-works.com,76702943-207A-4ED6-8F13-072E36A97759,2013-07-31 00:00:00.000
1443,867,raquel0@adventure-works.com,2842A6BA-0935-4033-91F5-2FBF6B19CFEB,2012-07-31 00:00:00.000
1445,868,gladys0@adventure-works.com,8F3C1579-5139-4857-8735-33478E8310A1,2012-06-30 00:00:00.000
1447,869,rmorgan0@adventure-works.com,2E411DEF-9A57-43CE-B69F-31B82834751B,2013-04-30 00:00:00.000
1449,870,tosh0@adventure-works.com,BB9B4AA0-3074-4661-A854-D0733EBB39BD,2012-06-30 00:00:00.000
1451,871,susan4@adventure-works.com,68BCED58-1C73-4128-B4F7-2550F6CFC5DE,2013-07-31 00:00:00.000
1453,872,stephen4@adventure-works.com,D9CA330D-7291-495F-A1C3-48F4FE5A1827,2011-10-01 00:00:00.000
1455,873,eric7@adventure-works.com,2B96A4E0-F269-490B-9960-B796ADA44ED6,2011-10-01 00:00:00.000
1457,874,helen2@adventure-works.com,55083786-246F-406B-9A12-247A9EB72FEE,2011-10-01 00:00:00.000
1459,875,deanna1@adventure-works.com,6FAA753E-3711-4CB0-8D5A-55E7D998BFE9,2011-10-31 00:00:00.000
1461,876,gary3@adventure-works.com,D2AB340B-05FD-47DD-B536-521B3BC9DE1A,2013-06-30 00:00:00.000
1463,877,ramesh1@adventure-works.com,35F5F644-72A5-4F62-B254-902BE76D63CA,2013-06-30 00:00:00.000
1465,878,thomas2@adventure-works.com,BF1F0BF0-4F79-4783-9C6C-C28AF6D7F24D,2012-09-30 00:00:00.000
1467,879,jan1@adventure-works.com,A36B9043-C7F4-4833-8B37-376ABB5195F6,2012-06-30 00:00:00.000
1469,880,virginia0@adventure-works.com,3CC38E5F-C62C-4645-8881-D1B414E2BF4B,2012-05-30 00:00:00.000
1471,881,matthew5@adventure-works.com,0274E6F2-3886-40FB-AA06-19F68A7CA289,2012-07-31 00:00:00.000
1473,882,emilo0@adventure-works.com,A6F4AA84-4481-44B9-9689-C90A76AEFD0F,2013-07-31 00:00:00.000
1475,883,ben1@adventure-works.com,72043420-3DD3-4D8A-8B2A-2E9DDDA9DF37,2013-06-30 00:00:00.000
1477,884,dylan1@adventure-works.com,21049EB3-1434-4F0D-9A20-664339B61D3B,2011-10-01 00:00:00.000
1479,885,frank6@adventure-works.com,2F22C146-E41C-4F44-A3D1-63F682C9942C,2012-06-30 00:00:00.000
1481,886,neva0@adventure-works.com,27D0408E-C4BF-4E83-849B-A4E017704F70,2013-06-30 00:00:00.000
1483,887,linda9@adventure-works.com,FCA7EB57-3006-4D46-A2F3-2D3D4161AF6A,2013-07-31 00:00:00.000
1485,888,scott8@adventure-works.com,D326E9D7-03A9-44F4-A42C-0CAFFB22A481,2012-06-30 00:00:00.000
1487,889,robert10@adventure-works.com,7C5C3F7A-DCBE-4BEA-9F54-AF4B108EFE08,2013-07-31 00:00:00.000
1489,890,joseph4@adventure-works.com,30FBB12E-5E7B-489E-9F4B-E2DEDBAF6BAA,2013-07-31 00:00:00.000
1491,891,paula2@adventure-works.com,C198930B-5BF5-4D03-95DA-E0B5047F9360,2011-12-23 00:00:00.000
1493,892,suchitra1@adventure-works.com,F562753D-2C36-42CB-B915-65274E5D5588,2011-04-25 00:00:00.000
1495,893,jonathan0@adventure-works.com,6E324102-6727-4C68-9BE3-81817FF89163,2011-04-25 00:00:00.000
1497,894,william3@adventure-works.com,10BFD7C4-5CE0-4315-88A5-91650BCF6F08,2012-02-03 00:00:00.000
1499,895,alan2@adventure-works.com,87677B14-50B5-4B90-8B2F-37BC9142CB28,2012-02-02 00:00:00.000
1501,896,hillaine0@adventure-works.com,BFB149AF-63BC-4A8B-ADE5-71B817A0DEA3,2011-12-24 00:00:00.000
1503,897,bobby0@adventure-works.com,307B446B-6950-4638-908B-D31052FED8AC,2011-12-24 00:00:00.000
1505,898,barbara6@adventure-works.com,76AB4E56-89D9-4B69-93D4-A1C8CB83DB9D,2012-01-25 00:00:00.000
1507,899,jon2@adventure-works.com,1B77FC8A-EFA1-4D8C-B678-AB6870A6B060,2011-12-24 00:00:00.000
1509,900,julia0@adventure-works.com,37B57D30-98CE-4203-A8C7-B3CB884E9A39,2012-01-25 00:00:00.000
1511,901,marie0@adventure-works.com,40864EDD-4064-4365-9A8B-2BED5FA0D758,2011-12-23 00:00:00.000
1513,902,zheng1@adventure-works.com,2D6A85CB-7271-4B9F-B9D7-3653A83C939B,2012-02-03 00:00:00.000
1515,903,salman0@adventure-works.com,AD572D9E-741D-4020-B2BC-998489006345,2012-01-25 00:00:00.000
1517,904,albert0@adventure-works.com,21204869-62DE-4E67-B202-EF338D3D1081,2011-12-24 00:00:00.000
1519,905,stuart2@adventure-works.com,06697A01-B82C-4D4C-A06E-1B20922488C0,2011-12-24 00:00:00.000
1521,906,billiejo0@adventure-works.com,B6925AAC-2438-42A2-A981-77847AB0BD08,2012-01-25 00:00:00.000
1523,907,dorothy2@adventure-works.com,AF021830-6A59-498C-AD5D-D05F70620E1E,2012-02-02 00:00:00.000
1525,908,ken2@adventure-works.com,9AF7A039-3C1E-4769-8D7E-AE3DA844D4FF,2012-01-25 00:00:00.000
1527,909,suzanne0@adventure-works.com,52D45F7E-6641-48D0-B79A-A06257A25EFF,2012-02-03 00:00:00.000
1529,910,mandar1@adventure-works.com,11E5B0F9-4ADD-4DDC-A17D-DAF7FF82C6C3,2011-12-24 00:00:00.000
1531,911,greg4@adventure-works.com,E2516D79-8B89-4BCE-B28F-B957384D2CE6,2012-01-29 00:00:00.000
1533,912,mike4@adventure-works.com,A9B34AE3-D1AA-436A-89F8-44376A35352B,2012-02-02 00:00:00.000
1535,913,lorraine1@adventure-works.com,EF9D966E-A04C-40F4-93AF-892AD538E41B,2012-01-17 00:00:00.000
1537,914,alex1@adventure-works.com,4358F9F6-483D-4E36-A1C6-D7EF71C006F0,2012-02-18 00:00:00.000
1539,915,jan2@adventure-works.com,E816C08E-D190-4FFA-9C9B-FAA4CD373EAA,2011-12-23 00:00:00.000
1541,916,amir0@adventure-works.com,D53BB300-AF62-42F3-97F5-CF3F49C3B8F2,2012-01-25 00:00:00.000
1543,917,donals0@adventure-works.com,C723B278-FE52-48E9-806D-427C9E36F78C,2011-12-24 00:00:00.000
1545,918,toby0@adventure-works.com,8DD9A734-8073-4638-8EE5-C584750B6F45,2012-01-29 00:00:00.000
1547,919,laura2@adventure-works.com,0F6C0B76-2B44-4C0D-9952-ABA535D4ACA4,2011-12-24 00:00:00.000
1549,920,fred1@adventure-works.com,E9A416A6-07F1-4AF0-86A0-C1650BA4EB55,2012-02-03 00:00:00.000
1551,921,michael19@adventure-works.com,E25C9327-6129-4AD1-A366-C65C664CAE94,2012-01-25 00:00:00.000
1553,922,tim1@adventure-works.com,D001556C-4E90-47F9-9E98-BA7FA6C3DAD9,2012-02-18 00:00:00.000
1555,923,tina0@adventure-works.com,09E3E4B7-A0CA-4499-8332-29232F7F4E7E,2012-02-18 00:00:00.000
1557,924,robert11@adventure-works.com,04852328-7B48-40C1-919C-490A6C00D98F,2012-02-03 00:00:00.000
1559,925,nino0@adventure-works.com,7D8DAA0B-F3E7-43D2-A34A-83D8D44F8534,2011-12-24 00:00:00.000
1561,926,lee1@adventure-works.com,FFDB4964-38BB-4959-AB9A-9D9534A6A78D,2012-02-02 00:00:00.000
1563,927,tad0@adventure-works.com,D96E0F74-0812-499D-BC2E-A1B18370623B,2011-12-23 00:00:00.000
1565,928,gloria1@adventure-works.com,76A69CB4-8C9C-414D-BFEA-C5A7BA707F45,2011-12-23 00:00:00.000
1567,929,fred2@adventure-works.com,12F3D73D-1732-4845-8A81-A73E0223FE33,2012-01-17 00:00:00.000
1569,930,john25@adventure-works.com,1D260E01-1444-458B-9E97-019A4F4B2E13,2012-01-25 00:00:00.000
1571,931,david21@adventure-works.com,29D7700D-CCE5-471B-86D7-5687E06670EC,2012-02-02 00:00:00.000
1573,932,michiko1@adventure-works.com,489A35D8-3A74-4572-9DFA-3630675144A4,2011-12-24 00:00:00.000
1575,933,stu0@adventure-works.com,AB6C8F25-E7DF-422E-8A55-6E6AF5117945,2012-02-03 00:00:00.000
1577,934,scott9@adventure-works.com,B2CEB500-2C4A-426F-84DC-5B003D4C97F9,2012-02-18 00:00:00.000
1579,935,lori3@adventure-works.com,F54A3B94-594E-46A0-9EEC-265D8D388196,2011-04-25 00:00:00.000
1581,936,jyothi0@adventure-works.com,638E4A95-10B6-44E9-9FB8-A57942C5824C,2012-01-25 00:00:00.000
1583,937,cristian1@adventure-works.com,55AE263C-1062-488D-876C-4C21933F6F68,2012-01-25 00:00:00.000
1585,938,mosha0@adventure-works.com,F3595615-34FB-4759-AAEB-5A4379441039,2012-02-02 00:00:00.000
1587,939,rajesh1@adventure-works.com,E0F4C339-25F1-49B8-972D-44CA5366F100,2012-02-02 00:00:00.000
1589,940,shyamalan0@adventure-works.com,F9AA7AA3-1415-4BE5-88F3-EE90E9151AF9,2012-02-03 00:00:00.000
1591,941,michael20@adventure-works.com,E27C2A29-7287-47CA-AE73-F2029C3CCA9B,2012-01-29 00:00:00.000
1593,942,trish0@adventure-works.com,0F9F8119-001C-49BA-BF4D-568428BA43F9,2012-02-03 00:00:00.000
1595,943,frank7@adventure-works.com,188DC124-35C6-4F2B-8B88-11B8B48DEE55,2011-12-24 00:00:00.000
1597,944,lionel1@adventure-works.com,5B0B6738-5636-4AE8-A124-F88499EF30AC,2011-12-24 00:00:00.000
1599,945,elizabeth3@adventure-works.com,431FAD2A-0557-4A68-B3E1-B1615CE6B942,2012-01-25 00:00:00.000
1601,946,john26@adventure-works.com,B0AC6F32-011E-4DEA-9EFD-321F6F11AEE7,2011-12-23 00:00:00.000
1603,947,jonathan1@adventure-works.com,940CE475-4839-4DD7-BA84-2EB894ADC760,2011-12-23 00:00:00.000
1605,948,tina1@adventure-works.com,A7B87005-9423-4F3F-977B-6515C470CE18,2012-01-25 00:00:00.000
1607,949,james13@adventure-works.com,CB0650C0-A6DD-4579-BA89-04EDF0216966,2012-02-02 00:00:00.000
1609,950,glin0@adventure-works.com,C191E2A7-5888-4313-BDFE-B73F2F659BEB,2012-01-25 00:00:00.000
1611,951,sara1@adventure-works.com,F89D8D6A-6191-42B8-B16F-A9CB9F162E9A,2012-02-02 00:00:00.000
1613,952,carol3@adventure-works.com,2E830B9E-4FC1-43B9-AA6B-38B4EBADF8C6,2012-02-02 00:00:00.000
1615,953,patricia1@adventure-works.com,98E9E722-4426-4266-B20A-F6D20CAE9A58,2011-05-09 00:00:00.000
1617,954,pat3@adventure-works.com,D61660E6-3DE5-4B28-8E39-0E8E983E8FA9,2012-01-29 00:00:00.000
1619,955,paulo1@adventure-works.com,90743D4A-3245-4D8B-A82A-856EFC7B621A,2012-01-29 00:00:00.000
1621,956,deborah2@adventure-works.com,47BE10D7-ED41-4FE1-9601-2F5727D493FA,2012-02-02 00:00:00.000
1623,957,grigory0@adventure-works.com,462059A6-AFDC-4274-885D-3A8E1AF422E9,2011-12-24 00:00:00.000
1625,958,carole1@adventure-works.com,BE64B64F-F171-4390-8DA3-A72E12F2E230,2012-01-25 00:00:00.000
1627,959,cheryl1@adventure-works.com,F3F59AA0-D10D-438D-A43F-A91E0DF54D07,2011-12-23 00:00:00.000
1629,960,alma0@adventure-works.com,75D83A1C-1E2A-4B7E-B12B-9865B9D68DC4,2012-02-02 00:00:00.000
1631,961,ethel0@adventure-works.com,E23C3076-C121-43F2-982C-D93254AD056F,2012-02-02 00:00:00.000
1633,962,constance0@adventure-works.com,856C5AF0-EB25-4AC1-8061-2C593826CC50,2011-05-09 00:00:00.000
1635,963,josh1@adventure-works.com,A5426AB9-F75F-4A26-9D34-E2146CD443EA,2012-01-17 00:00:00.000
1637,964,betty1@adventure-works.com,3651C840-5A94-490A-91B8-F1CDFAF1B7F7,2012-01-25 00:00:00.000
1639,965,fred3@adventure-works.com,B45A1A3C-A237-4B4C-A386-1EBC9408402A,2012-02-02 00:00:00.000
1641,966,jeff3@adventure-works.com,1AADA607-9BC3-4230-8424-76D1EBBC996A,2012-02-02 00:00:00.000
1643,967,milton1@adventure-works.com,33C384B4-DB3A-41D3-9C0E-2AA32C5D092F,2012-01-25 00:00:00.000
1645,968,sean5@adventure-works.com,E33D2541-4370-465C-B2F3-A71726A3283C,2012-01-17 00:00:00.000
1647,969,monica0@adventure-works.com,E49017C0-40CD-455D-BB66-00C2995EEFAD,2012-01-17 00:00:00.000
1649,970,marylou0@adventure-works.com,13F89808-DD5A-4A82-B976-8E51FF002E0F,2011-04-25 00:00:00.000
1651,971,kim4@adventure-works.com,41623085-CE15-42EC-8DBA-0B000674CB65,2012-02-18 00:00:00.000
1653,972,susan5@adventure-works.com,85B754CB-BF7A-462B-B52B-0C9C1803EBBB,2011-05-09 00:00:00.000
1655,973,cynthia1@adventure-works.com,7A7B5D43-D98A-4A41-8101-E5CBBFC125DB,2012-02-02 00:00:00.000
1657,974,arvind1@adventure-works.com,8BAE32D4-50C1-4AB4-81D4-4AAE47C31BEC,2011-12-24 00:00:00.000
1659,975,simon1@adventure-works.com,C7726114-A920-46CA-82C4-B2FBED95FAFF,2012-01-25 00:00:00.000
1661,976,michael21@adventure-works.com,99D312B5-CC50-4F2D-A38F-8DCFB940AB7D,2012-02-02 00:00:00.000
1663,977,suzann0@adventure-works.com,9218064E-2FE6-43C0-9BCB-3524EB28D63C,2011-05-09 00:00:00.000
1665,978,michelle1@adventure-works.com,B4CAF23C-2ABD-4924-83CD-833BCE915A1F,2012-01-29 00:00:00.000
1667,979,jamie0@adventure-works.com,413BEBBC-54A3-45A3-86D1-A204991EAD34,2012-02-03 00:00:00.000
1669,980,russell3@adventure-works.com,070B42AF-9448-4001-8BAC-4A8099B48D04,2012-02-03 00:00:00.000
1671,981,celine0@adventure-works.com,51C2F1EE-983A-4BC7-8771-482C8D4EAE53,2012-01-25 00:00:00.000
1673,982,randy1@adventure-works.com,07B1BE64-7B41-45A6-B76C-FE44740B3052,2012-02-18 00:00:00.000
1675,983,enoch0@adventure-works.com,13DFC210-26EA-49E7-AC2A-C6CAA1CD7394,2012-02-03 00:00:00.000
1677,984,eric8@adventure-works.com,A9B57E0C-EBB5-47E7-8A06-1BECEFD40706,2011-05-09 00:00:00.000
1679,985,adam1@adventure-works.com,A862C019-CA42-406D-A374-6212B486ACCC,2012-01-25 00:00:00.000
1681,986,constance1@adventure-works.com,A44B5398-0C7C-45E6-AB43-D88725053022,2012-02-02 00:00:00.000
1683,987,albert1@adventure-works.com,28146A63-206A-4D0F-ACDF-29F64E30D852,2012-02-02 00:00:00.000
1685,988,dave1@adventure-works.com,B55B7622-4B73-47AF-B276-43FF11044A36,2012-02-02 00:00:00.000
1687,989,jack3@adventure-works.com,3D0A75DF-7B0B-4C4F-A28D-1064BA61C561,2012-02-18 00:00:00.000
1689,990,marie1@adventure-works.com,8A14AA93-37A1-41B8-A655-3FFEB78E2450,2011-12-23 00:00:00.000
1691,991,william4@adventure-works.com,70913E54-1E9B-4906-85F9-71287D9DE57B,2011-12-24 00:00:00.000
1693,992,thomas3@adventure-works.com,545A11D9-6FCD-442E-92E5-4271F7A73410,2011-12-24 00:00:00.000
1695,993,stacy0@adventure-works.com,2B1F32FF-390D-4F66-AABD-A4BB8663628F,2011-12-24 00:00:00.000
1697,994,leota0@adventure-works.com,6CDC2EF3-C4C9-411C-9ABB-301ACFFCF785,2011-12-23 00:00:00.000
1699,995,david22@adventure-works.com,914E808B-E87A-4649-8BAD-362F3B4C43AC,2013-07-31 00:00:00.000
1700,996,rebecca3@adventure-works.com,E02ACE06-9A75-4A39-8E78-C1E71344EE7C,2014-05-05 00:00:00.000
1701,997,dorothy3@adventure-works.com,74D6B0A7-4426-42EB-8F5E-74CE42352CC3,2012-03-06 00:00:00.000
1702,998,carolann0@adventure-works.com,59B7A70A-3C1B-4D14-A117-85E9266F443E,2011-09-26 00:00:00.000
1703,999,scott10@adventure-works.com,6A3C827D-8F6A-4826-8B17-70B7D3511988,2012-03-17 00:00:00.000
1704,1000,jim4@adventure-works.com,B014F093-6C83-4208-9CDA-325AF9A4D49A,2012-01-14 00:00:00.000
1705,1001,eric9@adventure-works.com,47D818EC-010B-4CE2-8954-0CED61058B4E,2013-09-27 00:00:00.000
1706,1002,michael22@adventure-works.com,A516D387-9E57-4226-9E1C-B5BC94A3E676,2014-06-15 00:00:00.000
1707,1003,pablo0@adventure-works.com,E9503AEC-083E-405F-AA48-89977BB44E8B,2013-07-11 00:00:00.000
1708,1004,linda10@adventure-works.com,88308BBE-1760-40EE-8555-ECB93ADD42C2,2014-01-01 00:00:00.000
1709,1005,luke0@adventure-works.com,005A491E-546A-45FB-BEAB-C576E921454E,2014-04-17 00:00:00.000
1710,1006,lisa0@adventure-works.com,C9B97CEB-2778-4A61-A57E-69A36ACEEA9D,2012-07-11 00:00:00.000
1711,1007,michael23@adventure-works.com,CA8DF664-8C55-4550-B33A-1303D246209B,2014-02-09 00:00:00.000
1712,1008,pearlie0@adventure-works.com,F6A8C183-544F-4286-87A4-7039751FB865,2012-08-02 00:00:00.000
1713,1009,andrea0@adventure-works.com,ADE8AB04-344D-46A4-BC0A-C6B830467485,2013-11-28 00:00:00.000
1714,1010,andy2@adventure-works.com,9B67EAE7-3F7C-4389-B369-69B7CA01D7B7,2014-06-18 00:00:00.000
1715,1011,justine0@adventure-works.com,5D440F24-E702-4C05-8E72-B8B27B75DE9E,2013-12-07 00:00:00.000
1716,1012,deanna2@adventure-works.com,C171721F-B211-4BDA-8F49-F0CEA0A5141F,2014-05-01 00:00:00.000
1717,1013,lane1@adventure-works.com,2B3D2BB1-094D-43F5-9C72-1C04D34271D8,2014-03-02 00:00:00.000
1718,1014,peter5@adventure-works.com,3603E3AE-7A60-4EF3-ADF2-0B52E29BDD70,2014-03-23 00:00:00.000
1719,1015,sharon4@adventure-works.com,7C9AAC58-5ACD-4505-9668-4E4EE2E6515D,2012-03-15 00:00:00.000
1720,1016,irving0@adventure-works.com,27333C37-9A4D-4AC1-833C-2B22534F484F,2012-07-09 00:00:00.000
1721,1017,raymond1@adventure-works.com,374B578A-B743-40EE-8EB7-98FE344434E7,2013-09-10 00:00:00.000
1722,1018,mandar2@adventure-works.com,14E30AAA-E18A-41E6-A1AA-F7B693C42AB5,2013-04-08 00:00:00.000
1723,1019,john27@adventure-works.com,12C70FB9-0375-4C0F-AB3C-636217977A4F,2013-12-08 00:00:00.000
1724,1020,madalena0@adventure-works.com,62BB8189-2C22-436D-90C3-CFBE01CD9A12,2012-09-01 00:00:00.000
1725,1021,thomas4@adventure-works.com,96B47D93-3723-4496-AA43-F5FC998220E4,2013-12-26 00:00:00.000
1726,1022,ken3@adventure-works.com,F72D6502-A5AD-4A10-9189-77AB4C60B01A,2014-01-06 00:00:00.000
1727,1023,mikael1@adventure-works.com,E359EF34-8E98-43FE-A144-A6292CCD0D4D,2013-11-23 00:00:00.000
1728,1024,mary9@adventure-works.com,8EFAC586-6C8A-486D-A122-D82E2A7AE2FD,2013-12-23 00:00:00.000
1729,1025,patrick4@adventure-works.com,BBC553A4-AF3B-4740-90D0-97D73B970996,2013-01-16 00:00:00.000
1730,1026,josé5@adventure-works.com,32562890-04AB-4801-8CD0-323A3A6B6A61,2012-02-28 00:00:00.000
1731,1027,lloyd0@adventure-works.com,79A11E02-F291-4B9B-8C35-AE85C3C045B8,2014-05-31 00:00:00.000
1732,1028,vadim0@adventure-works.com,7FD6F9E4-CCF5-4589-876B-14133C7B26AB,2011-12-21 00:00:00.000
1733,1029,k0@adventure-works.com,8B55CFBF-C46C-4551-9C8A-A087666FFEF9,2013-08-31 00:00:00.000
1734,1030,gary4@adventure-works.com,551EFDF4-22D5-4A5E-B1F6-D1B635DE059D,2014-02-18 00:00:00.000
1735,1031,yvonne2@adventure-works.com,4635C780-ACE5-4BA3-AD17-7DD4C41366CD,2012-06-15 00:00:00.000
1736,1032,steve3@adventure-works.com,A80E6CCD-89E0-47B2-BC29-F84273C55131,2013-05-03 00:00:00.000
1737,1033,scot1@adventure-works.com,F5AA77E0-5AF2-45FE-9FF0-D6402D5930A3,2013-08-31 00:00:00.000
1738,1034,barbara7@adventure-works.com,B6CE5C01-3B06-4190-BE53-42180D73E54F,2013-09-06 00:00:00.000
1739,1035,mike5@adventure-works.com,122AB7B4-C194-4DC9-90DC-69BADA84190E,2014-02-11 00:00:00.000
1740,1036,scott11@adventure-works.com,F0B7F001-4F41-48A2-A688-B6278F1C0613,2012-12-08 00:00:00.000
1741,1037,birgit0@adventure-works.com,CEBDC2FF-7BA0-4E79-AC4E-F98B09A0CC3F,2014-01-31 00:00:00.000
1742,1038,steven3@adventure-works.com,B5FC6612-7D1F-47CB-9015-BD479E1CC924,2014-02-17 00:00:00.000
1743,1039,alice3@adventure-works.com,17D40A9A-F949-4476-8BF2-CB634CB6C07A,2013-07-21 00:00:00.000
1744,1040,joshua1@adventure-works.com,292DF50A-637F-491C-BB0E-D746EBE25217,2014-03-28 00:00:00.000
1745,1041,paul4@adventure-works.com,5B64398D-E37C-438B-AEFA-8046EEB0F548,2011-08-30 00:00:00.000
1746,1042,alan3@adventure-works.com,E06ACF96-2D52-4476-93BE-3450605D1CD7,2013-03-27 00:00:00.000
1747,1043,david23@adventure-works.com,D383A90F-82E3-45C1-AA95-17D09DA156FD,2013-12-14 00:00:00.000
1748,1044,janet3@adventure-works.com,CE80EF06-C0F4-4616-95DF-5AC28E269D02,2014-05-20 00:00:00.000
1749,1045,megan2@adventure-works.com,14C56CCF-ED01-41E4-9BFE-74B47571C333,2013-07-10 00:00:00.000
1750,1046,irma0@adventure-works.com,AA978C04-08AB-43B1-94CA-3A02501F7246,2013-05-06 00:00:00.000
1751,1047,daniel1@adventure-works.com,B90DE69A-67C5-4053-A5D8-63CAC8AAF44B,2014-03-20 00:00:00.000
1752,1048,misty0@adventure-works.com,F6BBA351-246B-422E-908B-517BEB80595C,2014-02-23 00:00:00.000
1753,1049,carlos0@adventure-works.com,ACC2F9D1-28D9-4E77-8346-24AB9CA7A6FF,2014-03-20 00:00:00.000
1754,1050,shish0@adventure-works.com,21C0767C-1A45-4461-BD95-EED62EA37B25,2013-09-02 00:00:00.000
1755,1051,britta1@adventure-works.com,AED42FF0-7745-4572-90C1-3A9E6042302F,2012-05-27 00:00:00.000
1756,1052,marty0@adventure-works.com,1F60263A-221B-4618-B28C-744EC4429749,2012-07-25 00:00:00.000
1757,1053,david24@adventure-works.com,04C090C6-3BDD-4223-984A-EB7E6C2CDF10,2012-12-07 00:00:00.000
1758,1054,anne0@adventure-works.com,11E7A51E-CD9C-496E-9F6F-C0107AD9EEB1,2013-11-26 00:00:00.000
1759,1055,mircea0@adventure-works.com,3B2D806D-6BBD-45E4-ADBB-25F202581329,2013-11-14 00:00:00.000
1760,1056,paul5@adventure-works.com,AB243E50-A35E-4A7F-9C41-CAE5EC4C64A7,2013-07-05 00:00:00.000
1761,1057,bonnie3@adventure-works.com,55B2F41F-9998-411B-B22C-7784CEB4AD54,2014-01-28 00:00:00.000
1762,1058,anders0@adventure-works.com,E1147294-5C2C-459D-A611-99B04999E37A,2013-12-20 00:00:00.000
1763,1059,dianne0@adventure-works.com,06BFDF23-F446-41D6-A190-A9D00131D209,2014-01-27 00:00:00.000
1764,1060,lanna0@adventure-works.com,ED9D963B-8F98-46D9-A7D9-6049DEE5511D,2014-05-15 00:00:00.000
1765,1061,cathy0@adventure-works.com,6681A96F-8608-44D3-ADD0-FD0F30F83762,2013-10-30 00:00:00.000
1766,1062,leonard0@adventure-works.com,0345DFD2-7255-4ABD-89F6-DB3DD7C007CD,2014-04-25 00:00:00.000
1767,1063,mary10@adventure-works.com,7DE5399B-87ED-4990-B649-B5D9BAA6024A,2014-05-02 00:00:00.000
1768,1064,peggy1@adventure-works.com,E87A7C74-6CAF-4F63-931F-3EF20F7B53C8,2012-08-03 00:00:00.000
1769,1065,rolando0@adventure-works.com,91490B1D-C00B-40C5-947C-0FAE1B67B56E,2011-09-16 00:00:00.000
1770,1066,ben2@adventure-works.com,D9142A81-E948-492B-9C83-AC3979E120CF,2011-10-24 00:00:00.000
1771,1067,denise2@adventure-works.com,BF26E5ED-6C66-4EC7-9F1A-39C1EF40A977,2014-05-14 00:00:00.000
1772,1068,jeff4@adventure-works.com,2EFFD7A0-6EE2-4EC6-ADF2-32CA48B4412E,2013-11-01 00:00:00.000
1773,1069,samantha1@adventure-works.com,0A0E9EB7-90FD-4298-A063-6506B5B8B190,2013-11-27 00:00:00.000
1774,1070,lorrin0@adventure-works.com,EFFA8057-5511-4F15-94A6-75608A06FB6B,2012-10-26 00:00:00.000
1775,1071,timothy1@adventure-works.com,7B916D82-0150-4D15-8768-899B676E9272,2014-04-15 00:00:00.000
1776,1072,victoria0@adventure-works.com,E66DF4E5-C649-4241-B77C-3467100BE2F7,2013-05-03 00:00:00.000
1777,1073,david25@adventure-works.com,FDAD3C08-96B4-4C43-805F-A0DE9DAE3EB7,2013-07-13 00:00:00.000
1778,1074,ajay1@adventure-works.com,DCC5E436-DDAC-40CC-B7A9-C06E1FAEF643,2013-09-21 00:00:00.000
1779,1075,alma1@adventure-works.com,8C0AC052-2683-440A-8B55-7D3256AB6491,2014-01-05 00:00:00.000
1780,1076,lolan1@adventure-works.com,BE8C0EA2-BBB7-4A23-8C9D-455CA7643F85,2013-05-20 00:00:00.000
1781,1077,william5@adventure-works.com,70DED315-A1E5-48CC-A57A-FD98014EADA0,2014-05-23 00:00:00.000
1782,1078,anibal1@adventure-works.com,F10CDACE-446E-4BD3-83C2-B6517C97754E,2013-03-12 00:00:00.000
1783,1079,sylvia1@adventure-works.com,B369F577-11BF-48A7-91E4-E5F69A977704,2014-06-13 00:00:00.000
1784,1080,phil0@adventure-works.com,9805E842-4310-4E89-B94E-0E2FFC390102,2012-02-21 00:00:00.000
1785,1081,geraldine0@adventure-works.com,14181C71-65AC-4A9A-9E67-CE56B7DE2432,2012-06-30 00:00:00.000
1786,1082,kristin0@adventure-works.com,47130B62-A668-42DD-9016-1AB99A30DE32,2012-07-31 00:00:00.000
1787,1083,mahesh0@adventure-works.com,F0CA7122-536B-4A24-B696-4E90D7F920CF,2013-06-30 00:00:00.000
1788,1084,sethu0@adventure-works.com,E12404CC-8B29-4A6B-AA04-66634387E1BB,2011-07-01 00:00:00.000
1789,1085,annik1@adventure-works.com,8434EBDA-E2BE-4C58-BFDA-BBEC817740D3,2013-07-31 00:00:00.000
1790,1086,jeff5@adventure-works.com,5BAD8369-6C65-4AF4-9A9F-EEBE146A38C3,2011-05-31 00:00:00.000
1791,1087,carina0@adventure-works.com,8C6C89F9-B560-4027-B27F-3C5D08C1C9CF,2011-08-01 00:00:00.000
1792,1088,beth1@adventure-works.com,B97A6137-4E7C-4A12-9EEC-00688A4E1130,2012-07-31 00:00:00.000
1793,1089,merrill0@adventure-works.com,8C65DB8A-C2F7-40C8-92D8-75AF0F9E33EF,2011-10-31 00:00:00.000
1794,1090,joan1@adventure-works.com,977022D8-7A54-4E2C-BBD6-A9A03C1C5FFD,2011-07-01 00:00:00.000
1795,1091,laura3@adventure-works.com,6910D08C-925C-4485-B3AD-373390DB225C,2012-06-30 00:00:00.000
1797,1092,shanay0@adventure-works.com,A28390E0-0883-4634-B325-A2006406EF4C,2012-07-31 00:00:00.000
1799,1093,heidi0@adventure-works.com,FB3C12E5-7924-4016-B28D-59DB486617F2,2011-08-01 00:00:00.000
1801,1094,stefano0@adventure-works.com,949E1A0C-2704-4FA8-B547-A345688A3C26,2012-06-30 00:00:00.000
1803,1095,alan4@adventure-works.com,D07A6CE9-FB0E-481C-8D98-0D2AA82DE204,2013-07-31 00:00:00.000
1805,1096,derik0@adventure-works.com,54BCF5F7-0E91-4842-A4E2-B2D968EBD6C0,2012-12-31 00:00:00.000
1807,1097,vassar0@adventure-works.com,7A7C9026-4790-4EDE-85BD-354D551C120A,2013-07-31 00:00:00.000
1809,1098,wathalee0@adventure-works.com,5EA29472-3841-493D-95CE-0B7029CEAF28,2013-07-31 00:00:00.000
1811,1099,alice4@adventure-works.com,AD0D69DB-9102-484E-89E7-1DD9FD001209,2013-06-30 00:00:00.000
1813,1100,lizamarie0@adventure-works.com,5B81FCE9-F1DC-4113-AED9-BAC061E41403,2013-06-30 00:00:00.000
1815,1101,jim5@adventure-works.com,D773E3A1-42AF-4D1D-A5F0-8CF40A08F054,2012-07-31 00:00:00.000
1817,1102,judy2@adventure-works.com,379684B6-B7A2-4D79-BE92-9D35B23B2D48,2013-07-31 00:00:00.000
1819,1103,louis0@adventure-works.com,F83BB5E2-A2FA-49D1-96AE-237137FA62FB,2011-05-31 00:00:00.000
1821,1104,robert12@adventure-works.com,4C7AB502-B1AA-431C-8C2A-DF53996498AE,2012-05-30 00:00:00.000
1823,1105,kayla0@adventure-works.com,7AADC710-E300-420A-A19E-B6B8A9C3D246,2012-12-31 00:00:00.000
1825,1106,charles2@adventure-works.com,D25F9B2E-5C07-47C7-9C69-B01E2E0900AD,2012-05-30 00:00:00.000
1827,1107,rubysue0@adventure-works.com,433A92E5-F007-475C-8557-B8BF1E84D4B8,2011-07-01 00:00:00.000
1829,1108,min1@adventure-works.com,91DA9346-1DDA-4AC6-AFF2-9FA11EE951EF,2012-07-31 00:00:00.000
1831,1109,gary5@adventure-works.com,1781FD7C-F79D-4182-8057-4A98F9C54DEA,2012-06-30 00:00:00.000
1833,1110,ruth2@adventure-works.com,E59614C8-3478-4E37-9A5B-A876452623FD,2012-06-30 00:00:00.000
1835,1111,elizabeth4@adventure-works.com,BD0C2BB6-B8B8-4978-A494-73784BE700BB,2012-07-31 00:00:00.000
1837,1112,michael24@adventure-works.com,FEC9E732-C6A9-434B-A19D-E9166C2F087E,2012-09-30 00:00:00.000
1839,1113,marcia0@adventure-works.com,61936764-679D-4375-8329-1507685B0BF9,2012-05-30 00:00:00.000
1841,1114,nate0@adventure-works.com,AEAEC0B3-3D90-4E6B-82C3-15124DD52C4F,2012-07-31 00:00:00.000
1843,1115,krishna1@adventure-works.com,E24099E5-8C3A-43D2-B346-EAA361395A44,2012-07-31 00:00:00.000
1845,1116,brad0@adventure-works.com,A1C0E844-7A9F-48CD-8003-F6A1CC026386,2013-05-30 00:00:00.000
1847,1117,martin1@adventure-works.com,02B7F48D-5A45-4F11-AD42-6330C3150D52,2011-05-31 00:00:00.000
1849,1118,abraham0@adventure-works.com,1CFD2DDA-0F9C-420B-91C7-DE020926FD4F,2011-05-31 00:00:00.000
1851,1119,katherine1@adventure-works.com,416109B4-7136-4A27-BF9B-12A07B5AE8A4,2013-07-31 00:00:00.000
1853,1120,manoj0@adventure-works.com,7645552F-1A67-4B03-A56B-F5168FC03273,2013-07-31 00:00:00.000
1855,1121,shelly0@adventure-works.com,8F1F5AFD-F18B-4CDF-AAFA-3D1748753323,2013-06-30 00:00:00.000
1857,1122,julie1@adventure-works.com,1AD453BD-B053-4708-B7D0-475B89AC78A4,2012-06-30 00:00:00.000
1859,1123,clarence0@adventure-works.com,65037036-4C1E-4980-9F8A-EEC37588DF26,2011-07-01 00:00:00.000
1861,1124,damon0@adventure-works.com,6F371643-7BBA-4F75-BA54-DE8BF049739C,2012-05-30 00:00:00.000
1863,1125,mike6@adventure-works.com,183F55CF-0031-4054-ADC3-E12D1B616570,2011-10-01 00:00:00.000
1865,1126,denis0@adventure-works.com,188C9114-DABC-48EA-8A7E-6F392884DEE3,2013-06-30 00:00:00.000
1867,1127,jeff6@adventure-works.com,8A6BFE66-6993-4A2F-A617-98A04A41EE88,2012-06-30 00:00:00.000
1869,1128,chad1@adventure-works.com,A77AABA8-7D5B-475B-A704-15DCB8C52B4E,2013-06-30 00:00:00.000
1871,1129,sameer1@adventure-works.com,F0680EA0-B4D1-4FC9-918C-6740F9A6530C,2013-06-30 00:00:00.000
1873,1130,vanessa0@adventure-works.com,1A558CBC-AE30-4B7B-9F24-26D5592B19AB,2013-06-30 00:00:00.000
1875,1131,judy3@adventure-works.com,DF763E53-B8C5-4841-9D38-D1482B39A6E6,2012-04-30 00:00:00.000
1877,1132,karen4@adventure-works.com,C5EB2EEB-8FE6-4455-9772-D006A585A8C6,2012-05-30 00:00:00.000
1879,1133,ram0@adventure-works.com,FC5BE2A8-77D8-444F-A173-FD3450D0824B,2013-07-31 00:00:00.000
1881,1134,phyllis2@adventure-works.com,25CB27D7-FD85-4BE4-9D05-799636660623,2011-05-31 00:00:00.000
1883,1135,james14@adventure-works.com,FDE603A9-45B2-4304-9E9E-89F7C14283DD,2011-08-01 00:00:00.000
1885,1136,donald1@adventure-works.com,1D4CFFC8-6A28-4309-8525-75B2095B685A,2013-07-31 00:00:00.000
1887,1137,kendra0@adventure-works.com,5EA9EB44-6C91-4FFB-9830-4D6DDDC14928,2013-05-30 00:00:00.000
1889,1138,daniel2@adventure-works.com,B485C70F-FEF7-4EFC-A50B-8DAB8240C4D7,2013-07-31 00:00:00.000
1891,1139,andrea1@adventure-works.com,28580E45-51C9-4147-A00B-B2038E41D6F8,2013-07-31 00:00:00.000
1893,1140,rossane0@adventure-works.com,74C23063-7810-4A96-937F-2455B8DA0E6F,2013-06-30 00:00:00.000
1895,1141,yuping0@adventure-works.com,C449B0DD-8005-4DEA-87EC-736A7F964E90,2011-07-01 00:00:00.000
1897,1142,mike7@adventure-works.com,D8FE3CC9-F5E3-4FA7-BBBE-702B9F7075A1,2012-05-30 00:00:00.000
1899,1143,diane5@adventure-works.com,85228BF2-0CD1-402A-BEC0-D63E71989C58,2011-07-01 00:00:00.000
1901,1144,danielle2@adventure-works.com,57EBA699-9BAC-4E0A-986D-5177D1C6533A,2012-06-30 00:00:00.000
1903,1145,tony0@adventure-works.com,4DB59FDC-28C9-45F3-AB76-8B8BF36AD008,2013-06-30 00:00:00.000
1905,1146,john28@adventure-works.com,670C5E8C-89F9-4532-B986-E1AAEB1CE7CB,2013-10-30 00:00:00.000
1907,1147,dragan1@adventure-works.com,6B25EAAD-FD97-4757-BD76-3E500584B591,2011-05-31 00:00:00.000
1909,1148,delia0@adventure-works.com,B9E56B23-3F66-4298-9357-674D4F6D5EE7,2013-07-31 00:00:00.000
1911,1149,alvin0@adventure-works.com,6E696A3E-3015-44D5-A1D1-F27CF847085B,2013-10-30 00:00:00.000
1913,1150,anna1@adventure-works.com,CD5B2DF9-6269-411A-B38F-C0B51AE14DFD,2013-07-31 00:00:00.000
1915,1151,glenn0@adventure-works.com,46E156C3-07EE-4D1C-B1E9-3159323B79C9,2012-07-31 00:00:00.000
1917,1152,abe0@adventure-works.com,980E42A6-8BF7-4995-8B5F-73E3A22AF443,2011-05-31 00:00:00.000
1919,1153,james15@adventure-works.com,E7D46B20-AD71-4F26-9482-4637DEDC659B,2013-07-31 00:00:00.000
1921,1154,olga0@adventure-works.com,0B5E7446-115D-443C-BCB3-BB7CA41068F5,2013-05-30 00:00:00.000
1923,1155,doris2@adventure-works.com,BBB88E83-465F-4E80-A61B-00111039CF6F,2012-06-30 00:00:00.000
1925,1156,jean4@adventure-works.com,E9877347-AD90-4522-A3FB-FDCE4DD1DA86,2013-06-30 00:00:00.000
1927,1157,billy0@adventure-works.com,62046AAA-851D-48FD-957C-E706984AB9F7,2013-07-31 00:00:00.000
1929,1158,david26@adventure-works.com,FB1B3C6A-965A-420A-9F2F-65A7B30B1EFC,2011-08-01 00:00:00.000
1931,1159,michaeljohn0@adventure-works.com,19F757CE-6196-4EA8-849F-86A5B466B3A7,2013-07-31 00:00:00.000
1933,1160,christie0@adventure-works.com,C982B3F2-260F-4F20-BF76-FE712D63DE35,2011-08-01 00:00:00.000
1935,1161,lynn2@adventure-works.com,B84D1683-985B-431D-A8C2-EF692DA0319F,2011-07-01 00:00:00.000
1937,1162,gracia0@adventure-works.com,5564B0F7-E28A-4000-8264-67097242C998,2013-07-31 00:00:00.000
1939,1163,phyllis3@adventure-works.com,D60F448B-8758-4AC6-BCAB-CF407431B619,2013-06-30 00:00:00.000
1941,1164,mary11@adventure-works.com,C1D490A7-4391-44D9-9F52-97F3A0D228EE,2013-06-30 00:00:00.000
1943,1165,sairaj1@adventure-works.com,80FB19C1-E2E4-47C1-B56D-9EFDDBE7B4EA,2012-06-30 00:00:00.000
1945,1166,sunil0@adventure-works.com,AFD65DC5-1FEB-4B82-9135-0D9E79EBC45D,2011-07-01 00:00:00.000
1947,1167,mary12@adventure-works.com,EFE5C86F-10A1-4CFE-BDD0-E3C5493C94E5,2011-08-31 00:00:00.000
1949,1168,rachel1@adventure-works.com,F5322E11-CA8E-45C9-8D9D-1E177D47BE36,2013-07-31 00:00:00.000
1951,1169,esther0@adventure-works.com,1F29104B-2902-4000-9D88-9D2BE7A3EA53,2012-05-30 00:00:00.000
1953,1170,h0@adventure-works.com,4006E421-1929-4F3D-8A5E-7BF5BDB8D2F2,2013-04-30 00:00:00.000
1955,1171,jessie0@adventure-works.com,2C2D1E21-BE70-406F-B12D-348C4F0CB32A,2011-07-01 00:00:00.000
1957,1172,johnathan0@adventure-works.com,1B308745-60B9-4E10-ADF6-01A9DF53509D,2013-06-30 00:00:00.000
1959,1173,roger2@adventure-works.com,4CBDC6A4-B793-4510-BC30-A89AE42202A1,2012-10-30 00:00:00.000
1961,1174,mandy0@adventure-works.com,63B1D5DC-12F9-48EB-B22A-D483887F58BA,2012-06-30 00:00:00.000
1963,1175,rose1@adventure-works.com,45A1AF57-2C96-4AC7-AD73-761AB5CD86CF,2012-05-30 00:00:00.000
1965,1176,gregory1@adventure-works.com,86D2CA75-EBEE-441D-BA79-3D7790D64BF9,2012-07-31 00:00:00.000
1967,1177,michael25@adventure-works.com,1BFFCC53-1963-4762-ADC5-CA0B471B454A,2011-08-01 00:00:00.000
1969,1178,margaret2@adventure-works.com,28C93F7A-6151-43B3-BB33-9037E761B6CE,2011-07-01 00:00:00.000
1971,1179,kara0@adventure-works.com,2466D8C5-34DC-4F64-B467-8FE4BA3F3AAC,2012-06-30 00:00:00.000
1973,1180,carlos1@adventure-works.com,B53189C6-9507-47FB-9FD9-D08E6A808285,2013-06-30 00:00:00.000
1975,1181,nieves0@adventure-works.com,0EE4569C-3A84-45BB-92A6-B7F3050889F9,2012-05-30 00:00:00.000
1977,1182,gary6@adventure-works.com,F4331656-D08D-4F2E-BC6A-0B961CCE43FD,2012-07-31 00:00:00.000
1979,1183,ranjit1@adventure-works.com,1A64E039-9BEB-463D-B9F3-B14D0404A2FB,2011-07-01 00:00:00.000
1981,1184,patricia2@adventure-works.com,D42B6085-288F-4C3E-A178-5D9DCBC4E0B5,2012-06-30 00:00:00.000
1983,1185,raja0@adventure-works.com,2A90F1D4-C8F1-4920-B698-7174198138DE,2012-07-31 00:00:00.000
1985,1186,kevin6@adventure-works.com,824DDD8E-742F-4D70-B1F1-F6B09A36CED5,2012-05-30 00:00:00.000
1987,1187,dora0@adventure-works.com,C4348E33-41AA-429A-B974-0F380E2C7EEB,2012-06-30 00:00:00.000
1989,1188,wanda0@adventure-works.com,5A9A678A-F589-4CE4-A619-A6F2C8B8A3EF,2013-05-30 00:00:00.000
1991,1189,robert13@adventure-works.com,5CE8D98D-5782-4FD2-B0C1-CED2F90D6E24,2011-07-01 00:00:00.000
1993,1190,caroline0@adventure-works.com,6F4512B2-D166-4C90-9397-1C435BE69AC3,2012-07-31 00:00:00.000
1995,1191,shane3@adventure-works.com,8280EA4F-2A0A-4517-B451-6465514E8647,2013-06-30 00:00:00.000
1996,1192,homer0@adventure-works.com,01E63F0F-60CD-4101-9013-D8B7EC76F5F8,2013-05-30 00:00:00.000
1997,1193,eric10@adventure-works.com,AD0A3276-2252-461D-8371-63E6EE0E8475,2013-07-31 00:00:00.000
1998,1194,keith1@adventure-works.com,A0958470-ABAD-491F-B640-FEC407B7454A,2012-05-30 00:00:00.000
1999,1195,filomena0@adventure-works.com,6E8BEC0E-AE8E-4226-8F72-F5757A599998,2013-07-31 00:00:00.000
2000,1196,helen3@adventure-works.com,F889CD65-D775-456D-A775-0C01440C0EC8,2011-08-01 00:00:00.000
2001,1197,william6@adventure-works.com,245F298E-E4C1-4E82-A6D2-35C2602C5809,2013-08-30 00:00:00.000
2002,1198,florence0@adventure-works.com,5AC893DD-9018-45B8-873B-0FF49F7FBBCF,2013-07-31 00:00:00.000
2003,1199,florian0@adventure-works.com,12DE132B-9736-4277-8B51-58623C09DFF9,2012-06-30 00:00:00.000
2004,1200,janice2@adventure-works.com,7EB5A189-C4AB-47C7-8F32-2ECB53AE83BD,2013-07-31 00:00:00.000
2005,1201,rohinton0@adventure-works.com,E338572B-F151-4AE3-88EF-01363774E2F8,2012-06-30 00:00:00.000
2006,1202,julie2@adventure-works.com,4279E297-7F97-4EFB-8875-44D7A3284EC3,2012-06-30 00:00:00.000
2007,1203,deb0@adventure-works.com,5BAF9E09-083C-47C3-8165-AA0222618EAC,2013-06-30 00:00:00.000
2008,1204,silvia0@adventure-works.com,53B01FCD-8A33-4606-AC5B-90273ECB4170,2013-06-30 00:00:00.000
2009,1205,hazel0@adventure-works.com,7E101762-5E37-46BE-81A6-32F4851ECA99,2011-10-01 00:00:00.000
2010,1206,joanna0@adventure-works.com,24EE5708-6C50-494B-B467-FD6B33D0EEED,2011-08-01 00:00:00.000
2011,1207,bryan3@adventure-works.com,8F2E10EA-3138-4FDE-9138-DD96ED5163C6,2013-07-31 00:00:00.000
2012,1208,jian0@adventure-works.com,18AAFFEE-BF50-46F7-9269-4CA5A849CEC1,2012-09-30 00:00:00.000
2013,1209,qiang0@adventure-works.com,95FA485F-2042-442D-9EA3-4E0EC3B6035F,2012-06-30 00:00:00.000
2014,1210,tony1@adventure-works.com,EE7FFA75-0338-4DFB-9331-A96479200BC5,2013-07-31 00:00:00.000
2015,1211,ruth3@adventure-works.com,5B2CBB64-607C-43DE-B931-E1C9B8B49C45,2011-07-01 00:00:00.000
2016,1212,clay0@adventure-works.com,B875A86F-7516-42D9-B418-D753AA90991F,2012-07-31 00:00:00.000
2017,1213,irene1@adventure-works.com,3B0F2194-04EB-4F59-BD0B-2773CB44F141,2012-07-31 00:00:00.000
2018,1214,becky0@adventure-works.com,8487493E-1EC0-45BE-BE08-D43067229AE5,2011-05-31 00:00:00.000
2019,1215,darren1@adventure-works.com,A330966B-F746-4B7F-A7F8-6DF2B1B5DD92,2012-07-31 00:00:00.000
2020,1216,jason1@adventure-works.com,BC46D810-4C87-4469-AA60-B28723553C07,2013-07-31 00:00:00.000
2021,1217,kristin1@adventure-works.com,8F6B65A6-0A99-4B2D-9BBB-0254B6229296,2011-07-01 00:00:00.000
2022,1218,peter6@adventure-works.com,95865224-04AD-4FD8-8E26-E7F66FAEFF25,2012-07-31 00:00:00.000
2023,1219,francis0@adventure-works.com,E81FB859-2680-47CB-8AB1-272AB0D6E8E7,2012-05-30 00:00:00.000
2024,1220,gregory2@adventure-works.com,3E6BC9A3-DED5-482C-8934-13478A3E209E,2011-07-01 00:00:00.000
2025,1221,dorothy4@adventure-works.com,C3312325-E649-4879-9D4A-E158B9683C1A,2013-07-31 00:00:00.000
2026,1222,ole0@adventure-works.com,0264B983-7F99-489B-A4BB-55A25924B9A8,2013-07-31 00:00:00.000
2027,1223,alexandra0@adventure-works.com,BE134564-D815-4B4F-96CA-94E6D736C045,2011-08-01 00:00:00.000
2028,1224,paul6@adventure-works.com,6128BCDD-D26A-475F-BE9E-34995F005797,2011-08-01 00:00:00.000
2029,1225,nigel0@adventure-works.com,526C1E72-5C1A-4549-996D-D95577A573A4,2013-07-31 00:00:00.000
2030,1226,kerry0@adventure-works.com,5C005D24-A41F-4887-A511-79AB8115CBE7,2011-07-01 00:00:00.000
2031,1227,gail2@adventure-works.com,73D98D1D-7D1C-46F0-BE7C-7ACFD1C872C2,2012-06-30 00:00:00.000
2032,1228,ann3@adventure-works.com,2B187A34-CDFF-4576-98E1-DF4570016FD0,2013-07-31 00:00:00.000
2033,1229,sam0@adventure-works.com,899FEA90-76A7-4F7F-A598-824038093970,2012-07-31 00:00:00.000
2034,1230,wendy2@adventure-works.com,60DEFD5E-5313-41C6-9EC6-62493D071C6B,2011-08-01 00:00:00.000
2035,1231,vivian0@adventure-works.com,E4553928-9567-4BAB-A5AD-38164597C3F4,2011-07-01 00:00:00.000
2036,1232,cynthia2@adventure-works.com,555F0831-036F-4A9E-B4CF-4B6029FDEEB3,2012-06-30 00:00:00.000
2037,1233,mike8@adventure-works.com,8D45DD65-6CEF-4870-BE33-6154B3654421,2012-01-17 00:00:00.000
2038,1234,vincent0@adventure-works.com,0CE13DF5-9DB2-4134-A249-B7D0AE4C14A6,2012-01-17 00:00:00.000
2039,1235,steven4@adventure-works.com,B14018F6-734F-4E63-93C5-58EC64B6E841,2012-01-17 00:00:00.000
2040,1236,gregory3@adventure-works.com,1B3D64F7-C6EF-42B5-8098-E4C7413E35B8,2012-02-02 00:00:00.000
2041,1237,catherine1@adventure-works.com,68796E1D-DF95-49E1-ADFD-CC7855A33AC1,2012-01-17 00:00:00.000
2042,1238,shawn1@adventure-works.com,605D9543-C2C0-4080-BB5E-A5319FC79CE0,2012-01-25 00:00:00.000
2043,1239,todd1@adventure-works.com,0F076F0F-8CE2-4407-B17F-59F427D929EE,2012-01-25 00:00:00.000
2044,1240,kelly1@adventure-works.com,4AE162A2-B250-4328-8FDF-9184D7162B9B,2012-02-03 00:00:00.000
2045,1241,jay5@adventure-works.com,B4599264-680E-4215-8F0C-DEF6D55EAF47,2011-12-24 00:00:00.000
2046,1242,benjamin3@adventure-works.com,4723BD3E-F4CF-4316-A3AD-1AD32ED06838,2012-01-25 00:00:00.000
2047,1243,gloria2@adventure-works.com,F037005C-E22B-4B16-95B6-8F3F7DC2322C,2012-02-03 00:00:00.000
2048,1244,dan2@adventure-works.com,845FF801-6187-4F9E-B921-2CA5EBCB373C,2012-02-03 00:00:00.000
2049,1245,james16@adventure-works.com,18EAD8A1-7A94-4448-89C9-CF8CDAF994F8,2011-04-25 00:00:00.000
2050,1246,kathleen1@adventure-works.com,A06658F0-7999-4AC3-B69B-AD2D157D0BC5,2012-06-30 00:00:00.000
2052,1247,barbara8@adventure-works.com,61D27951-3AFE-4DA9-A67A-2B92250D8084,2011-04-25 00:00:00.000
2053,1248,mark6@adventure-works.com,0B70E8D3-40A2-4E45-A8C7-8616C0FC628C,2011-05-09 00:00:00.000
2054,1249,charlene0@adventure-works.com,3F131861-FB26-4C47-9B49-34CE89A01387,2011-12-23 00:00:00.000
2055,1250,audrey0@adventure-works.com,CFEC1559-6BE4-4502-9E4F-54B97D52227F,2011-12-23 00:00:00.000
2056,1251,eunice0@adventure-works.com,4EFD7E62-B0F8-42A8-812C-DB6F45FF3C72,2011-12-23 00:00:00.000
2057,1252,dorothy5@adventure-works.com,3328652C-72F1-45D1-8250-47AE1A9DB0F4,2011-12-23 00:00:00.000
2058,1253,john29@adventure-works.com,DA45B328-7BC7-4966-94CE-525104162187,2011-12-23 00:00:00.000
2059,1254,caroline1@adventure-works.com,AAFB710D-4672-4296-B5B7-1D4241BE82F1,2011-12-24 00:00:00.000
2060,1255,sheela1@adventure-works.com,36459507-90F5-4A45-83D4-0178C1F35292,2011-12-24 00:00:00.000
2061,1256,michiel0@adventure-works.com,4E7857F8-AA2F-4C82-BE5D-CC847793A23F,2011-04-25 00:00:00.000
2062,1257,michael26@adventure-works.com,261D4A27-EE9E-4F0E-B7EE-76E20528F9E2,2011-05-09 00:00:00.000
2063,1258,steven5@adventure-works.com,BFE725FB-B0AD-4073-9367-6BA631C12E5C,2011-05-09 00:00:00.000
2064,1259,peng1@adventure-works.com,1BFBC629-E09B-43FD-9C5F-5056BD17A189,2011-12-23 00:00:00.000
2065,1260,lenore0@adventure-works.com,D73462CB-B249-4FDE-AC2A-E7DC10EA991A,2012-01-17 00:00:00.000
2066,1261,arthur0@adventure-works.com,826A2C8E-3DF1-4577-B6D9-989D6A11EA74,2012-01-17 00:00:00.000
2067,1262,tai0@adventure-works.com,440F941E-2FF8-4D75-A1EE-13827834BBB6,2012-01-17 00:00:00.000
2068,1263,joe2@adventure-works.com,55609056-2CF5-4578-9E3A-7656A6B05A07,2012-02-02 00:00:00.000
2069,1264,richard6@adventure-works.com,5FB8FE3E-A3F0-402E-829D-CC2DD245E626,2012-01-17 00:00:00.000
2070,1265,garrett2@adventure-works.com,9FEFFD3D-4132-4374-AB4A-407E56CBB85C,2012-01-25 00:00:00.000
2071,1266,rob3@adventure-works.com,4A4F12D9-4AE3-4BC8-8EC1-6BCA87B205D8,2012-01-25 00:00:00.000
2072,1267,tom3@adventure-works.com,3732CFAD-DA45-4CA4-97CD-135FC9D8553F,2012-02-03 00:00:00.000
2073,1268,wei0@adventure-works.com,66DEEFD7-5CE2-4770-AEBD-67DB745C2747,2011-12-24 00:00:00.000
2074,1269,ian0@adventure-works.com,2CFDAE02-E6A4-4EB7-B814-17A0624F0B39,2012-01-25 00:00:00.000
2075,1270,gary7@adventure-works.com,6BC6412A-4BEA-4B68-9D22-7D952B26193E,2012-02-03 00:00:00.000
2076,1271,greg5@adventure-works.com,22027F45-7739-4808-9584-52C22F14671C,2012-02-03 00:00:00.000
2077,1272,eugene3@adventure-works.com,3924AE8F-3A04-45FD-B38A-C4EFC1C28C3C,2011-04-25 00:00:00.000
2078,1273,robert14@adventure-works.com,5B5A991A-4CB4-42AB-B61C-C4D0108C2761,2011-04-25 00:00:00.000
2079,1274,michael27@adventure-works.com,3B43EFC3-A006-4DDA-8007-7995E70FB6A4,2011-05-09 00:00:00.000
2080,1275,jo3@adventure-works.com,EF7E0FB4-8EFE-493E-A97E-B0868435B7ED,2011-12-23 00:00:00.000
2081,1276,frank8@adventure-works.com,D9F29A9F-1F82-4E17-878B-8172A49A19C6,2011-12-23 00:00:00.000
2082,1277,larry0@adventure-works.com,A62DCCE3-6CDF-4D29-97DA-9B2EF5CD10B6,2011-12-23 00:00:00.000
2083,1278,arvid0@adventure-works.com,494B565A-0461-4AEA-8503-995378E36C7B,2011-12-23 00:00:00.000
2084,1279,karin0@adventure-works.com,0EAA2494-3941-459A-BAF0-F9B1F99AF35E,2011-12-23 00:00:00.000
2085,1280,juanita1@adventure-works.com,9913259C-62AB-4ED8-83E6-C909337C3249,2011-12-24 00:00:00.000
2086,1281,carla2@adventure-works.com,8F982165-5E41-4DBD-8D6E-F7DA8E8D4A1B,2011-12-24 00:00:00.000
2087,1282,patricia3@adventure-works.com,1F7EF29E-CEA2-4D57-8588-667ED02D64BF,2012-02-02 00:00:00.000
2088,1283,judy4@adventure-works.com,C42AE484-DE95-4243-8B3A-75FF3744094A,2011-12-24 00:00:00.000
2089,1284,michael28@adventure-works.com,E8463314-1901-4E6B-9A87-5342C039DD56,2012-01-25 00:00:00.000
2090,1285,cathan0@adventure-works.com,F46433A7-2DCE-4736-94E7-BEDC8F34F672,2012-01-25 00:00:00.000
2091,1286,david27@adventure-works.com,93AD73F4-8BFF-4F4B-92D2-EA38C08C6902,2008-01-24 00:00:00.000
2092,1287,qiang1@adventure-works.com,EE05388C-91A2-4327-8893-861F5D1923BC,2007-11-04 00:00:00.000
2093,1288,andy3@adventure-works.com,482AA01B-B9FF-475B-AE38-7BF7CA6473B4,2010-12-23 00:00:00.000
2094,1289,jeff7@adventure-works.com,488C67E0-C3D0-45E8-8497-31016ADE54EA,2011-01-11 00:00:00.000
2095,1290,gregory4@adventure-works.com,D729AF92-27AE-44FF-B7D0-C9316C90C911,2007-12-30 00:00:00.000
2096,1291,kathie2@adventure-works.com,3D1009EA-FF33-49FB-8B90-BCA253904B74,2013-12-16 00:00:00.000
2097,1292,luca0@adventure-works.com,A4124AAF-D3A3-4C54-89C8-2E66B2EC7103,2010-11-28 00:00:00.000
2098,1293,walter2@adventure-works.com,65CDA8FD-475E-49F8-A20C-8AE1F98F1649,2010-12-16 00:00:00.000
2099,1294,beverly0@adventure-works.com,208CD7EA-E772-4FE2-BE24-2534F3813108,2007-12-04 00:00:00.000
2100,1295,erin2@adventure-works.com,D64926C6-E4A7-4E07-A808-0F3B801E1863,2011-02-08 00:00:00.000
2101,1296,george4@adventure-works.com,3E4A09F0-4A09-4B11-A3E4-6AC77D06CEC1,2010-12-28 00:00:00.000
2102,1297,kim5@adventure-works.com,699F902B-D2D4-438A-B843-A56ACBF0CE72,2013-03-07 00:00:00.000
2103,1298,karen5@adventure-works.com,F75E97B5-3229-44BA-BE1B-9EAB803D2D03,2012-04-09 00:00:00.000
2104,1299,sean6@adventure-works.com,08624F5F-503F-4BC6-B809-0F53002277C7,2011-05-24 00:00:00.000
2105,1300,john30@adventure-works.com,E10A26B4-F6FB-4A09-AF9E-380E827D873C,2011-05-24 00:00:00.000
2106,1301,susan6@adventure-works.com,7A832DE6-EB33-45FE-8357-882920D0D546,2011-05-24 00:00:00.000
2107,1302,jim6@adventure-works.com,9CDA99F4-9AC8-4FC6-B99C-BB95671965D4,2011-05-24 00:00:00.000
2108,1303,scott12@adventure-works.com,E7340CBD-1F7E-4BC4-91C2-8991A68DD69D,2011-05-24 00:00:00.000
2109,1304,lori4@adventure-works.com,6A934777-47C3-4106-890F-D53A88997198,2011-05-24 00:00:00.000
2110,1305,heidi1@adventure-works.com,2396B3AA-C679-43A3-B49E-FA2EB3F4BB5E,2011-05-24 00:00:00.000
2111,1306,mandy1@adventure-works.com,B230E0A2-376D-4F10-9BA2-8D122F2E6041,2011-05-24 00:00:00.000
2112,1307,deb1@adventure-works.com,E19F6BF7-5EC9-4163-8B42-48BA1F402097,2012-05-23 00:00:00.000
2113,1308,james17@adventure-works.com,59D34D14-2302-4D60-9241-AF0ADBDAB48E,2013-05-23 00:00:00.000
2114,1309,john31@adventure-works.com,294E0AFF-6BCE-4001-88C1-58D1E53DA4D7,2013-05-23 00:00:00.000
2115,1310,frank9@adventure-works.com,41244E92-246A-4902-AD02-3CD9D59C9E54,2012-05-23 00:00:00.000
2116,1311,joanna1@adventure-works.com,6ABA06CC-7B1F-4943-9FE9-10AB41E7C0FE,2011-05-24 00:00:00.000
2117,1312,scott13@adventure-works.com,C73D9EBC-BB47-4AF1-ADAF-E7AAB4C3ABFA,2007-12-13 00:00:00.000
2118,1313,brian7@adventure-works.com,08E95DC5-8674-42E9-B181-E26CA3E37584,2010-12-31 00:00:00.000
2119,1314,pat4@adventure-works.com,972A4788-ACBD-46E2-86F0-7AB2D9486B49,2007-01-19 00:00:00.000
2120,1315,molly0@adventure-works.com,B6C1B766-C0E2-4B59-8281-EC153F9D906E,2011-02-07 00:00:00.000
2121,1316,susan7@adventure-works.com,40F89E69-684E-4B8B-B8C0-6149C8300BCD,2009-02-23 00:00:00.000
2122,1317,brian8@adventure-works.com,E79D0544-E2C6-44A3-8C43-36C2338B4E8C,2008-12-05 00:00:00.000
2123,1318,lawrie0@adventure-works.com,09C1E0F3-28C7-425E-819D-9FAD567400CD,2009-01-05 00:00:00.000
2124,1319,kevin7@adventure-works.com,FD2730C9-7055-49CA-9D17-BC4AEA8948B2,2009-01-11 00:00:00.000
2125,1320,dan3@adventure-works.com,887AB504-6BC2-457F-8A1A-255492CC0E26,2011-01-31 00:00:00.000
2126,1321,colin0@adventure-works.com,9C85A7D7-74BA-468E-8CEA-4838DCDD9DCE,2011-02-18 00:00:00.000
2127,1322,andrew6@adventure-works.com,874A2614-5BA7-46DB-B217-9F08BD248187,2010-11-29 00:00:00.000
2128,1323,clair0@adventure-works.com,4ED00CD7-E292-4818-9CD4-217226D36986,2010-12-18 00:00:00.000
2129,1324,michael29@adventure-works.com,662E81F2-8544-4E07-8E91-54B05CF683A0,2010-01-04 00:00:00.000
2130,1325,jim7@adventure-works.com,C45E4C8E-2A75-4E99-B5D8-F306C3E1AFF0,2010-01-24 00:00:00.000
2131,1326,gabe1@adventure-works.com,1A02079D-BFE9-472B-AA47-B9F2A79C61F2,2010-01-20 00:00:00.000
2132,1327,christie1@adventure-works.com,71203151-CD18-4B9A-811C-718D3644D7B4,2010-03-02 00:00:00.000
2133,1328,darrell1@adventure-works.com,97D39213-AA1F-490E-9C7A-E3EBC332F294,2009-12-10 00:00:00.000
2134,1329,david28@adventure-works.com,2E104E0A-DE4E-4E3D-91D7-EC44F158D7BB,2009-12-28 00:00:00.000
2135,1330,bonnie4@adventure-works.com,87BC6C06-2754-4EC9-96CB-73C4EFC4BA0C,2010-01-16 00:00:00.000
2136,1331,kim6@adventure-works.com,6C702CE2-3796-422C-8779-F511C2DC8FF4,2009-02-03 00:00:00.000
2137,1332,julia1@adventure-works.com,19498580-E0E9-4F6D-BF67-ED3C6FBFA983,2009-02-21 00:00:00.000
2138,1333,frank10@adventure-works.com,46DB13D6-FBE9-4363-AF52-944D6FB0CFBC,2009-02-01 00:00:00.000
2139,1334,joseph5@adventure-works.com,8D4B92F5-5A49-47C3-9A1F-B43EF66C5052,2008-12-22 00:00:00.000
2140,1335,ken4@adventure-works.com,BCAC241D-D76C-4C2F-94CA-35E01F00AACD,2009-01-09 00:00:00.000
2141,1336,david29@adventure-works.com,710624D4-1F72-4B60-9321-CC954E28E48E,2009-01-27 00:00:00.000
2142,1337,annette1@adventure-works.com,B489EF0E-368F-4B68-9262-8F5BFC646741,2009-02-15 00:00:00.000
2143,1338,deborah3@adventure-works.com,EA6F16E2-68B5-453E-A99E-2D95EAB6C06D,2008-11-26 00:00:00.000
2144,1339,carol4@adventure-works.com,CD6E08CE-B0D4-4232-89C0-12434E87DA25,2008-12-15 00:00:00.000
2145,1340,amy3@adventure-works.com,74A2CDE7-BB59-44C5-86FD-543026C08D50,2009-02-14 00:00:00.000
2146,1341,jeff8@adventure-works.com,C9B2C743-2836-45B5-B3AD-82B8E8B03D44,2009-01-20 00:00:00.000
2147,1342,yvonne3@adventure-works.com,30BE0A52-D21D-4C51-8882-D4ABC652AD18,2009-02-08 00:00:00.000
2148,1343,bart1@adventure-works.com,59AC87C2-0DEA-445D-A575-F634D7A6988C,2009-02-26 00:00:00.000
2149,1344,maria0@adventure-works.com,C63ABBAB-14EB-4D03-9129-5A0226CEFACD,2008-12-08 00:00:00.000
2150,1345,greg6@adventure-works.com,8462D188-13E3-41E9-9E37-9181D90E498B,2008-12-27 00:00:00.000
2151,1346,kari1@adventure-works.com,520009E0-4333-4738-9908-9A6ABED9E737,2009-01-14 00:00:00.000
2152,1347,tim2@adventure-works.com,4DC13BD8-C3D9-4F36-8499-F44B28324532,2009-02-01 00:00:00.000
2153,1348,frank11@adventure-works.com,A699B391-BA5E-4537-8627-37108A42C918,2009-02-19 00:00:00.000
2154,1349,run1@adventure-works.com,703500D9-8900-4675-9982-814C7FFD3402,2008-12-01 00:00:00.000
2155,1350,steve4@adventure-works.com,CB88DA3A-9413-467E-9E3E-61CC6CF4C3D2,2008-12-20 00:00:00.000
2156,1351,mindy2@adventure-works.com,E61D7905-64E7-4CEB-9D72-A07E5A30CC85,2013-12-31 00:00:00.000
2157,1352,robert15@adventure-works.com,40BEABCE-A041-4395-898A-71FF39E4CF44,2008-02-20 00:00:00.000
2158,1353,eva1@adventure-works.com,ADDF9364-2F14-46C4-918C-04327265C65A,2014-02-07 00:00:00.000
2159,1354,andrew7@adventure-works.com,CD9F677E-5A3A-48F0-843C-3DAC618BDC84,2007-12-19 00:00:00.000
2160,1355,ruth4@adventure-works.com,DA89F208-290F-40F6-A161-4ACB34719094,2007-12-30 00:00:00.000
2161,1356,brian9@adventure-works.com,CED8E88F-FE1D-41EC-9C67-41A2E91BA666,2008-01-26 00:00:00.000
2162,1357,karen6@adventure-works.com,291DEA8E-5EE2-416D-A1E6-4C0C3FA16A22,2008-02-13 00:00:00.000
2163,1358,chris7@adventure-works.com,5116F6FF-7700-46F7-9280-F5325B6B80C0,2014-01-31 00:00:00.000
2164,1359,chris8@adventure-works.com,6CDFF254-E5FD-496D-A352-0BAFEC5C0C7D,2008-03-21 00:00:00.000
2165,1360,david30@adventure-works.com,71C83F61-6C9D-4A79-9369-577E55233175,2013-11-29 00:00:00.000
2166,1361,sylvester1@adventure-works.com,7934E3C4-83DC-4240-A2CF-BCE9EE076301,2009-12-25 00:00:00.000
2167,1362,john32@adventure-works.com,CD6CFCD7-BF67-4226-95C1-A1A2637B9F99,2009-12-18 00:00:00.000
2168,1363,lisa1@adventure-works.com,E7217DD5-3122-42C9-81E3-30ADB66E7A08,2010-02-01 00:00:00.000
2169,1364,lori5@adventure-works.com,B82F9F9C-13E0-4173-BAAD-5821608F8EB0,2010-02-20 00:00:00.000
2170,1365,kim7@adventure-works.com,1025E6B2-3693-41F5-84D3-E3E145C16EB5,2009-11-29 00:00:00.000
2171,1366,josh2@adventure-works.com,FC27E8A2-54EC-49CE-81C5-637855BC473B,2009-12-18 00:00:00.000
2172,1367,marc2@adventure-works.com,FDA449FC-7CE5-4C5D-B1F9-1F8F3B45E704,2010-01-05 00:00:00.000
2173,1368,mandy2@adventure-works.com,DF012354-3E6F-4D2A-B791-D4BEA98AD38B,2010-01-25 00:00:00.000
2174,1369,ajay2@adventure-works.com,2D2FE696-F94E-409A-946C-C3CA3F452AA0,2010-02-13 00:00:00.000
2175,1370,jean5@adventure-works.com,7267B833-7B0D-4D3A-871E-6381D4F3C40F,2010-03-03 00:00:00.000
2176,1371,phil1@adventure-works.com,0660B9B1-5930-48D6-B893-60E55A667B3B,2009-12-11 00:00:00.000
2177,1372,tony2@adventure-works.com,04C60983-E0F6-4C37-AFAD-9197B44E16E7,2009-12-30 00:00:00.000
2178,1373,nate1@adventure-works.com,F8461C3D-4B21-4D68-943E-7390C2A68B42,2010-01-17 00:00:00.000
2179,1374,balaganesan0@adventure-works.com,41F78E17-C7DA-4F0F-B460-11BC0E57A6F0,2010-02-06 00:00:00.000
2180,1375,tim3@adventure-works.com,D28B2383-3746-4D97-BC80-9907A4574CB8,2010-02-25 00:00:00.000
2181,1376,christopher3@adventure-works.com,88610F3B-B2F0-4046-9EC0-54B6AC930136,2009-12-04 00:00:00.000
2182,1377,shish1@adventure-works.com,B2B260D2-E181-4FE3-896E-527B16443332,2010-01-15 00:00:00.000
2183,1378,alexandre0@adventure-works.com,D5D202F5-1876-4BCA-8CE1-C0F6FBBE42C0,2009-01-10 00:00:00.000
2184,1379,ben3@adventure-works.com,3C03F082-ABF7-4D2A-BC2B-FA7A26AD8357,2009-01-28 00:00:00.000
2185,1380,jennifer2@adventure-works.com,1054CD62-3BD2-4A36-A24C-7C282319862C,2009-02-16 00:00:00.000
2186,1381,ivo1@adventure-works.com,FD0920B6-6607-4A6C-9DEF-F7C9FECA3BB1,2008-11-27 00:00:00.000
2187,1382,amy4@adventure-works.com,256C793B-EAB0-4F46-AB78-966405940E66,2008-12-16 00:00:00.000
2188,1383,kim8@adventure-works.com,CAD0CA84-295D-4142-8917-951D2B06747B,2009-01-04 00:00:00.000
2189,1384,craig0@adventure-works.com,6962A98B-F084-49FE-8957-BF632F3830A2,2009-01-27 00:00:00.000
2190,1385,simon2@adventure-works.com,5195D28A-C1C2-40E8-8DFB-7D0D9245C6E1,2009-02-09 00:00:00.000
2191,1386,alfredo0@adventure-works.com,45DF2C48-0E21-47E0-925B-26C08541BB3F,2009-02-28 00:00:00.000
2192,1387,jon3@adventure-works.com,2A3BFBA2-36F2-412C-B501-67718691391C,2008-12-09 00:00:00.000
2193,1388,debra0@adventure-works.com,5A2DBD75-A62F-4B23-ADF9-F3D654A7D7CE,2008-12-28 00:00:00.000
2194,1389,jeff9@adventure-works.com,4F2AD28B-E7F8-4095-AEEC-34E71D0A49C2,2009-01-15 00:00:00.000
2195,1390,jeff10@adventure-works.com,FD3426F9-68A8-4FCF-BE10-B7B79C554CF4,2009-02-02 00:00:00.000
2196,1391,arno0@adventure-works.com,95F03B02-02B8-40D1-882C-3C310595314F,2009-02-21 00:00:00.000
2197,1392,lisa2@adventure-works.com,5D886B63-F39D-44EB-BD42-2E25CE3F6C2B,2008-12-02 00:00:00.000
2198,1393,kendall2@adventure-works.com,210F534A-927A-4884-B901-4EBF75096388,2008-12-21 00:00:00.000
2199,1394,debra1@adventure-works.com,90A275C3-2F4D-4F8D-901D-EA0335CB8D64,2009-01-09 00:00:00.000
2200,1395,jonathan2@adventure-works.com,6AB376A8-EE69-4B63-91D4-BE77BEC3E987,2009-01-26 00:00:00.000
2201,1396,sunil1@adventure-works.com,2539576A-8C79-4235-9F55-4B0F2F807FAF,2009-02-14 00:00:00.000
2202,1397,judy5@adventure-works.com,80BE42E7-591B-40D8-9D6A-5DFA3133C8AA,2008-11-25 00:00:00.000
2203,1398,yan1@adventure-works.com,90F8EF23-C3FC-463E-9569-6424A37200A9,2008-12-14 00:00:00.000
2204,1399,richard7@adventure-works.com,44D04EDD-E195-4430-AD3E-E83003BB7218,2009-02-24 00:00:00.000
2205,1400,linda11@adventure-works.com,C4E1584F-B1E3-406D-BBDE-28B6A5E231AB,2009-01-20 00:00:00.000
2206,1401,linda12@adventure-works.com,F0906AD4-AD94-4084-9DFE-9937C8E7F2AD,2009-02-07 00:00:00.000
2207,1402,chris9@adventure-works.com,0D519F2A-F41A-48AB-80F8-133F3C8F04CF,2009-02-26 00:00:00.000
2208,1403,tai1@adventure-works.com,23A8B07B-1254-4D4B-B7F2-90AD8D5AFD9C,2008-12-07 00:00:00.000
2209,1404,deb2@adventure-works.com,109E5B7E-D2FA-43DA-B158-488E304A86B0,2008-12-26 00:00:00.000
2210,1405,jim8@adventure-works.com,3DBE1621-6920-4C7F-86CA-9C5B6A8A3616,2009-01-14 00:00:00.000
2211,1406,jill3@adventure-works.com,ABCC95B7-4508-4E78-8D69-AA9424E41B1D,2008-11-30 00:00:00.000
2212,1407,tai2@adventure-works.com,5256AA13-E256-4E16-888C-3119594A4FB1,2009-02-19 00:00:00.000
2213,1408,jianshuo1@adventure-works.com,A685CE52-25A7-43FF-88CC-3068684570EF,2008-11-30 00:00:00.000
2214,1409,frank12@adventure-works.com,A293690F-68C8-4467-9A2C-81719D9D1704,2008-12-19 00:00:00.000
2215,1410,tracy0@adventure-works.com,D0182C47-5888-43FF-A015-0C7ECB881632,2009-01-07 00:00:00.000
2216,1411,mandar3@adventure-works.com,9C66DDA1-0C39-48C2-9679-EE1A646A8B99,2009-01-24 00:00:00.000
2217,1412,ciam0@adventure-works.com,76E2FE07-1ADB-48F9-B055-C3037188919B,2009-02-12 00:00:00.000
2218,1413,margie1@adventure-works.com,398A7B4B-9687-4440-8193-9797BF940453,2008-11-24 00:00:00.000
2219,1414,cristian2@adventure-works.com,8B787088-C392-4807-8058-15EC27C530B1,2008-12-12 00:00:00.000
2220,1415,marie2@adventure-works.com,F728D808-AA99-4EFA-B930-B3B425B67E77,2008-12-31 00:00:00.000
2221,1416,houman1@adventure-works.com,948F0F6D-323A-4615-B3E5-7BAF101A99ED,2009-01-19 00:00:00.000
2222,1417,jamie1@adventure-works.com,E62D1542-7F63-4AE6-8A33-C1F048AE2AD1,2009-02-05 00:00:00.000
2223,1418,eric11@adventure-works.com,C8D4DA0C-CDC8-4842-88B9-2C6EF31DEF07,2009-02-24 00:00:00.000
2224,1419,amy5@adventure-works.com,28764715-91CD-4094-BCC0-6A9F1B81729D,2008-12-05 00:00:00.000
2225,1420,william7@adventure-works.com,7E931CF4-AC78-4740-8E93-B36B38197319,2008-12-24 00:00:00.000
2226,1421,dan4@adventure-works.com,0AC2C842-ED2B-48E4-8BE6-65948CD6EC7E,2008-12-28 00:00:00.000
2227,1422,michal0@adventure-works.com,2DE2311A-6EF8-40E7-A60E-C0EAA549D06D,2009-01-29 00:00:00.000
2228,1423,bobby1@adventure-works.com,E4FB85BE-C79E-4941-B5D8-691D7B6AD6E5,2009-02-17 00:00:00.000
2229,1424,laura4@adventure-works.com,24A2F843-8AC6-4840-AE11-BB3451C234C5,2008-11-29 00:00:00.000
2230,1425,salman1@adventure-works.com,E9B33AD3-1AE2-4D25-8AEE-34896C6AF9E2,2008-12-17 00:00:00.000
2231,1426,frank13@adventure-works.com,5A82DA82-E3FC-44A1-97D7-61100EEECC05,2009-01-05 00:00:00.000
2232,1427,bridgette0@adventure-works.com,B7BE46CE-EBB3-4DD0-8995-CF6412C7AEE8,2009-01-22 00:00:00.000
2233,1428,mark7@adventure-works.com,3D24CADB-B532-4FAC-87CE-6D97ABD4EC28,2009-01-10 00:00:00.000
2234,1429,kenneth0@adventure-works.com,A9225FF1-9BA4-46E0-8E5D-9B37D1D7399E,2009-03-01 00:00:00.000
2235,1430,barbara9@adventure-works.com,78E50D0B-0BB3-4399-8D73-D71E4D7EC452,2008-12-10 00:00:00.000
2236,1431,holly2@adventure-works.com,37459C7D-F2F1-4E2E-B3B7-DEFBD8DEB93D,2008-12-29 00:00:00.000
2237,1432,terri1@adventure-works.com,288C0D81-044B-4DD2-902B-1C0ABBD33462,2010-01-17 00:00:00.000
2238,1433,david31@adventure-works.com,5060307F-C819-4DA0-ABB5-D083B50D12D4,2010-02-05 00:00:00.000
2239,1434,ruth5@adventure-works.com,C7C1C65E-534C-48AB-85F3-7BF5410A21DF,2010-02-24 00:00:00.000
2240,1435,geoff1@adventure-works.com,32165558-EB2C-4B49-B0E7-9E236D82F05E,2009-12-04 00:00:00.000
2241,1436,erin3@adventure-works.com,3754B2EB-4581-43D0-9756-DA23341D1CA8,2009-12-22 00:00:00.000
2242,1437,imtiaz1@adventure-works.com,47B4E24D-A924-4773-8F2C-4AFE3F30D3B4,2010-01-10 00:00:00.000
2243,1438,linda13@adventure-works.com,01279A6E-9FB4-4AB2-95BA-C9B6D40E0779,2010-01-29 00:00:00.000
2244,1439,bob3@adventure-works.com,0ECDD228-05B3-4F28-B42D-EE29FD3ACAA1,2009-02-15 00:00:00.000
2245,1440,vamsi2@adventure-works.com,04AB7E6E-24A2-49EB-9A44-901E770BE6CF,2008-11-27 00:00:00.000
2246,1441,sheela2@adventure-works.com,87DF307E-2D8C-4C1A-BB11-C465D45D246C,2008-12-15 00:00:00.000
2247,1442,sheela3@adventure-works.com,057FE455-EFB7-4630-A2D2-B2524D2E2D28,2009-01-03 00:00:00.000
2248,1443,nicole1@adventure-works.com,4A93CBE8-4C29-45B3-ADAD-CD1A07B51421,2009-02-06 00:00:00.000
2249,1444,ryan5@adventure-works.com,FAD99902-9E61-4B19-994C-2FA99017F05B,2009-02-08 00:00:00.000
2250,1445,debra2@adventure-works.com,2782A670-F6F1-4831-AA70-42AEFDDCFF85,2009-02-27 00:00:00.000
2251,1446,toby1@adventure-works.com,24596FFE-0C14-4285-8205-06AAA6E9B555,2008-12-08 00:00:00.000
2252,1447,alan5@adventure-works.com,1A49FFA9-94A6-4986-B54D-C7B17D1FB70D,2008-12-27 00:00:00.000
2253,1448,laura5@adventure-works.com,6E9E95CA-4A53-45AF-BA34-ECAC48B2C9F8,2009-01-15 00:00:00.000
2254,1449,lorraine2@adventure-works.com,9D22F01E-7F8D-449D-AD6D-BF1817C7A071,2009-02-01 00:00:00.000
2255,1450,raquel1@adventure-works.com,A6261399-3CCC-4875-BCFE-6BEBC97B2313,2009-02-19 00:00:00.000
2256,1451,tom4@adventure-works.com,DC6D8736-DE0A-423C-A2DA-16AB098867DC,2008-12-02 00:00:00.000
2257,1452,debra3@adventure-works.com,05457659-6C3A-4669-9684-5A0FC08109AD,2008-12-20 00:00:00.000
2258,1453,euan0@adventure-works.com,BA188F3D-E4F5-4291-874A-18F2F7ADD4B3,2009-01-08 00:00:00.000
2259,1454,janet4@adventure-works.com,7438601B-1FE7-4765-8F6E-1DF01795698C,2009-01-26 00:00:00.000
2260,1455,james18@adventure-works.com,8EF5B17C-54D7-4201-9CA1-D0B2A067D433,2009-02-13 00:00:00.000
2261,1456,marie3@adventure-works.com,5E25395D-3549-468A-B2F7-36A1FA4C4E55,2008-11-25 00:00:00.000
2262,1457,amy6@adventure-works.com,48D8441D-9D83-4BCD-83D6-A4DA3E30CC7A,2008-11-25 00:00:00.000
2263,1458,adina0@adventure-works.com,B201C10E-3B45-43EF-83F8-6BBB2A8CA09D,2009-01-01 00:00:00.000
2264,1459,jim9@adventure-works.com,B8C9147D-19D2-431A-961C-6784CC3F0932,2009-01-20 00:00:00.000
2265,1460,reed2@adventure-works.com,BB2F1DA2-99AB-4735-9995-B5F47E1F3257,2009-02-06 00:00:00.000
2266,1461,steven6@adventure-works.com,6203B544-70B5-41A2-91E2-3CE7B0B5BBA0,2009-02-25 00:00:00.000
2267,1462,linda14@adventure-works.com,E832CE17-2417-4FC5-B957-BAD489B9CEB2,2008-12-07 00:00:00.000
2268,1463,cathan1@adventure-works.com,2DC0B870-074D-470E-8064-7D90E189AFF4,2008-12-25 00:00:00.000
2269,1464,don3@adventure-works.com,DCB0609B-6542-44EA-8796-210F7B891D5D,2009-01-13 00:00:00.000
2270,1465,blaine1@adventure-works.com,15DB6D0F-CCB2-4A99-AD6C-865470CDBB33,2008-12-10 00:00:00.000
2271,1466,janice3@adventure-works.com,EC7B66D7-2F7C-4987-BD4A-DFF7708DB2EE,2009-02-18 00:00:00.000
2272,1467,aaron1@adventure-works.com,CD9810B6-A8CD-4732-8F9A-26097FEC3FE8,2008-11-30 00:00:00.000
2273,1468,ed2@adventure-works.com,BB063413-6667-409B-8CE7-FD3D933D7105,2008-12-18 00:00:00.000
2274,1469,judy6@adventure-works.com,8761A8E7-5BB4-4322-B991-4A87C337B574,2009-01-06 00:00:00.000
2275,1470,zheng2@adventure-works.com,4C2F4CA3-C7D4-4E9B-9968-207398996EDC,2009-01-24 00:00:00.000
2276,1471,amy7@adventure-works.com,AC17DCBA-4A86-416E-BA77-99547B731A69,2009-02-11 00:00:00.000
2277,1472,jennifer3@adventure-works.com,A614D81D-8C8F-4219-87E1-3F01376548DC,2009-02-03 00:00:00.000
2278,1473,karin1@adventure-works.com,392632A6-51A3-457E-8B7B-9F308B5EBDFA,2008-12-12 00:00:00.000
2279,1474,david32@adventure-works.com,84751FCA-F578-4187-9559-40106673AE1D,2008-12-30 00:00:00.000
2280,1475,laura6@adventure-works.com,76122261-497F-4BC6-9353-48638C86E89E,2009-01-18 00:00:00.000
2281,1476,louis1@adventure-works.com,E6248284-2C41-48A9-92D5-AE438B1E1607,2009-02-04 00:00:00.000
2282,1477,peter7@adventure-works.com,FD99459E-5D25-4E01-A7CA-5FFBD161C13D,2009-02-23 00:00:00.000
2283,1478,ajay3@adventure-works.com,A467262B-3B28-4822-ABF4-4069E48A796A,2008-12-05 00:00:00.000
2284,1479,lynn3@adventure-works.com,7188BD4C-6D82-401F-96DC-EC812B0D4000,2009-01-05 00:00:00.000
2285,1480,ben4@adventure-works.com,2A153771-E6B8-4334-BCF4-A8F3C632C1F9,2009-01-11 00:00:00.000
2286,1481,lorrin1@adventure-works.com,97EBFA76-0EFB-4B2D-99B3-4250D8E26BFF,2009-01-29 00:00:00.000
2287,1482,dylan2@adventure-works.com,00B07A01-1774-4E99-BD9A-86CC0FBF6991,2009-02-16 00:00:00.000
2288,1483,lisa3@adventure-works.com,FC44E49F-145F-41C4-9E88-07AB8A5EAA01,2008-11-28 00:00:00.000
2289,1484,darin0@adventure-works.com,F59201D9-5A7A-4AE7-9BB4-16C92065A957,2008-12-17 00:00:00.000
2290,1485,mindy3@adventure-works.com,0412D12A-BDE2-452E-8362-A6D6002BBD38,2009-01-04 00:00:00.000
2291,1486,robert16@adventure-works.com,0AB2CBFD-3706-4BF9-B5EF-EE6DE79E7098,2009-01-22 00:00:00.000
2292,1487,yoichiro0@adventure-works.com,8DED1FA2-F2B4-49F0-84C4-857ADD6474F8,2009-02-09 00:00:00.000
2293,1488,mahesh1@adventure-works.com,31D03A6C-E221-441E-8BAF-E7CAAABCB9AD,2009-02-28 00:00:00.000
2294,1489,anav0@adventure-works.com,50F66BD6-4C2D-49F8-A0A6-25F9FDA35B24,2008-12-10 00:00:00.000
2295,1490,david33@adventure-works.com,CEB51A1F-0FA4-4A29-874D-5B749F2E463B,2008-12-28 00:00:00.000
2296,1491,vidur1@adventure-works.com,932CC74D-2187-4282-820A-821037D93706,2009-01-16 00:00:00.000
2297,1492,sunil2@adventure-works.com,5C2BBEE4-35AE-4BB1-82F6-A1C4ECEE4994,2009-02-03 00:00:00.000
2298,1493,waleed0@adventure-works.com,348B6C30-7BD8-4D69-8FDD-EACCA8219330,2006-06-23 00:00:00.000
2299,1494,manish0@adventure-works.com,EF33471B-4DB0-43B6-90FE-D0EF2EEF7D67,2009-02-01 00:00:00.000
2300,1495,ken5@adventure-works.com,166C7EC5-1705-45A9-BD64-58F5F08FFC78,2008-12-22 00:00:00.000
2301,1496,josh3@adventure-works.com,A0F75A4C-2B33-4723-809C-39EB6151DE76,2010-01-09 00:00:00.000
2302,1497,patricia4@adventure-works.com,D6BC43B3-936D-424A-A6FD-4D2E0663E2DE,2010-01-29 00:00:00.000
2303,1498,jan3@adventure-works.com,7F5646B2-2273-4FD4-B19B-E6FE30892824,2010-02-16 00:00:00.000
2304,1499,linda15@adventure-works.com,1967E6CD-9719-46A2-864D-71132C4D6FBD,2009-11-26 00:00:00.000
2305,1500,sunil3@adventure-works.com,623DBA44-45BA-4CD7-9E95-73F83A3CB6B6,2009-12-15 00:00:00.000
2306,1501,aaron2@adventure-works.com,1FC8E86D-3571-4592-9E89-95A8B36828A6,2010-02-16 00:00:00.000
2307,1502,jenny1@adventure-works.com,32A8C6AD-4D0D-43CF-AD9E-DBDF5B49E0F3,2010-01-22 00:00:00.000
2308,1503,sandra5@adventure-works.com,F7B2D8DA-AE5C-4122-A005-F5BFC267FBB5,2009-02-08 00:00:00.000
2309,1504,ann4@adventure-works.com,DED3141C-7966-4D72-A3CA-482AA42C8A4C,2009-02-26 00:00:00.000
2310,1505,chris10@adventure-works.com,A9AB609D-FB72-4CC5-9D64-E9A7B3940F71,2008-12-08 00:00:00.000
2311,1506,shaun1@adventure-works.com,71F9E021-00CB-47E8-8981-18CC50E48BD1,2008-12-26 00:00:00.000
2312,1507,dan5@adventure-works.com,DF5A878E-0ACE-403D-A485-D68773CD4D27,2009-01-14 00:00:00.000
2313,1508,richard8@adventure-works.com,2AB48694-4A6A-401D-BE8F-129206164BDC,2009-02-01 00:00:00.000
2314,1509,susan8@adventure-works.com,9BBD9B4A-5E0C-4F76-9AD7-07AE1F14F737,2009-02-19 00:00:00.000
2315,1510,jim10@adventure-works.com,F6A4F95E-E54E-4A59-AED3-E38EBC2A744D,2008-12-01 00:00:00.000
2316,1511,sunil4@adventure-works.com,AAEB290B-AC4C-4B08-A9E7-6BB2B0A7BF5E,2008-12-20 00:00:00.000
2317,1512,leo1@adventure-works.com,61C19808-ED02-4BF0-A24C-9993D96D956C,2009-01-07 00:00:00.000
2318,1513,yan2@adventure-works.com,6A6331E8-BED9-4EC1-AA8C-40E5205B41A0,2009-01-25 00:00:00.000
2319,1514,linda16@adventure-works.com,C23D4BBE-5CAE-4446-A131-29CF7240040F,2009-02-13 00:00:00.000
2320,1515,tai3@adventure-works.com,EF08B7F6-1FD2-40DA-9CD4-B9E9ECAFA7C6,2008-11-24 00:00:00.000
2321,1516,a1@adventure-works.com,5137AA89-3E58-4A05-825D-F634B5CE8FD7,2008-12-05 00:00:00.000
2322,1517,manoj1@adventure-works.com,DB5367D9-762A-4612-83E7-C2BD7E34789A,2008-12-31 00:00:00.000
2323,1518,john33@adventure-works.com,D5437635-2050-4E26-9316-F3A954CEA83D,2009-01-19 00:00:00.000
2324,1519,jo4@adventure-works.com,99B60D83-AE8B-4D3C-A8FA-1265B4859388,2009-02-06 00:00:00.000
2325,1520,imtiaz2@adventure-works.com,1347B3F6-8CBE-465D-B5E3-EE8F8DAC9D06,2009-02-24 00:00:00.000
2326,1521,dawn0@adventure-works.com,38CC0C9E-4E94-4950-8777-EE6E81655BD4,2008-12-06 00:00:00.000
2327,1522,linda17@adventure-works.com,8D9DD48B-6347-4981-988C-20865D6EE9DD,2008-12-25 00:00:00.000
2328,1523,benjamin4@adventure-works.com,961F0C2C-288C-4FC9-9791-5421F05E74D9,2008-12-18 00:00:00.000
2329,1524,john34@adventure-works.com,9B8DE9BE-F35D-40FB-87F1-16A63F39C659,2009-01-30 00:00:00.000
2330,1525,luca1@adventure-works.com,1B1E6B99-F5CC-49E8-B345-55402AA69842,2009-02-18 00:00:00.000
2331,1526,bradley1@adventure-works.com,972C6523-5CF6-4D8D-B0D6-CD0DB5F6314B,2008-11-29 00:00:00.000
2332,1527,wendy3@adventure-works.com,EC4C946F-8DAE-41AF-BDE2-AFB2F470949F,2008-12-18 00:00:00.000
2333,1528,michael30@adventure-works.com,8A22D99F-EF51-4605-8267-F72D1B753DA8,2009-01-05 00:00:00.000
2334,1529,run2@adventure-works.com,91017B5F-A3C6-49ED-8466-A5B8F411B15C,2009-01-23 00:00:00.000
2335,1530,scott14@adventure-works.com,89827157-7511-4A6B-939C-2A3BD71ADBF7,2009-02-11 00:00:00.000
2336,1531,cynthia3@adventure-works.com,DCF48048-9069-475B-A27A-7F1C7D3655D9,2009-03-01 00:00:00.000
2337,1532,gary8@adventure-works.com,29CA1CC2-926C-4953-8C06-FC7DB2F13A7C,2008-12-11 00:00:00.000
2338,1533,jane4@adventure-works.com,2A7C07FA-D161-4D12-ABAE-D6C47075E9A0,2008-12-30 00:00:00.000
2339,1534,tracy1@adventure-works.com,01488EDC-1D92-45D0-B4E5-BFB9A885E37B,2009-01-17 00:00:00.000
2340,1535,joe3@adventure-works.com,EADECA3F-81A5-46E4-A0A2-788C8E402502,2009-02-04 00:00:00.000
2341,1536,phil2@adventure-works.com,C3D20E4D-0B95-42DF-9A49-BBD79582DACD,2009-02-22 00:00:00.000
2342,1537,jean6@adventure-works.com,5D03E338-4888-43CB-B268-B85C3A70D803,2008-12-04 00:00:00.000
2343,1538,connie1@adventure-works.com,9D8CFCA6-100D-41AF-9591-9A15CA96FC7F,2009-01-15 00:00:00.000
2344,1539,julie3@adventure-works.com,39A25165-CCA9-4FCD-B6E7-241D7A214E8B,2009-01-10 00:00:00.000
2345,1540,jim11@adventure-works.com,51E22677-C651-428E-BBD3-9E2CEB19B5A0,2009-01-28 00:00:00.000
2346,1541,jean7@adventure-works.com,88C59E78-1127-48D9-8CB4-B4CF1B216738,2009-02-16 00:00:00.000
2347,1542,kim9@adventure-works.com,14B51067-C9F3-4AEC-A03E-C40CA67D4AF5,2008-11-27 00:00:00.000
2348,1543,janaina1@adventure-works.com,1E4325A3-85B0-4815-81EC-6DBECFA1CCBC,2008-12-16 00:00:00.000
2349,1544,dan6@adventure-works.com,D8482B24-7F28-4CA1-A2E1-80BDA483DF18,2009-01-04 00:00:00.000
2350,1545,nancy4@adventure-works.com,D7B62535-057C-4E65-B49F-F2DB89A7007F,2009-01-27 00:00:00.000
2351,1546,craig1@adventure-works.com,085EA376-CBF3-4148-91B7-CD0C93AF05CD,2009-02-09 00:00:00.000
2352,1547,amy8@adventure-works.com,50A5FCAD-159E-41D5-9C6A-94BE5E6318B5,2009-02-27 00:00:00.000
2353,1548,helge1@adventure-works.com,D544F168-8795-4615-9C9A-BD2D2CF8EDB3,2008-12-09 00:00:00.000
2354,1549,josh4@adventure-works.com,2C33FEE7-E663-494C-B078-2C4F9A9DAC64,2008-12-28 00:00:00.000
2355,1550,andy4@adventure-works.com,54307CC5-1118-41F5-A0F4-84749B02F8FB,2009-01-15 00:00:00.000
2356,1551,terry2@adventure-works.com,33868B0F-264F-4DCA-8FEF-5EADB79BECE7,2009-02-02 00:00:00.000
2357,1552,sam1@adventure-works.com,1B76706E-9B6F-4AB0-A7F1-929A8E104B45,2009-02-21 00:00:00.000
2358,1553,paul7@adventure-works.com,20EFAA11-7375-459A-AF02-F30A21C5AE1D,2008-12-02 00:00:00.000
2359,1554,chris11@adventure-works.com,C88CE5FF-53CC-41DE-B40A-D2153DB56147,2008-12-21 00:00:00.000
2360,1555,mete1@adventure-works.com,43B9ECD4-7606-40B2-B43A-7A7499B7EDD9,2009-01-08 00:00:00.000
2361,1556,ido1@adventure-works.com,A2621655-9477-4CED-BC33-2C7D51F61E22,2009-01-26 00:00:00.000
2362,1557,steven7@adventure-works.com,863AACFB-C423-4B25-B274-50D978FE28DD,2010-02-16 00:00:00.000
2363,1558,gary9@adventure-works.com,E3D69D1B-D0F6-4A3C-B2EE-7AD10DDC9122,2009-11-25 00:00:00.000
2364,1559,alex2@adventure-works.com,B17E2997-BA53-444F-B4F3-62B5DEB5ED04,2009-12-14 00:00:00.000
2365,1560,bradley2@adventure-works.com,A1799D65-D4CE-4A13-98CF-B132C9B6B3CF,2010-02-26 00:00:00.000
2366,1561,david34@adventure-works.com,4490D63B-842F-4A03-B8B8-42D68C46D795,2010-01-20 00:00:00.000
2367,1562,anton1@adventure-works.com,4DF9CEBB-898E-40FF-BDEC-B68B42818549,2010-02-28 00:00:00.000
2368,1563,sharon5@adventure-works.com,240CBB06-E0F1-4D66-AC83-3F0F2895C00D,2008-12-07 00:00:00.000
2369,1564,shay0@adventure-works.com,60AFB91B-586A-48E2-9C70-6697D5A4D0C7,2008-12-26 00:00:00.000
2370,1565,katie2@adventure-works.com,2D966430-DBB9-4CB5-A625-902A5000642A,2009-01-13 00:00:00.000
2371,1566,roger3@adventure-works.com,469CF408-172B-48F1-9C12-CCD38E4B56C4,2008-11-30 00:00:00.000
2372,1567,luis1@adventure-works.com,E8956527-A58F-43D9-B234-96A53E6C9EA8,2009-02-19 00:00:00.000
2373,1568,kelly2@adventure-works.com,04EC30E9-2F5A-4233-A1A3-B1CF6767E848,2008-11-30 00:00:00.000
2374,1569,michael31@adventure-works.com,4043AE58-81F6-4B93-B037-CE6B4348D238,2008-12-19 00:00:00.000
2375,1570,michael32@adventure-works.com,3D0F49BC-3FA0-498B-941F-C51457084A88,2009-01-07 00:00:00.000
2376,1571,claire0@adventure-works.com,30127C61-CB5E-40BE-B070-ABF2A4CB4032,2009-01-24 00:00:00.000
2377,1572,susan9@adventure-works.com,CE52E48A-641B-4243-A38D-0C933D591F0C,2012-09-23 00:00:00.000
2378,1573,sue0@adventure-works.com,E29F48FC-67EF-4E23-841C-2846EA73DF4A,2009-04-26 00:00:00.000
2379,1574,ben5@adventure-works.com,E0C21EC4-1BD3-4121-8037-1A481A92D6FA,2007-11-28 00:00:00.000
2380,1575,warren0@adventure-works.com,AC8594FA-A0D4-4DF0-8A49-D31856C3328C,2014-06-28 00:00:00.000
2381,1576,warren1@adventure-works.com,93768AD9-0008-4BA3-A6D8-E3D14548B3FF,2014-04-20 00:00:00.000
2382,1577,kelvin0@adventure-works.com,7E354940-FBE2-4C94-A9E6-2716ACBBF866,2014-02-11 00:00:00.000
2383,1578,crystal0@adventure-works.com,8B8BBDCA-4363-4F73-B37C-17A17C26D45A,2014-01-05 00:00:00.000
2384,1579,crystal1@adventure-works.com,15B2B73C-A10D-4E19-BC2E-1AAFDAC187BF,2013-01-21 00:00:00.000
2385,1580,laura7@adventure-works.com,DD8851CB-F7B7-422C-9998-73874476E94B,2014-02-15 00:00:00.000
2386,1581,laura8@adventure-works.com,54527B18-69BA-4371-9E46-000BCAB45A82,2014-05-14 00:00:00.000
2387,1582,laura9@adventure-works.com,2500E551-0A7F-410F-B7D3-6659CDEFB88E,2011-10-13 00:00:00.000
2388,1583,laura10@adventure-works.com,539C4FA5-1C45-49CA-87E8-1BE66153F141,2013-01-20 00:00:00.000
2389,1584,laura11@adventure-works.com,BEB5F181-6190-4AB2-B16B-8DA375296CDE,2013-09-04 00:00:00.000
2390,1585,laura12@adventure-works.com,37B49370-F1EC-42CE-8465-750832C6B78F,2012-11-17 00:00:00.000
2391,1586,laura13@adventure-works.com,15C32014-AA11-467D-82B2-B03749A975B7,2012-04-20 00:00:00.000
2392,1587,francis1@adventure-works.com,BE07810A-E732-427F-8495-CE109F490636,2013-04-01 00:00:00.000
2393,1588,laura14@adventure-works.com,D0839C0B-3F78-46DD-A661-3BD0D5AC332C,2011-12-16 00:00:00.000
2394,1589,laura15@adventure-works.com,77B89F6F-411C-4BA9-BB51-607A7AA7AC39,2012-07-20 00:00:00.000
2395,1590,laura16@adventure-works.com,4A23CFA2-1C76-4895-AAA5-09AB24D8C4F0,2013-05-13 00:00:00.000
2396,1591,laura17@adventure-works.com,3E449DE3-5F88-4BE6-9B73-AA1170416781,2013-08-20 00:00:00.000
2397,1592,isabella0@adventure-works.com,5C4C2E42-57A3-4FAA-8DA0-A7CC0F0AA7E8,2013-10-06 00:00:00.000
2398,1593,laura18@adventure-works.com,8372861E-6948-4F7E-B132-D13AB77F162C,2012-07-17 00:00:00.000
2399,1594,isabella1@adventure-works.com,88ED755D-0D88-48BC-841E-FB03F743B1F0,2011-11-27 00:00:00.000
2400,1595,laura19@adventure-works.com,9BD2AD8B-2DEC-412F-BBE9-97DCA3188DBB,2013-12-05 00:00:00.000
2401,1596,laura20@adventure-works.com,662922E3-5E08-4A00-9B5A-E9F7974F9E85,2014-05-15 00:00:00.000
2402,1597,isabella2@adventure-works.com,743DA3AC-A310-41D5-B50F-A4A1601848EB,2012-03-26 00:00:00.000
2403,1598,laura21@adventure-works.com,D6223138-6EB8-4EB4-852B-D0D4F9009F90,2013-05-19 00:00:00.000
2404,1599,francis2@adventure-works.com,D80450B0-1771-4781-8A47-72760423CF8D,2012-07-12 00:00:00.000
2405,1600,laura22@adventure-works.com,48D7448F-8F76-48EF-8DF1-FDD8CB6B5C6A,2014-06-05 00:00:00.000
2406,1601,laura23@adventure-works.com,C095343D-D9D1-4452-8300-03F5EAAAC206,2013-11-12 00:00:00.000
2407,1602,laura24@adventure-works.com,1314956B-1041-4779-8901-B1D6DA4EEC8B,2014-05-22 00:00:00.000
2408,1603,isabella3@adventure-works.com,996C189F-C60A-4C56-B4B1-0AE0AF835727,2013-09-18 00:00:00.000
2409,1604,laura25@adventure-works.com,EC8BE8FC-6448-482D-8A2F-96C2FAF70F70,2011-07-21 00:00:00.000
2410,1605,laura26@adventure-works.com,AC596EF7-3CFF-4BE7-A933-C5D5E517DF00,2011-12-28 00:00:00.000
2411,1606,laura27@adventure-works.com,1C8AD338-5957-495F-882F-08E05E004F5B,2014-06-04 00:00:00.000
2412,1607,isabella4@adventure-works.com,4FCD2244-151B-45D7-A605-45D84E53F86D,2013-07-31 00:00:00.000
2413,1608,lisa4@adventure-works.com,B0CFB9DF-B53C-4FB6-9961-2FCFDB4CD14F,2014-02-16 00:00:00.000
2414,1609,isabella5@adventure-works.com,FC69C076-587B-4F79-852A-459E157F5C53,2014-01-21 00:00:00.000
2415,1610,lisa5@adventure-works.com,CC53FBA5-9EB8-428D-AA6B-602448154CCF,2013-09-27 00:00:00.000
2416,1611,francis3@adventure-works.com,41C08791-342D-47B6-949C-F5C9908D4D08,2014-03-28 00:00:00.000
2417,1612,lisa6@adventure-works.com,0B8E5560-075F-4B4A-8CBD-8F985F914348,2014-03-02 00:00:00.000
2418,1613,lisa7@adventure-works.com,BAAB4B58-D034-467F-90E8-8424963BE77B,2014-06-28 00:00:00.000
2419,1614,lisa8@adventure-works.com,0616BFF8-825A-4E59-A567-2191905DEFD4,2013-11-18 00:00:00.000
2420,1615,lisa9@adventure-works.com,FAFA6E24-C7EB-4659-8022-AE3D7548EC27,2013-01-16 00:00:00.000
2421,1616,lisa10@adventure-works.com,55610CEF-7153-4925-9CF6-47A21B6CEC66,2013-10-02 00:00:00.000
2422,1617,lisa11@adventure-works.com,17D47F44-B596-4335-B712-9FE4900B86F4,2013-03-12 00:00:00.000
2423,1618,lisa12@adventure-works.com,425B78AD-2F78-49A2-A629-CD774E0808FD,2013-09-18 00:00:00.000
2424,1619,lisa13@adventure-works.com,44EF7193-F363-4D95-8D49-5A24B2800B16,2014-04-04 00:00:00.000
2425,1620,lisa14@adventure-works.com,9B116B1D-1E72-4F13-B5B0-38F008A198CC,2013-10-19 00:00:00.000
2426,1621,lisa15@adventure-works.com,D314580F-DD4B-4F13-9ADD-532F6BBA94F3,2013-04-15 00:00:00.000
2427,1622,francis4@adventure-works.com,DF24BBA9-1F61-4EEC-8E21-CC2EB53CF623,2013-12-19 00:00:00.000
2428,1623,lisa16@adventure-works.com,B4F7A461-A350-4B17-BF44-61D24C98E13F,2014-05-17 00:00:00.000
2429,1624,lisa17@adventure-works.com,36E694C8-674E-497B-B87D-FA6A932394BA,2012-01-09 00:00:00.000
2430,1625,lisa18@adventure-works.com,48F86156-9A3D-45FF-BB91-8BF804252867,2014-03-12 00:00:00.000
2431,1626,lisa19@adventure-works.com,58F662B7-3AC8-4483-A349-99C389CAA642,2014-03-12 00:00:00.000
2432,1627,lisa20@adventure-works.com,3967C776-D2DB-4122-8335-6B89D2489A27,2013-07-28 00:00:00.000
2433,1628,lisa21@adventure-works.com,1073A299-CCA7-4AC0-B859-E57D307AD186,2014-04-15 00:00:00.000
2434,1629,lisa22@adventure-works.com,CD221494-3E25-4432-AD48-4C7AE6F283BB,2011-08-30 00:00:00.000
2435,1630,lisa23@adventure-works.com,316436BD-1FCF-4DE1-8C6F-8EA082EC6F11,2013-12-16 00:00:00.000
2436,1631,lisa24@adventure-works.com,9A7897E5-463F-4965-92C7-E24B755CDCC0,2013-02-10 00:00:00.000
2437,1632,lisa25@adventure-works.com,8C99AA52-2C34-4EB6-9726-96B86C2E8602,2013-04-10 00:00:00.000
2438,1633,jamie2@adventure-works.com,E13A5693-EA09-49DA-8642-8F344B541311,2012-12-14 00:00:00.000
2439,1634,jamie3@adventure-works.com,9D3E7968-7715-4CA6-AE16-362B05D905CC,2013-11-17 00:00:00.000
2440,1635,jamie4@adventure-works.com,35214665-504B-4E5B-963F-E02A3835B5E3,2013-07-18 00:00:00.000
2441,1636,jamie5@adventure-works.com,38E3EB7C-930C-468F-8DAD-6E6B742C50F8,2014-03-03 00:00:00.000
2442,1637,jamie6@adventure-works.com,76AD6A2D-24A6-4F19-BB6B-F2DB510FD920,2012-08-02 00:00:00.000
2443,1638,jamie7@adventure-works.com,BA0CA3D8-30A9-4D9A-BD2B-8A08AFAC6016,2011-11-04 00:00:00.000
2444,1639,jamie8@adventure-works.com,4FDA07AF-30AE-4734-8D9D-F9F17DF9661C,2013-09-02 00:00:00.000
2445,1640,jamie9@adventure-works.com,DF14DDBB-A3DE-47E5-8C52-40F3EC2D19FA,2014-05-20 00:00:00.000
2446,1641,francis5@adventure-works.com,E7418685-F3A0-414D-9F56-47AF0058C52B,2014-05-06 00:00:00.000
2447,1642,jamie10@adventure-works.com,97C1C521-E822-4A58-AEDA-B03E3357CD2B,2014-03-19 00:00:00.000
2448,1643,jamie11@adventure-works.com,40E0E62D-1D15-4AAC-BEF2-AFF742FF0C91,2013-12-13 00:00:00.000
2449,1644,jamie12@adventure-works.com,3D2791AA-E435-45DC-981F-BB1EB5C9C4B2,2012-07-01 00:00:00.000
2450,1645,jamie13@adventure-works.com,BEAC969C-0115-439D-9228-266BB136A05E,2014-02-15 00:00:00.000
2451,1646,jamie14@adventure-works.com,0923A291-1BF7-4404-B1CB-E7AD44BB34A2,2013-12-03 00:00:00.000
2452,1647,isabella6@adventure-works.com,13345EF8-F908-4709-BD4B-54D6218622A9,2014-05-07 00:00:00.000
2453,1648,jamie15@adventure-works.com,0167FA93-EB45-42B8-92DE-7AA4F165F98C,2013-03-17 00:00:00.000
2454,1649,jamie16@adventure-works.com,8518ED77-DB69-46D2-86C7-82F101F10B2D,2012-07-07 00:00:00.000
2455,1650,jamie17@adventure-works.com,A7C6FF64-7979-4899-AB63-90B01A943DC0,2013-12-23 00:00:00.000
2456,1651,jamie18@adventure-works.com,64E9BBA4-1404-4045-9172-5177EB72E4E4,2012-06-28 00:00:00.000
2457,1652,isabella7@adventure-works.com,A241C1C0-85A8-41E8-9F42-582CBA8CCA68,2013-10-13 00:00:00.000
2458,1653,jamie19@adventure-works.com,E8D9B882-4A27-4E2E-9E75-224B21156812,2014-05-03 00:00:00.000
2459,1654,francis6@adventure-works.com,E94CEAFB-917C-46E9-A35F-BDEDEEB6C309,2012-09-13 00:00:00.000
2460,1655,jamie20@adventure-works.com,58A5CA8F-8EBB-45F6-A0E6-CA312707270E,2013-08-07 00:00:00.000
2461,1656,isabella8@adventure-works.com,6F49B25F-A959-44FB-86C0-230A57010787,2013-02-17 00:00:00.000
2462,1657,jamie21@adventure-works.com,5EF2FBA2-2BBC-4E3B-876A-42DD0A8CAA88,2012-03-02 00:00:00.000
2463,1658,jamie22@adventure-works.com,EEA25F42-2907-4CDA-A7CA-74936CE1AB3D,2012-06-16 00:00:00.000
2464,1659,isabella9@adventure-works.com,5BF684FB-C440-4939-A067-99B6CC1BFF92,2013-11-21 00:00:00.000
2465,1660,isabella10@adventure-works.com,7DA95A33-EF43-40EC-B467-3BB23AAD3DB3,2014-05-20 00:00:00.000
2466,1661,jamie23@adventure-works.com,44CB1B98-4F47-4174-9786-39A517273692,2013-08-06 00:00:00.000
2467,1662,jamie24@adventure-works.com,90799413-83FC-474D-B93B-9932D99F4947,2014-06-03 00:00:00.000
2468,1663,jamie25@adventure-works.com,41E64667-D496-4FE5-B73A-E6FE0366F40F,2013-11-07 00:00:00.000
2469,1664,jamie26@adventure-works.com,39B60507-8FF8-477F-B6EE-877ADD3D6551,2012-05-24 00:00:00.000
2470,1665,erica0@adventure-works.com,419F2009-654C-43FA-A4E3-910638062001,2013-12-17 00:00:00.000
2471,1666,erica1@adventure-works.com,83C187C5-887F-4C7C-9F25-74C1C66C8BBD,2012-09-12 00:00:00.000
2472,1667,isabella11@adventure-works.com,2F70AF31-7A39-478D-985B-6FC1F9B02726,2011-08-23 00:00:00.000
2473,1668,erica2@adventure-works.com,CF7B7D22-1281-40C5-B30A-B063C5D12840,2011-11-10 00:00:00.000
2474,1669,francis7@adventure-works.com,8F33B3C0-42AA-4551-B21E-3EBE34DAB454,2013-10-18 00:00:00.000
2475,1670,erica3@adventure-works.com,1597C64D-38AC-4BBC-A5E0-805A35826ED2,2013-10-10 00:00:00.000
2476,1671,erica4@adventure-works.com,492841D3-677F-41F8-8397-9CD39493CADB,2014-06-21 00:00:00.000
2477,1672,erica5@adventure-works.com,ACF13C4D-A458-4671-A5B2-C4895CEBC76D,2013-08-14 00:00:00.000
2478,1673,erica6@adventure-works.com,DCA81DC0-BA3B-4897-9E28-4D826C4BBC41,2014-04-17 00:00:00.000
2479,1674,erica7@adventure-works.com,307AD0F9-DBC9-4A13-BEA6-8E0EF39A2DD7,2012-06-09 00:00:00.000
2480,1675,erica8@adventure-works.com,2B22B670-ADFA-4588-94CF-F994E4BA3FBC,2013-12-26 00:00:00.000
2481,1676,erica9@adventure-works.com,627C9B6F-B49F-48CE-B522-3A4083992ED8,2012-09-27 00:00:00.000
2482,1677,erica10@adventure-works.com,166D79E4-67B5-41F1-846F-05F7FB09DCFB,2013-09-21 00:00:00.000
2483,1678,erica11@adventure-works.com,3E4D508C-1376-49E6-B879-C49DA4D604C8,2014-03-06 00:00:00.000
2484,1679,francis8@adventure-works.com,66801FBB-921B-4A44-BCBB-6DCB3A60280D,2014-01-15 00:00:00.000
2485,1680,erica12@adventure-works.com,D20779FC-3487-4158-A227-CB1F22F2B1EC,2012-10-27 00:00:00.000
2486,1681,erica13@adventure-works.com,276C37BF-A476-45E5-B0E5-2DCE31B1B294,2012-08-19 00:00:00.000
2487,1682,erica14@adventure-works.com,F065E147-8E73-4C34-A3F0-B345BF66A834,2013-04-20 00:00:00.000
2488,1683,erica15@adventure-works.com,6EA90AB9-738F-4833-BF3B-87FBB78E2062,2013-07-03 00:00:00.000
2489,1684,erica16@adventure-works.com,83284F25-F631-4EC0-BDBA-DE0209520E83,2013-06-23 00:00:00.000
2490,1685,erica17@adventure-works.com,6F255956-6D44-4E89-8BE2-020D9058BC2C,2013-09-06 00:00:00.000
2491,1686,erica18@adventure-works.com,FB7DD849-CD62-41E5-A758-193577E00D35,2013-10-04 00:00:00.000
2492,1687,erica19@adventure-works.com,FA097400-E082-4579-985D-CEB59C09F0B2,2012-06-28 00:00:00.000
2493,1688,kelvin1@adventure-works.com,94997C17-E345-46A3-AF1E-548BCEC95BF9,2012-08-03 00:00:00.000
2494,1689,francis9@adventure-works.com,0180F40C-EBF9-44FA-8A3B-E897918695DF,2014-01-31 00:00:00.000
2495,1690,erica20@adventure-works.com,82817C5A-EE36-470F-BD42-43991ADBAE10,2014-05-15 00:00:00.000
2496,1691,erica21@adventure-works.com,BAEBCE67-92B7-4CCA-916A-87649DD32E80,2013-03-14 00:00:00.000
2497,1692,kristen0@adventure-works.com,8BEFF668-6180-4AC4-82BE-3392740EB854,2013-05-13 00:00:00.000
2498,1693,kristen1@adventure-works.com,4A0F7274-EF7E-42A0-9D55-9DDDBE5B97B8,2013-11-08 00:00:00.000
2499,1694,kristen2@adventure-works.com,DE2BEEC5-A89B-4D59-91A7-0B3907D85B06,2014-01-29 00:00:00.000
2500,1695,kristen3@adventure-works.com,CE6BD03A-4C3E-4CA0-A660-A9CEC7B8253A,2013-07-26 00:00:00.000
2501,1696,kristen4@adventure-works.com,EA217F88-A734-4C4E-84B4-6C06E9887201,2011-10-16 00:00:00.000
2502,1697,isabella12@adventure-works.com,2D8DC804-8BF0-4CFD-9A7E-0EE8DD9FF982,2013-10-02 00:00:00.000
2503,1698,kristen5@adventure-works.com,74394356-B93A-4580-9BDA-7ADAE19F5981,2012-07-05 00:00:00.000
2504,1699,kristen6@adventure-works.com,9FD6201D-F6BC-48B3-9541-B4C56FDB6D95,2014-03-01 00:00:00.000
2505,1700,francis10@adventure-works.com,1C67D6DB-5C6C-4FF7-A2F3-0591A1516EE2,2014-05-01 00:00:00.000
2506,1701,kristen7@adventure-works.com,B2DD6B19-288C-432E-B70A-5E23D426E0BD,2013-09-08 00:00:00.000
2507,1702,kristen8@adventure-works.com,E99227C0-CFC3-43CE-817F-6E113CE0C024,2012-12-19 00:00:00.000
2508,1703,kristen9@adventure-works.com,A52D5BC0-E2F5-4813-B23B-A6299B41A0F4,2013-09-02 00:00:00.000
2509,1704,kristen10@adventure-works.com,8EB9613C-743B-426F-AE7B-649A51331CEF,2014-02-23 00:00:00.000
2510,1705,kristen11@adventure-works.com,170BE3B5-055C-45E2-A0AE-4335F3728A3D,2013-05-23 00:00:00.000
2511,1706,kristen12@adventure-works.com,EE4B88AF-8AA4-48DA-B593-147FD432E6F5,2013-08-03 00:00:00.000
2512,1707,kristen13@adventure-works.com,E3AB0A5B-129E-4BB5-B9EC-84FFF0E8FBB8,2012-05-21 00:00:00.000
2513,1708,kristen14@adventure-works.com,3C7FFCB7-6FCC-46E2-9A00-41F8BD479B2E,2013-08-24 00:00:00.000
2514,1709,francis11@adventure-works.com,816BF66B-5A64-4803-AC7B-FF217A5DBE2D,2013-11-22 00:00:00.000
2515,1710,kristen15@adventure-works.com,FAE23B5E-405B-4AA0-A11B-3D83817BCEA4,2012-04-24 00:00:00.000
2516,1711,kristen16@adventure-works.com,5BF51954-4BBB-448A-9114-321873C3F4D9,2013-05-09 00:00:00.000
2517,1712,kristen17@adventure-works.com,B45FC8CC-87A4-44D1-A1C1-9AF3AA949CA1,2012-02-22 00:00:00.000
2518,1713,kristen18@adventure-works.com,BE7B1AC8-D1AD-4B84-AF17-F0FEA306AE0B,2013-05-14 00:00:00.000
2519,1714,isabella13@adventure-works.com,F20AA96E-C14A-4CA2-9B59-EC9112A69A8B,2013-11-26 00:00:00.000
2520,1715,kristen19@adventure-works.com,248FDF4B-8884-4D56-9A86-D244AAA59277,2013-10-30 00:00:00.000
2521,1716,shannon1@adventure-works.com,8086C888-81B0-4289-BB96-F06CCEE8A6A3,2011-06-14 00:00:00.000
2522,1717,isabella14@adventure-works.com,ABF7EA21-E067-480E-9E94-9288F7BE1FB4,2014-02-27 00:00:00.000
2523,1718,shannon2@adventure-works.com,18847E39-6BF1-4D88-9A12-05F3312318D9,2014-05-31 00:00:00.000
2524,1719,francis12@adventure-works.com,E940FCFC-C959-4038-8E3C-3C954C36754F,2014-02-02 00:00:00.000
2525,1720,shannon3@adventure-works.com,FE460D9A-E016-45CB-9131-FDCB74055C22,2012-11-30 00:00:00.000
2526,1721,shannon4@adventure-works.com,A63BD49D-D5AD-48BA-891C-527D3EB5E22A,2011-08-17 00:00:00.000
2527,1722,shannon5@adventure-works.com,5E5777DB-B8F9-4BA4-9CE0-B529294248F4,2012-04-15 00:00:00.000
2528,1723,shannon6@adventure-works.com,FB26D8C2-24F9-4461-89AB-DC1BCDB0AAA4,2012-01-31 00:00:00.000
2529,1724,shannon7@adventure-works.com,777B6A8B-4C46-4E42-87A5-73CD35BF1793,2013-04-01 00:00:00.000
2530,1725,shannon8@adventure-works.com,C30C7E6B-510E-44C1-80FB-7816AFD72FFB,2014-03-18 00:00:00.000
2531,1726,shannon9@adventure-works.com,EF462C3C-6D64-46FB-A849-1284DC0A5849,2012-09-09 00:00:00.000
2532,1727,isabella15@adventure-works.com,F5C5BD3C-0722-48D6-B539-322BFAECF3CF,2012-12-21 00:00:00.000
2533,1728,isabella16@adventure-works.com,53FCF4F7-152E-401F-B9B6-04AEB709E38B,2014-04-12 00:00:00.000
2534,1729,shannon10@adventure-works.com,482D49E9-10ED-46AE-9F88-3C630BEB81C2,2013-09-10 00:00:00.000
2535,1730,isabella17@adventure-works.com,6D840B6D-544B-403A-81DE-758C1DB5B24D,2014-02-25 00:00:00.000
2536,1731,shannon11@adventure-works.com,D91975B8-A279-471E-86F7-A918A4469013,2014-01-05 00:00:00.000
2537,1732,francis13@adventure-works.com,B3390E30-285A-481A-B105-3A93B30C9779,2013-10-25 00:00:00.000
2538,1733,shannon12@adventure-works.com,37AE340E-E04E-487F-A097-8B93EECC4620,2012-05-08 00:00:00.000
2539,1734,shannon13@adventure-works.com,76A17776-73FA-49A8-AF76-835E35855905,2014-03-25 00:00:00.000
2540,1735,isabella18@adventure-works.com,3433A6A3-1451-425B-8145-AF4B041833C9,2013-09-17 00:00:00.000
2541,1736,shannon14@adventure-works.com,5375C1E2-95AB-4345-8636-66BD85820DAF,2013-05-29 00:00:00.000
2542,1737,shannon15@adventure-works.com,EC69B9FD-7F2C-4819-82B4-E48887147628,2013-03-19 00:00:00.000
2543,1738,shannon16@adventure-works.com,3B54E37C-A505-4529-A606-B679A373D0B8,2013-05-09 00:00:00.000
2544,1739,shannon17@adventure-works.com,875E0709-EFDC-48DF-B311-6277D36CE91E,2014-04-25 00:00:00.000
2545,1740,shannon18@adventure-works.com,B28033A6-C09B-45DB-94AB-A0A962082398,2013-07-22 00:00:00.000
2546,1741,shannon19@adventure-works.com,A9C1379D-9F2D-42C1-9047-C3FD8262C3F8,2012-02-12 00:00:00.000
2547,1742,francis14@adventure-works.com,CA06D5A3-D85D-4520-A294-AA25977DCE7E,2013-01-17 00:00:00.000
2548,1743,shannon20@adventure-works.com,57B2099D-5368-4DD7-9E00-B141DAF09497,2014-01-17 00:00:00.000
2549,1744,shannon21@adventure-works.com,373D1928-4432-4346-B520-AFE8C7556A40,2014-05-25 00:00:00.000
2550,1745,isabella19@adventure-works.com,2CC2F3F0-53DD-4D70-AD1A-5E21A6D1F926,2013-04-25 00:00:00.000
2551,1746,dustin0@adventure-works.com,B2CF100B-74F2-4148-8E53-6799C84417EB,2013-12-08 00:00:00.000
2552,1747,dustin1@adventure-works.com,37B38572-236E-40E9-A7E6-29443E079890,2012-01-22 00:00:00.000
2553,1748,dustin2@adventure-works.com,1D6B482A-8086-43BF-83DF-E571C7B6193B,2014-04-18 00:00:00.000
2554,1749,dustin3@adventure-works.com,A2B077B9-454B-48B8-8BB4-F85583C0EC5F,2013-12-15 00:00:00.000
2555,1750,dustin4@adventure-works.com,D614902B-CF33-492D-8A01-7498ECC30256,2013-11-25 00:00:00.000
2556,1751,dustin5@adventure-works.com,8103F829-4783-48C2-8816-E53920681B8C,2011-08-24 00:00:00.000
2557,1752,dustin6@adventure-works.com,883C378D-6876-442B-AB29-86AE5D0B4911,2013-10-30 00:00:00.000
2558,1753,francis15@adventure-works.com,F410A55C-7FE7-4715-B70E-DDE165745949,2011-06-22 00:00:00.000
2559,1754,dustin7@adventure-works.com,1CB76270-926A-4392-8116-B63E3A9D0978,2014-05-14 00:00:00.000
2560,1755,dustin8@adventure-works.com,29B3A019-06CF-4ADC-A6F5-F5AA4557B9F7,2011-06-21 00:00:00.000
2561,1756,isabella20@adventure-works.com,995F13AA-3641-485C-8CE6-5A26D9D45FD8,2013-10-31 00:00:00.000
2562,1757,dustin9@adventure-works.com,AEE5F184-CB72-4C35-A4FB-DA479ABE42F3,2011-11-07 00:00:00.000
2563,1758,dustin10@adventure-works.com,88B54E3F-D5CC-47BF-9F0C-CB7ECD1C9286,2013-09-30 00:00:00.000
2564,1759,dustin11@adventure-works.com,025E40FA-F5D8-4A63-A3E4-865280DC8368,2012-08-07 00:00:00.000
2565,1760,dustin12@adventure-works.com,757A3ECC-5219-4805-AD5E-A6284896FEF0,2012-12-09 00:00:00.000
2566,1761,dustin13@adventure-works.com,1D4CF82F-2EE0-4D7A-AEF3-3515ED63E706,2012-11-12 00:00:00.000
2567,1762,dustin14@adventure-works.com,3A880B40-FC96-46F7-B0E0-CD16D0C460C4,2014-01-19 00:00:00.000
2568,1763,dustin15@adventure-works.com,00FB130E-AA8B-4C3E-A01B-BFCFD49281AD,2013-09-03 00:00:00.000
2569,1764,dustin16@adventure-works.com,DB7E9349-C994-433C-997B-3AA899DB2D63,2012-02-12 00:00:00.000
2570,1765,francis16@adventure-works.com,FA38B02F-3BA4-4D13-B650-CDE0F5530351,2013-04-18 00:00:00.000
2571,1766,dustin17@adventure-works.com,BE4BA9F3-0C47-429C-BD3B-00A3DFEF5012,2011-09-11 00:00:00.000
2572,1767,dustin18@adventure-works.com,68DBA174-EDD3-4A8B-AE9F-8FBA9CBAB70F,2013-11-03 00:00:00.000
2573,1768,dustin19@adventure-works.com,495431FF-82D6-4EE0-9A78-E93507701ADC,2014-02-24 00:00:00.000
2574,1769,dustin20@adventure-works.com,A593C449-2980-4E5A-B274-A3786AD749E3,2012-05-06 00:00:00.000
2575,1770,dustin21@adventure-works.com,901558AA-45A9-439C-B2F9-8ECFCF96FC7E,2013-10-28 00:00:00.000
2576,1771,dustin22@adventure-works.com,A11B956A-5BC8-48E1-8951-D559FB2B3B92,2013-08-08 00:00:00.000
2577,1772,isabella21@adventure-works.com,697C89BB-5208-497A-B988-75BA74E317E1,2013-10-01 00:00:00.000
2578,1773,gregory5@adventure-works.com,2FF003BE-3525-47BF-8279-51DEE09C386D,2011-11-20 00:00:00.000
2579,1774,gregory6@adventure-works.com,52888EDD-A76E-4E1A-A00A-9AD3BECE1F88,2014-06-01 00:00:00.000
2580,1775,francis17@adventure-works.com,3C2673D0-A51E-465B-801D-44059BEBB0AB,2014-03-20 00:00:00.000
2581,1776,gregory7@adventure-works.com,02B80933-817B-454B-A86A-598C00B83CF2,2012-06-05 00:00:00.000
2582,1777,gregory8@adventure-works.com,C8F075CE-98B2-4B8A-A8AF-DFE2ED10BBA6,2013-12-20 00:00:00.000
2583,1778,gregory9@adventure-works.com,3D58DE85-97AF-4EBF-8A19-3F8B66098040,2013-07-14 00:00:00.000
2584,1779,gregory10@adventure-works.com,5CBD1392-147B-442E-A5B0-4922498545F9,2013-08-30 00:00:00.000
2585,1780,gregory11@adventure-works.com,F1470F37-D0E8-4AA7-B28D-5E09AE1614E0,2013-10-27 00:00:00.000
2586,1781,gregory12@adventure-works.com,653A4434-FBF3-4CA2-AE0D-B8D54AC66D67,2014-03-16 00:00:00.000
2587,1782,gregory13@adventure-works.com,490788AF-82A1-4A85-9716-45C7BA2AE51A,2012-04-13 00:00:00.000
2588,1783,isabella22@adventure-works.com,330A08FD-2250-4FE8-9420-F350BCCE1EF9,2013-10-25 00:00:00.000
2589,1784,gregory14@adventure-works.com,CB3DA78C-E40B-4ECD-AEC2-6C6172209818,2014-04-28 00:00:00.000
2590,1785,isabella23@adventure-works.com,2051EED3-C031-42CD-A86A-959F2ED16B8E,2012-12-14 00:00:00.000
2591,1786,francis18@adventure-works.com,E8FCF178-BE3F-4E16-B35B-2B191B5BBD9B,2012-07-17 00:00:00.000
2592,1787,gregory15@adventure-works.com,21D38B2E-904D-4C67-934A-86AD40AC7F67,2013-03-19 00:00:00.000
2593,1788,gregory16@adventure-works.com,001788F2-6205-4B00-A4A2-8CF69869DBFE,2012-06-16 00:00:00.000
2594,1789,gregory17@adventure-works.com,7CAB9223-3C6A-4D01-9F49-A5DFC91CAB28,2014-01-26 00:00:00.000
2595,1790,gregory18@adventure-works.com,BA74C0C0-5F05-452B-96B1-AD60C41510E3,2012-07-20 00:00:00.000
2596,1791,isabella24@adventure-works.com,CB911199-B056-4AB0-86C9-6B5989DA735F,2014-05-05 00:00:00.000
2597,1792,gregory19@adventure-works.com,BC9DA7BB-3869-42B4-81BC-11F85C1E31DC,2013-10-04 00:00:00.000
2598,1793,gregory20@adventure-works.com,F93F77C9-FEB9-43D5-B31D-9B5DBC7FDDC2,2012-12-22 00:00:00.000
2599,1794,gregory21@adventure-works.com,7F24A62C-A0EC-48B1-9D1C-C035A1F9AA6D,2013-08-26 00:00:00.000
2600,1795,gregory22@adventure-works.com,97AD7FC2-642A-485D-A0BB-A5636CB10C86,2014-02-19 00:00:00.000
2601,1796,isabella25@adventure-works.com,37B3FB38-ED2E-4FA6-A324-EB1C7930A2EF,2014-01-18 00:00:00.000
2602,1797,gregory23@adventure-works.com,2CB96C57-A7B1-47E2-8C1C-F0A438F21D47,2013-09-12 00:00:00.000
2603,1798,gregory24@adventure-works.com,BB07D146-AF12-4EFE-8483-517895F3D991,2012-11-10 00:00:00.000
2604,1799,kelvin2@adventure-works.com,ED4A8863-2034-4EBC-A1FC-8E5E7ED4A710,2012-07-17 00:00:00.000
2605,1800,gregory25@adventure-works.com,23FC9B9B-8BED-4E43-AF50-8D0F151B043A,2013-08-06 00:00:00.000
2606,1801,gregory26@adventure-works.com,1E12A3F3-17F2-4E49-AD01-C4C72580C76C,2014-01-10 00:00:00.000
2607,1802,kenneth1@adventure-works.com,84638D17-AFF2-421C-BF3D-8FA451DBD8F4,2013-08-01 00:00:00.000
2608,1803,kenneth2@adventure-works.com,9C14EADE-4490-42A0-A904-534D3A546280,2014-05-15 00:00:00.000
2609,1804,kenneth3@adventure-works.com,4991154E-BA07-4F25-A67C-ACD6E89B1F61,2011-11-15 00:00:00.000
2610,1805,kenneth4@adventure-works.com,D2ABFBB8-DD75-4CFA-968C-EA665D1F9201,2014-05-06 00:00:00.000
2611,1806,kenneth5@adventure-works.com,9F98ED76-7EAD-48B0-AD5D-9753630A311A,2013-07-24 00:00:00.000
2612,1807,kenneth6@adventure-works.com,23BE3F67-E087-4E0C-8706-01E140A2AAF2,2013-03-07 00:00:00.000
2613,1808,francis19@adventure-works.com,C1704444-8F3A-4D2E-983C-47397D83900E,2014-05-29 00:00:00.000
2614,1809,kenneth7@adventure-works.com,237543AB-FC7F-49B8-AEFE-08062A6481AC,2011-12-26 00:00:00.000
2615,1810,kenneth8@adventure-works.com,6B621B49-A041-4043-AE82-FFFEC803F11F,2011-11-18 00:00:00.000
2616,1811,kenneth9@adventure-works.com,56B0D47A-8D9C-4086-A35A-B3025DF2C47A,2014-03-11 00:00:00.000
2617,1812,kenneth10@adventure-works.com,1EF401E2-0A96-4C54-9265-43A3FF5A6D31,2014-02-27 00:00:00.000
2618,1813,kenneth11@adventure-works.com,15120CF9-5573-4270-8C2E-BC2A3DA320EF,2013-11-28 00:00:00.000
2619,1814,kenneth12@adventure-works.com,C3C07EEA-8FE3-4803-A489-83D019275D33,2013-06-18 00:00:00.000
2620,1815,max1@adventure-works.com,7452D36D-C40D-4648-9F31-1159A6A9F9F3,2014-03-31 00:00:00.000
2621,1816,kenneth13@adventure-works.com,7819E365-E055-44BE-A2F3-066B9022F910,2014-05-10 00:00:00.000
2622,1817,kenneth14@adventure-works.com,555212D7-15CB-431A-93A5-B652784CFC98,2014-03-08 00:00:00.000
2623,1818,kenneth15@adventure-works.com,E2B49C6A-E6EC-44CC-BF31-308BCB6AEDCA,2014-02-04 00:00:00.000
2624,1819,kenneth16@adventure-works.com,8D68AF07-B14F-47BE-80E7-E484F1DCA5BC,2014-01-19 00:00:00.000
2625,1820,kenneth17@adventure-works.com,EF2A5500-A703-4473-93E0-22E020363EC1,2014-03-27 00:00:00.000
2626,1821,heather0@adventure-works.com,190D9D7A-E755-4E48-B5DF-16C0F4744084,2013-08-01 00:00:00.000
2627,1822,heather1@adventure-works.com,98C2C9EC-FA30-4507-A5AE-83926B4F348E,2013-02-13 00:00:00.000
2628,1823,heather2@adventure-works.com,98E47EF7-8603-40B4-AC67-6416540A6F88,2013-12-31 00:00:00.000
2629,1824,heather3@adventure-works.com,1F9944C8-0D62-4221-90F5-D87E1FB6F9E9,2013-10-06 00:00:00.000
2630,1825,max2@adventure-works.com,728DDBB8-96B6-4D01-A6F0-05BF9AE36676,2013-05-16 00:00:00.000
2631,1826,heather4@adventure-works.com,EB45E95F-B5C1-4C1C-A2E1-72F47C8E6C6F,2011-10-14 00:00:00.000
2632,1827,heather5@adventure-works.com,9B8476CB-4ACD-4CB5-B520-5BF970037177,2012-06-28 00:00:00.000
2633,1828,isabella26@adventure-works.com,78480A0E-A329-4312-8B31-A1BA7C775774,2014-03-04 00:00:00.000
2634,1829,heather6@adventure-works.com,997CA7FD-2B70-4571-A204-366BCB4747EA,2014-02-11 00:00:00.000
2635,1830,heather7@adventure-works.com,84598B4C-5366-461D-B551-1E314CDBA35D,2014-02-16 00:00:00.000
2636,1831,heather8@adventure-works.com,7D6E6986-A905-43E1-9B27-EA62283AD303,2012-11-25 00:00:00.000
2637,1832,heather9@adventure-works.com,03EB9E70-8BFE-48A3-A9EC-435F97BDA065,2013-05-07 00:00:00.000
2638,1833,heather10@adventure-works.com,1BDD4C98-FA77-4BDB-BA27-95B14187B05D,2013-12-05 00:00:00.000
2639,1834,heather11@adventure-works.com,90596410-EB23-4053-BD16-F28E5134BB5F,2014-01-23 00:00:00.000
2640,1835,heather12@adventure-works.com,C5829390-5FE2-4743-8E3D-6D0031DC5F45,2013-09-07 00:00:00.000
2641,1836,max3@adventure-works.com,C6BD4E16-4F88-4AC9-A23B-983FAA231CF8,2013-12-31 00:00:00.000
2642,1837,heather13@adventure-works.com,F4C3982E-F061-480D-A0EA-1797F07459B6,2013-11-26 00:00:00.000
2643,1838,heather14@adventure-works.com,4FDC1E4E-515F-499A-BB20-AFCA3CF9F62A,2014-01-09 00:00:00.000
2644,1839,heather15@adventure-works.com,46321D39-E7F7-4A82-9CB6-BF22D133DCDA,2012-12-21 00:00:00.000
2645,1840,heather16@adventure-works.com,029F09DF-469F-43E9-8ED3-B6B0135E6CAD,2011-11-01 00:00:00.000
2646,1841,heather17@adventure-works.com,45ECBE86-8CE2-481C-834D-AF0A0FB909FC,2013-07-27 00:00:00.000
2647,1842,heather18@adventure-works.com,1A36C412-63C5-45F3-B59B-5BE9F3C37AE7,2012-03-26 00:00:00.000
2648,1843,heather19@adventure-works.com,5FFEAB62-4C40-48ED-B24F-A829808DF1D3,2013-12-07 00:00:00.000
2649,1844,isabella27@adventure-works.com,0885B33A-F0B2-4F00-901C-00A878CAED82,2014-04-16 00:00:00.000
2650,1845,heather20@adventure-works.com,DACF795E-01D7-4B63-B6AB-44A80FC55953,2013-07-25 00:00:00.000
2651,1846,isabella28@adventure-works.com,38E09A5C-3249-43E3-B467-AAA9A1EC559E,2012-01-26 00:00:00.000
2652,1847,heather21@adventure-works.com,12FBDA5D-CFC4-4B12-A508-4698A120FB6B,2013-07-29 00:00:00.000
2653,1848,tiffany0@adventure-works.com,8A190242-3A0D-47FB-9FEB-5F12691738E7,2013-09-01 00:00:00.000
2654,1849,tiffany1@adventure-works.com,AFD63E10-BD3C-4CDA-BD6F-31DA95D22C09,2014-01-02 00:00:00.000
2655,1850,tiffany2@adventure-works.com,C81501D5-4CC6-4C04-9D69-7B9BC9617DBA,2012-12-22 00:00:00.000
2656,1851,tiffany3@adventure-works.com,7374B790-AA32-4645-A127-E7D15886CE31,2012-01-07 00:00:00.000
2657,1852,tiffany4@adventure-works.com,D0F97069-9D16-45B5-A455-D71002F9D2D2,2014-04-16 00:00:00.000
2658,1853,isabella29@adventure-works.com,5D79BD94-BA4E-4C56-BE10-2457F49BBC2A,2013-05-12 00:00:00.000
2659,1854,tiffany5@adventure-works.com,31940E3E-CF83-4232-9E72-7F6228099EAA,2012-06-08 00:00:00.000
2660,1855,tiffany6@adventure-works.com,C95534E3-CD13-4E4D-A0AE-896B0D38DDC1,2014-04-24 00:00:00.000
2661,1856,isabella30@adventure-works.com,34E1AB86-D38F-43EC-BFFE-9E5BF3F3E574,2013-07-20 00:00:00.000
2662,1857,pieter0@adventure-works.com,0759EE46-271B-4514-AB53-C97CC46D9725,2013-09-13 00:00:00.000
2663,1858,tiffany7@adventure-works.com,E8C6B7DD-BB26-44EF-A4A6-7E35A618AB76,2012-11-16 00:00:00.000
2664,1859,tiffany8@adventure-works.com,17666C54-6F13-4D79-983E-D2BC909209BA,2014-03-04 00:00:00.000
2665,1860,max4@adventure-works.com,496BB2AE-4196-4508-AA10-082754755500,2013-09-06 00:00:00.000
2666,1861,tiffany9@adventure-works.com,62F1558A-E551-4333-AEFF-2BCDA05384EF,2014-01-18 00:00:00.000
2667,1862,isabella31@adventure-works.com,F84CE1FA-BECC-429C-BE8D-BDD21BC6A59A,2014-01-28 00:00:00.000
2668,1863,tiffany10@adventure-works.com,7B2FFBE5-5C8B-46D1-AF68-60C4727A6B9E,2012-06-24 00:00:00.000
2669,1864,tiffany11@adventure-works.com,81F537C2-3922-4770-BAE9-50E4082DA899,2013-09-12 00:00:00.000
2670,1865,tiffany12@adventure-works.com,22CE0D2A-40CA-4E27-B71B-21FA994C30D2,2014-03-21 00:00:00.000
2671,1866,tiffany13@adventure-works.com,A944B052-754D-4B25-AAB9-CBD2B887EC8C,2013-05-05 00:00:00.000
2672,1867,tiffany14@adventure-works.com,124C2810-2E49-4F3F-B609-7F295D31EEFE,2012-10-26 00:00:00.000
2673,1868,isabella32@adventure-works.com,6141BBC4-661D-435C-877D-436239A6C903,2013-08-15 00:00:00.000
2674,1869,tiffany15@adventure-works.com,8539122D-EE20-49BA-B13A-EF12CEB697BC,2011-06-15 00:00:00.000
2675,1870,tiffany16@adventure-works.com,92F86ED0-B896-4E6C-8904-95ECAA81868F,2014-05-05 00:00:00.000
2676,1871,tiffany17@adventure-works.com,02AA16A2-72BF-400A-AFB7-CDED6A51002B,2013-09-30 00:00:00.000
2677,1872,natalie0@adventure-works.com,CF03D55B-A3BB-4CE4-87D5-82AEBD04D872,2013-10-07 00:00:00.000
2678,1873,tiffany18@adventure-works.com,06B7791C-CD70-401C-88ED-8A4A5DFFEEBF,2012-03-30 00:00:00.000
2679,1874,max5@adventure-works.com,C0F8891A-2AC8-4D52-AB8A-1D631F0C4B8F,2012-04-23 00:00:00.000
2680,1875,natalie1@adventure-works.com,1CBBE164-9157-415D-ACE9-9FBA3D48A3F6,2013-06-07 00:00:00.000
2681,1876,max6@adventure-works.com,4C57CBBC-CBE2-414B-8885-E1027872EC1E,2013-07-21 00:00:00.000
2682,1877,max7@adventure-works.com,4B009AC3-BD06-46BD-99CC-36FE67561490,2013-07-18 00:00:00.000
2683,1878,natalie2@adventure-works.com,9011579A-0020-4300-9A6D-E8276BB4DBA0,2014-05-19 00:00:00.000
2684,1879,kelvin3@adventure-works.com,B6012381-91F6-420A-AE3C-EE6F623F95F0,2013-06-07 00:00:00.000
2685,1880,natalie3@adventure-works.com,CE38938D-17E8-4F4D-B4A4-B378D887233D,2011-07-29 00:00:00.000
2686,1881,natalie4@adventure-works.com,AC04E7CE-65AF-4CAD-AE29-BA4F10D12A2C,2014-03-15 00:00:00.000
2687,1882,max8@adventure-works.com,9AED6DD6-7846-4238-B309-95095537551A,2012-02-01 00:00:00.000
2688,1883,natalie5@adventure-works.com,62C8DBDC-43BD-47E2-9918-3F9C7BCFB322,2012-03-11 00:00:00.000
2689,1884,max9@adventure-works.com,12C1A156-73E7-4221-B975-9CD42BA9FDA7,2013-10-13 00:00:00.000
2690,1885,natalie6@adventure-works.com,B7E5F070-4BF2-498E-909F-126A16205F18,2013-11-25 00:00:00.000
2691,1886,max10@adventure-works.com,73F7AF62-9F16-45F2-9018-454F95E52F92,2012-06-06 00:00:00.000
2692,1887,natalie7@adventure-works.com,5CE983F3-44CB-41AA-9B6D-D60B7016D295,2013-11-09 00:00:00.000
2693,1888,max11@adventure-works.com,9FAF087D-F433-45D9-BF3E-38F24F806702,2014-03-03 00:00:00.000
2694,1889,natalie8@adventure-works.com,779D1412-6E93-49FA-9666-D806ADA95DF9,2014-02-25 00:00:00.000
2695,1890,max12@adventure-works.com,E20F2724-A3FA-4734-ABFB-2E8736C4A47B,2014-03-12 00:00:00.000
2696,1891,natalie9@adventure-works.com,D6CD579D-B3EF-4244-90E8-D2F3795CC4BD,2013-07-02 00:00:00.000
2697,1892,max13@adventure-works.com,EAF106FD-731A-40E5-993E-5B1C6B9F0070,2013-11-22 00:00:00.000
2698,1893,natalie10@adventure-works.com,6A38DA14-9A56-49FE-B7C4-B95D458481F8,2014-02-15 00:00:00.000
2699,1894,natalie11@adventure-works.com,FC94B68C-4499-44C2-B98E-F6A46C2925B6,2013-11-14 00:00:00.000
2700,1895,natalie12@adventure-works.com,61A5E5AE-C20A-4030-A64D-6A5229839953,2014-05-26 00:00:00.000
2701,1896,max14@adventure-works.com,A43A5024-8423-4D04-B074-7515683B8461,2014-05-31 00:00:00.000
2702,1897,natalie13@adventure-works.com,F6DDBAC1-97BB-44DD-84A4-9F7D9746C7DE,2013-10-19 00:00:00.000
2703,1898,natalie14@adventure-works.com,7544B8A3-5C4A-47B4-A83D-6BA0F34A8D28,2013-07-02 00:00:00.000
2704,1899,natalie15@adventure-works.com,BE4670FF-03F5-4054-9C95-8A8A554F1684,2014-02-04 00:00:00.000
2705,1900,max15@adventure-works.com,48AE8A78-5588-4060-97EF-F5BFF57C7015,2013-10-20 00:00:00.000
2706,1901,kelvin4@adventure-works.com,10FBF139-C3AA-46D0-9435-4F7B799F1A0D,2013-08-09 00:00:00.000
2707,1902,max16@adventure-works.com,CF264D6C-ACE7-46F2-B0A1-9509359215D9,2012-05-22 00:00:00.000
2708,1903,natalie16@adventure-works.com,CA59C4C8-AC61-45D2-BCDC-49F67FE6C526,2014-01-02 00:00:00.000
2709,1904,natalie17@adventure-works.com,775FB682-D54C-4FBD-B128-BA06DD11C828,2013-03-06 00:00:00.000
2710,1905,natalie18@adventure-works.com,22787FF0-05B6-4788-9530-183FCB683DD5,2011-09-20 00:00:00.000
2711,1906,natalie19@adventure-works.com,CF0D5F64-7FB0-40C4-8AF8-97A2F1BF745E,2014-05-19 00:00:00.000
2712,1907,natalie20@adventure-works.com,418E9D69-F0B3-4726-AFC4-4D0CD019ADC9,2014-04-04 00:00:00.000
2713,1908,natalie21@adventure-works.com,F05300F9-4243-44ED-B0FB-A640543F562C,2013-11-07 00:00:00.000
2714,1909,max17@adventure-works.com,7109EEE1-5424-48A6-B922-1F5A9852162D,2013-08-02 00:00:00.000
2715,1910,max18@adventure-works.com,5B7799BF-4E3A-4635-AF5C-0948D5A432DD,2014-04-29 00:00:00.000
2716,1911,natalie22@adventure-works.com,0AC1CE7D-F9A2-4830-8393-9E1744EBCFE6,2014-06-14 00:00:00.000
2717,1912,natalie23@adventure-works.com,479579AF-D2C9-4E0C-ACFA-82DA0066F291,2013-09-08 00:00:00.000
2718,1913,max19@adventure-works.com,CA0AA193-2178-423B-A6CF-D4D237059F18,2013-12-04 00:00:00.000
2719,1914,max20@adventure-works.com,38CA29B7-ABF1-4832-9AD4-F80149373323,2012-12-19 00:00:00.000
2720,1915,natalie24@adventure-works.com,909E6BD2-A089-4F18-8A41-D5E232ED1219,2014-03-01 00:00:00.000
2721,1916,andy5@adventure-works.com,FDD834E2-0E41-4FD5-9DE1-93A50F0452A2,2014-01-09 00:00:00.000
2722,1917,andy6@adventure-works.com,F5E817DE-FA08-4BEE-8555-194D33272DF9,2011-12-15 00:00:00.000
2723,1918,natalie25@adventure-works.com,10AECA0D-1670-41FA-990F-2C6779D2FAA6,2014-05-11 00:00:00.000
2724,1919,natalie26@adventure-works.com,02ED4DB4-1F50-4009-B715-75E6C0F0FFCC,2013-10-10 00:00:00.000
2725,1920,natalie27@adventure-works.com,4B6A190D-2C2B-4B37-9DD6-19BE01BFD17C,2013-12-29 00:00:00.000
2726,1921,andy7@adventure-works.com,2681FB03-FA24-4E1E-9509-CF050642A93A,2012-11-22 00:00:00.000
2727,1922,andy8@adventure-works.com,B6E97C7A-0F0C-4694-BF9B-B9C1D7A035FC,2014-05-28 00:00:00.000
2728,1923,natalie28@adventure-works.com,1FDB9380-F722-4D3F-ABE3-35FF76507D17,2013-11-08 00:00:00.000
2729,1924,natalie29@adventure-works.com,080D21BD-A3D5-469B-948F-0854C28DF556,2013-12-22 00:00:00.000
2730,1925,natalie30@adventure-works.com,69DAA4DB-293D-4E56-9474-C18E9C9BA0D8,2014-01-14 00:00:00.000
2731,1926,andy9@adventure-works.com,165A02F6-2759-44AC-8128-868873BEAFD2,2012-02-25 00:00:00.000
2732,1927,natalie31@adventure-works.com,876446A8-ACF8-48A8-8F5F-5F5BCB74614F,2012-11-22 00:00:00.000
2733,1928,andy10@adventure-works.com,0B1177BD-8681-4151-8219-59D304364674,2013-08-26 00:00:00.000
2734,1929,natalie32@adventure-works.com,5A7A5C2B-1F94-40D3-8804-6029861AD95F,2013-09-29 00:00:00.000
2735,1930,andy11@adventure-works.com,68933122-8773-4350-B679-4497A7CCA21E,2014-02-18 00:00:00.000
2736,1931,natalie33@adventure-works.com,DF661DFC-A736-473E-A3D7-D5362D29A54F,2014-04-07 00:00:00.000
2737,1932,natalie34@adventure-works.com,CDC02917-B678-48AD-A431-1609A4BDD297,2012-09-20 00:00:00.000
2738,1933,andy12@adventure-works.com,07CE8D79-0E5E-4650-9C54-20A0237A2CF2,2014-02-04 00:00:00.000
2739,1934,natalie35@adventure-works.com,2165D6B2-1E8C-4A4E-ACEC-C607A14EDD2B,2013-12-19 00:00:00.000
2740,1935,andy13@adventure-works.com,4D1AD2E6-99EE-458C-93A1-686A7F718C70,2012-11-20 00:00:00.000
2741,1936,andy14@adventure-works.com,32A2F2E4-A5B0-417A-BAC8-87EF5D92D418,2013-12-31 00:00:00.000
2742,1937,andy15@adventure-works.com,EC361004-105F-4CAF-9366-2F2FEA159FE5,2013-08-08 00:00:00.000
2743,1938,kelvin5@adventure-works.com,C963935E-51D3-48CE-9AC1-144FDEA07F2B,2012-11-10 00:00:00.000
2744,1939,andy16@adventure-works.com,44976637-6A7B-404C-A3A7-EA4244DAB612,2013-06-27 00:00:00.000
2745,1940,andy17@adventure-works.com,102F1F87-5FFC-4BE7-8F54-A9BED1BEDAAD,2013-07-30 00:00:00.000
2746,1941,natalie36@adventure-works.com,B9F2BB1A-514D-4E84-8F2B-9779635EAA29,2013-07-15 00:00:00.000
2747,1942,andy18@adventure-works.com,37922EA6-EC96-4C38-9095-A450D6FF6592,2014-02-14 00:00:00.000
2748,1943,natalie37@adventure-works.com,D40D2718-3471-4C65-A895-3282E7D4320F,2013-11-20 00:00:00.000
2749,1944,natalie38@adventure-works.com,0FD1BF54-4CDD-4414-BEE7-FB98EF85C150,2014-01-30 00:00:00.000
2750,1945,andy19@adventure-works.com,D1A9C90F-8BF9-4C37-829D-E5DF9AA9FAD1,2012-02-22 00:00:00.000
2751,1946,natalie39@adventure-works.com,531EBA1E-B792-483B-BDD7-1779BE5CEF63,2014-04-29 00:00:00.000
2752,1947,natalie40@adventure-works.com,5754E954-F435-4D0C-8555-EED972D56C29,2013-11-27 00:00:00.000
2753,1948,natalie41@adventure-works.com,31BD450F-7C89-409B-B9E4-6C5794030605,2013-09-03 00:00:00.000
2754,1949,andy20@adventure-works.com,021E4A11-2C6E-469B-ACDB-E6AA1C55CDC8,2014-03-29 00:00:00.000
2755,1950,natalie42@adventure-works.com,A823035A-4749-4F1B-AAE8-3305B03F4F48,2014-02-26 00:00:00.000
2756,1951,andy21@adventure-works.com,AB3723D6-70E4-42B8-A122-0D53E4BAC645,2014-01-04 00:00:00.000
2757,1952,natalie43@adventure-works.com,5ACF76E9-0EDB-48FD-9F7E-3B0CABAB4A2C,2013-10-17 00:00:00.000
2758,1953,natalie44@adventure-works.com,D6CB5D8E-F18B-4123-9CBD-64951C70706D,2013-05-27 00:00:00.000
2759,1954,alexandra1@adventure-works.com,AD51A853-67F6-40C0-BF0E-F76CADD6C552,2011-08-15 00:00:00.000
2760,1955,alexandra2@adventure-works.com,99BDDF88-7034-4D9E-B797-3502FD35301E,2014-01-14 00:00:00.000
2761,1956,alexandra3@adventure-works.com,D34C560E-7E90-4A7F-8F62-D98DB5202770,2013-10-28 00:00:00.000
2762,1957,andy22@adventure-works.com,5F18E206-351B-4D1F-8B61-12756893E50F,2014-02-13 00:00:00.000
2763,1958,alexandra4@adventure-works.com,59B9E0CE-F543-4BB7-ADCA-079A1506C4CE,2014-02-01 00:00:00.000
2764,1959,alexandra5@adventure-works.com,479E8C6B-65C5-4C8A-AD6C-8344F2F94853,2013-10-27 00:00:00.000
2765,1960,andy23@adventure-works.com,36889EDF-6C5B-4C18-BFE1-50DD49D12533,2014-03-23 00:00:00.000
2766,1961,alexandra6@adventure-works.com,F5B59EF9-D65E-4158-87EA-F5625FA2C658,2013-08-07 00:00:00.000
2767,1962,alexandra7@adventure-works.com,79DAF6D2-D7BC-46C6-80F7-69933FEE6974,2014-05-13 00:00:00.000
2768,1963,alexandra8@adventure-works.com,5F0F03B0-3560-4831-A348-F0B99D42A3F3,2013-09-12 00:00:00.000
2769,1964,alexandra9@adventure-works.com,F309CA6D-4E92-47A6-8385-CAEF7284ED47,2013-12-29 00:00:00.000
2770,1965,kelvin6@adventure-works.com,1751D3B9-36C8-4C27-8B25-4C3D3F6C89ED,2012-12-22 00:00:00.000
2771,1966,andy24@adventure-works.com,3F3DA975-3E9F-4084-ADB5-73B8E5A175C8,2014-03-31 00:00:00.000
2772,1967,alexandra10@adventure-works.com,773FC6AF-ECB8-4C34-B179-55B99F18E161,2012-07-02 00:00:00.000
2773,1968,alexandra11@adventure-works.com,867EE363-710C-410B-8622-509B5D214CB6,2014-04-03 00:00:00.000
2774,1969,andy25@adventure-works.com,DCB2FA46-7653-4C8B-A0E1-086848193408,2012-04-22 00:00:00.000
2775,1970,alexandra12@adventure-works.com,88057B20-0349-4AA1-9A57-0D9325270792,2014-01-06 00:00:00.000
2776,1971,alexandra13@adventure-works.com,ED3F9E58-DA73-4DF5-82DB-5772DFDB1B93,2012-05-24 00:00:00.000
2777,1972,alfredo1@adventure-works.com,632108A3-E867-48F0-96D3-D6E154029192,2014-05-28 00:00:00.000
2778,1973,alfredo2@adventure-works.com,614E0A8C-41EB-41CA-B2E3-4ABB6263F174,2011-10-07 00:00:00.000
2779,1974,alexandra14@adventure-works.com,19E66149-57E5-4E6E-B752-DB0EA3CD8FDA,2013-09-13 00:00:00.000
2780,1975,alexandra15@adventure-works.com,778A4D27-156D-4964-8944-509E4F524A88,2012-12-09 00:00:00.000
2781,1976,alfredo3@adventure-works.com,2F458FE9-2683-4F7E-96CC-C7977A2202FD,2014-05-30 00:00:00.000
2782,1977,alexandra16@adventure-works.com,498F4244-A8F4-41B8-8711-8E156683197E,2013-10-13 00:00:00.000
2783,1978,alfredo4@adventure-works.com,5EB64BFB-95D0-41AF-B933-30C04F4DB0D6,2014-03-25 00:00:00.000
2784,1979,marcel0@adventure-works.com,429D277F-CA6B-42E8-9C2E-9B3F9B15C2E2,2011-06-27 00:00:00.000
2785,1980,alfredo5@adventure-works.com,B041830A-30A9-407F-BDC2-A927D54FF668,2013-10-06 00:00:00.000
2786,1981,alexandra17@adventure-works.com,055E53A0-A417-4EED-BA22-87302606199B,2013-09-10 00:00:00.000
2787,1982,alexandra18@adventure-works.com,13A4B2FF-85F4-4C22-9E6A-198D3EE97C0C,2014-04-04 00:00:00.000
2788,1983,alexandra19@adventure-works.com,D283E9A9-C4C3-4DD4-92AA-70E9BD0D7974,2014-04-28 00:00:00.000
2789,1984,alexandra20@adventure-works.com,3C5FD3F0-4C2D-402F-AA36-0277FB477732,2011-06-04 00:00:00.000
2790,1985,alfredo6@adventure-works.com,99F458BA-4579-46CD-BF8E-77D912D9DC32,2013-07-06 00:00:00.000
2791,1986,alfredo7@adventure-works.com,782DF993-8CD9-430D-9E6F-324017E2467C,2014-05-21 00:00:00.000
2792,1987,alexandra21@adventure-works.com,3551C16A-AA0D-40B6-916D-D167C5A1C5E0,2013-09-17 00:00:00.000
2793,1988,alexandra22@adventure-works.com,4A4CD5BF-E22F-423D-8EE0-EA2903ED313B,2012-08-29 00:00:00.000
2794,1989,alexandra23@adventure-works.com,571CA037-FD00-4C9A-A143-C016C7BB8817,2014-03-19 00:00:00.000
2795,1990,kelvin7@adventure-works.com,B1A68E96-CB59-45AD-887F-3293BC484BBB,2014-02-07 00:00:00.000
2796,1991,alfredo8@adventure-works.com,A9414DC9-05E2-4D0A-81E7-DC6339230900,2012-12-09 00:00:00.000
2797,1992,alexandra24@adventure-works.com,D3CB40C3-AF38-4BEC-AFAB-49CE87C8EBF4,2013-12-04 00:00:00.000
2798,1993,alfredo9@adventure-works.com,EC2FE88E-857E-45E0-BFC2-48F885C35347,2012-12-25 00:00:00.000
2799,1994,alexandra25@adventure-works.com,B208106A-96FC-4D4E-97EC-A4105D60E16F,2011-10-19 00:00:00.000
2800,1995,alfredo10@adventure-works.com,AF2D6FB2-5641-429D-A97A-CA7CBB131519,2013-08-03 00:00:00.000
2801,1996,alexandra26@adventure-works.com,3B5AF738-97BB-4256-AC15-F7BFA8657944,2011-11-27 00:00:00.000
2802,1997,alexandra27@adventure-works.com,17603F06-1767-4448-8B6E-C453A41C4FEC,2012-11-20 00:00:00.000
2803,1998,alexandra28@adventure-works.com,138BB4C1-1113-472F-B3C5-9242673A1009,2014-01-26 00:00:00.000
2804,1999,alfredo11@adventure-works.com,F5AE7EC9-D218-4C12-9D00-BD78A9E8DF0F,2012-11-01 00:00:00.000
2805,2000,alexandra29@adventure-works.com,6B34F897-11A7-48C0-82E7-5C8649760A2A,2013-09-19 00:00:00.000
2806,2001,alexandra30@adventure-works.com,D9C06694-26E6-4CCE-8E64-6A5CE0004431,2013-07-02 00:00:00.000
2807,2002,alfredo12@adventure-works.com,8E217A3E-10EF-4B27-9942-645B420FF5C2,2014-03-01 00:00:00.000
2808,2003,alexandra31@adventure-works.com,23F8F39B-9B9E-4B49-8F4C-8694983C5F6D,2014-03-01 00:00:00.000
2809,2004,alexandra32@adventure-works.com,E1EEBB5D-31F4-4FC1-A1F3-D8672A95CAA6,2014-03-04 00:00:00.000
2810,2005,alfredo13@adventure-works.com,FFA01B0E-30BB-4C39-B292-EE01323D411B,2014-05-15 00:00:00.000
2811,2006,alexandra33@adventure-works.com,208950FC-E77B-4E9D-A655-ABC408A5A21D,2014-01-29 00:00:00.000
2812,2007,alfredo14@adventure-works.com,C8F23FB0-4615-4B08-8B1F-693FD5ED443F,2012-01-03 00:00:00.000
2813,2008,alexandra34@adventure-works.com,67041380-0558-4F62-860B-0CEDC2571F4A,2013-10-26 00:00:00.000
2814,2009,alexandra35@adventure-works.com,96617762-BAFE-466D-A75E-7907B3A8CDD1,2012-08-30 00:00:00.000
2815,2010,alfredo15@adventure-works.com,B3C9181A-E68D-47D5-8581-0E439F240BE6,2013-07-10 00:00:00.000
2816,2011,alexandra36@adventure-works.com,29126E92-CB66-45A4-AEF5-989A1B87BA53,2013-07-23 00:00:00.000
2817,2012,alexandra37@adventure-works.com,F60738B6-DD95-4403-9034-A36819BE4F3A,2014-01-17 00:00:00.000
2818,2013,alfredo16@adventure-works.com,51746BD8-3683-4185-BBC6-099388C43947,2012-11-28 00:00:00.000
2819,2014,kelvin8@adventure-works.com,3AA6F3F7-94A8-401D-BF5E-33487C09DFEC,2014-03-08 00:00:00.000
2820,2015,alfredo17@adventure-works.com,D8A30DB0-53E1-43DE-9AB6-643E31EFA808,2012-07-06 00:00:00.000
2821,2016,alexandra38@adventure-works.com,5C353D88-8E0E-4FC8-8CEA-3E6FC29C691E,2014-04-26 00:00:00.000
2822,2017,alexandra39@adventure-works.com,13A927AD-A0CE-45D9-85E4-8A18C6F97DED,2014-01-04 00:00:00.000
2823,2018,alexandra40@adventure-works.com,B14F3DEA-155B-4641-93FB-C4E86EEED4CA,2014-06-29 00:00:00.000
2824,2019,alfredo18@adventure-works.com,3D045093-4575-4944-B730-8B9BE890B726,2012-04-13 00:00:00.000
2825,2020,alexandra41@adventure-works.com,8FEC85D3-DDE0-47E8-BDF6-7C4D1872780C,2014-06-15 00:00:00.000
2826,2021,alfredo19@adventure-works.com,651133DA-276F-42E3-A8E3-5A208234C5FC,2013-09-19 00:00:00.000
2827,2022,alexandra42@adventure-works.com,828FFBDC-372A-4D74-B8CE-C978B8A785BC,2014-06-25 00:00:00.000
2828,2023,alexandra43@adventure-works.com,5B5A6680-BA54-4369-9DB4-C8C20B96080C,2014-05-22 00:00:00.000
2829,2024,alfredo20@adventure-works.com,6AE157C5-A7A2-40DC-B5FA-65A0C145EB69,2012-01-22 00:00:00.000
2830,2025,sydney0@adventure-works.com,F61E68A9-A783-4349-A8EB-6034081B60E4,2013-08-22 00:00:00.000
2831,2026,sydney1@adventure-works.com,EAA01FAC-8AED-4968-935A-4A1F9C8D95CA,2014-03-13 00:00:00.000
2832,2027,alfredo21@adventure-works.com,B8B0DDC0-2BC1-488C-BA7C-6937C6B95A40,2014-04-15 00:00:00.000
2833,2028,alfredo22@adventure-works.com,355EAC26-6AB1-4CEB-94D8-6AEAD31DB86D,2013-04-09 00:00:00.000
2834,2029,sydney2@adventure-works.com,7A8CEA07-57E5-476B-9129-723A681B7552,2014-06-05 00:00:00.000
2835,2030,sydney3@adventure-works.com,DD4D1458-2D57-47DB-8F0B-5AFDBE011D6F,2011-06-04 00:00:00.000
2836,2031,alfredo23@adventure-works.com,A9E86E20-CC82-4922-A8E3-A41EB3370A4F,2012-06-08 00:00:00.000
2837,2032,sydney4@adventure-works.com,A45042BF-4D1A-4AE1-926E-33BE8C036D55,2013-10-13 00:00:00.000
2838,2033,sydney5@adventure-works.com,B5896570-0593-45A5-A668-1FBD1B744C17,2012-11-22 00:00:00.000
2839,2034,jarred0@adventure-works.com,D36C987B-9FCA-401C-8667-557C678218C0,2013-07-23 00:00:00.000
2840,2035,jaime0@adventure-works.com,71F0DA5B-FCD1-4B69-AD0E-03712A7CF9EF,2011-06-22 00:00:00.000
2841,2036,sydney6@adventure-works.com,DABA9AD1-00AE-4270-8BBC-3297E88264CF,2014-01-27 00:00:00.000
2842,2037,sydney7@adventure-works.com,CC7167CF-9237-44B0-A245-A1FAE8DDCC54,2013-11-14 00:00:00.000
2843,2038,juan0@adventure-works.com,FD2DBF5F-3391-4D79-B77C-CA8CB529AE83,2013-09-08 00:00:00.000
2844,2039,warren2@adventure-works.com,D1AB5FFC-3E80-417A-BCB7-19491DC65885,2012-03-06 00:00:00.000
2845,2040,josue0@adventure-works.com,827E6252-B8AA-4263-B6F2-05D01CC0B349,2013-03-01 00:00:00.000
2846,2041,sydney8@adventure-works.com,A314DF7A-3828-4CE2-B56C-2C8461661C7D,2014-03-21 00:00:00.000
2847,2042,harold0@adventure-works.com,31E4BE59-B55D-4C06-B999-97030A0A381F,2013-12-14 00:00:00.000
2848,2043,sydney9@adventure-works.com,DC673E8E-48DB-4708-AD1F-3BF2CB6DAFBD,2014-01-20 00:00:00.000
2849,2044,sydney10@adventure-works.com,5E161A94-D6DA-4AE4-8D82-0A5DFD5DD8BF,2013-10-04 00:00:00.000
2850,2045,sydney11@adventure-works.com,58E1057B-435F-49BA-8835-F0E375264400,2014-01-13 00:00:00.000
2851,2046,harold1@adventure-works.com,05060262-9B7E-41E5-BE10-A1A2885D8D04,2013-05-20 00:00:00.000
2852,2047,sydney12@adventure-works.com,CF6D93A7-96E9-4B57-A14B-692BBDD29F89,2014-04-24 00:00:00.000
2853,2048,sydney13@adventure-works.com,72702E9C-6067-4391-928A-F669F3987D9A,2012-11-08 00:00:00.000
2854,2049,harold2@adventure-works.com,E42EFF85-2BE8-4681-85AC-46468C53FE18,2013-04-10 00:00:00.000
2855,2050,sydney14@adventure-works.com,049504D0-856A-4327-9CCC-8F4BEE5246A2,2014-01-29 00:00:00.000
2856,2051,sydney15@adventure-works.com,F025F849-2E04-4DAD-8CE5-CD84A3B6899B,2013-09-16 00:00:00.000
2857,2052,harold3@adventure-works.com,E0DBE905-25FD-4144-A2A3-1B3565ACB607,2011-06-25 00:00:00.000
2858,2053,sydney16@adventure-works.com,19A2E4B0-67CF-48AC-A51B-6ACD2275AE62,2013-07-27 00:00:00.000
2859,2054,sydney17@adventure-works.com,7BCCC848-2648-4E82-B021-97C383A3FED9,2013-09-26 00:00:00.000
2860,2055,sydney18@adventure-works.com,A9AB0A30-6530-4D5B-B64B-716F7E995B32,2012-09-02 00:00:00.000
2861,2056,sydney19@adventure-works.com,7DBCD8EE-007F-4429-B2A1-668E03AF220D,2013-10-04 00:00:00.000
2862,2057,sydney20@adventure-works.com,5EBA6A9C-887D-4A8A-837B-FE55CD2B03B2,2013-12-19 00:00:00.000
2863,2058,sydney21@adventure-works.com,07367CC9-0171-4988-99D8-39CA6DD7C202,2014-03-15 00:00:00.000
2864,2059,harold4@adventure-works.com,F1F854CD-3CE9-4195-8747-0F6480D5F4CC,2014-05-24 00:00:00.000
2865,2060,harold5@adventure-works.com,89E06821-8E85-4172-BA4A-8A228DBB8EEA,2013-11-11 00:00:00.000
2866,2061,sydney22@adventure-works.com,1C5AA429-2655-49F3-AE12-147742F949DD,2013-01-04 00:00:00.000
2867,2062,muniraju0@adventure-works.com,183A4DFF-B935-4B46-97B5-5A77EF99CF21,2014-06-10 00:00:00.000
2868,2063,sydney23@adventure-works.com,3EFD47DF-E1E0-46CF-81A8-8B8BBAA79A1F,2013-08-23 00:00:00.000
2869,2064,sydney24@adventure-works.com,7FE9A4DE-139D-461C-9C65-E4B1DC02E28C,2012-12-20 00:00:00.000
2870,2065,sydney25@adventure-works.com,552B99CF-4585-41A5-BECF-741FD7F2B26E,2013-10-29 00:00:00.000
2871,2066,kelvin9@adventure-works.com,389272A8-91FE-477A-80C5-858580E171E5,2013-07-04 00:00:00.000
2872,2067,harold6@adventure-works.com,746C8823-5F4D-4A33-8CB5-6DC0058DDB05,2013-12-07 00:00:00.000
2873,2068,sydney26@adventure-works.com,76ACACA5-B946-4C4D-AE42-4FECAE14D746,2013-07-24 00:00:00.000
2874,2069,harold7@adventure-works.com,F155E616-0100-4FF3-82C1-1C213C104A1C,2013-08-06 00:00:00.000
2875,2070,sydney27@adventure-works.com,20168486-8F9B-438C-A3C6-F395506E857B,2013-12-06 00:00:00.000
2876,2071,harold8@adventure-works.com,4DDB549A-10BE-4370-B2A8-B2891E0135B7,2013-12-22 00:00:00.000
2877,2072,harold9@adventure-works.com,8E5CAF84-CE82-4460-835D-19AB6B193152,2013-10-28 00:00:00.000
2878,2073,sydney28@adventure-works.com,F31621D4-9C20-4BCE-B020-9F143DD3FE98,2014-04-22 00:00:00.000
2879,2074,sydney29@adventure-works.com,7C70F8F2-107C-41E4-923F-47D49011F682,2013-12-28 00:00:00.000
2880,2075,harold10@adventure-works.com,1BF773B6-362C-485D-840A-603762738A42,2014-01-06 00:00:00.000
2881,2076,harold11@adventure-works.com,8085E943-CD43-4E59-AEFA-068EBAE852B3,2012-01-09 00:00:00.000
2882,2077,sydney30@adventure-works.com,B26AF01D-D3F8-4BB5-8E74-4AE32851DD7C,2014-04-11 00:00:00.000
2883,2078,sydney31@adventure-works.com,20606559-947D-4D5B-93C0-D5099F3EB994,2013-08-25 00:00:00.000
2884,2079,sydney32@adventure-works.com,54EE63D8-6084-40D8-AE89-68FFF588D1E7,2014-01-19 00:00:00.000
2885,2080,harold12@adventure-works.com,3552C7F7-64B7-4397-AA67-046F0ABB9C48,2013-07-11 00:00:00.000
2886,2081,sydney33@adventure-works.com,D2121917-4365-4A1B-9A3F-DF276A6D80C1,2014-02-28 00:00:00.000
2887,2082,harold13@adventure-works.com,C39CC3DF-898A-4B83-86C4-5DCDDC794CA1,2014-04-15 00:00:00.000
2888,2083,harold14@adventure-works.com,A1C6CCBD-9B1F-4961-BE91-511A08977ADF,2013-11-29 00:00:00.000
2889,2084,sydney34@adventure-works.com,9C245A77-C336-453A-894F-635846EBC43C,2011-12-14 00:00:00.000
2890,2085,sydney35@adventure-works.com,2E283619-2914-4750-BC7F-EF6F0C3725F8,2014-05-24 00:00:00.000
2891,2086,harold15@adventure-works.com,A1712192-1BA5-4238-8FEE-C9732AE864EF,2014-01-31 00:00:00.000
2892,2087,sydney36@adventure-works.com,E30F5F5B-24CA-49CF-AFDD-971BD0351898,2013-10-22 00:00:00.000
2893,2088,kelvin10@adventure-works.com,973C543E-7BD8-4311-9354-028B6259F2C2,2012-09-10 00:00:00.000
2894,2089,sydney37@adventure-works.com,D1D58402-7EE4-4C24-9991-A44201F95959,2013-10-08 00:00:00.000
2895,2090,harold16@adventure-works.com,4BAFCFBC-FC84-4D69-BE6A-248BDB9FF7E2,2014-01-27 00:00:00.000
2896,2091,sydney38@adventure-works.com,4CC12B83-6AEC-4320-90A2-99E3A90B85BF,2014-05-08 00:00:00.000
2897,2092,sydney39@adventure-works.com,571ABE25-0B31-4B5E-A8B5-E67345DB027C,2014-01-06 00:00:00.000
2898,2093,harold17@adventure-works.com,182042DE-F9D2-4C40-B112-C36523F0BF61,2013-12-06 00:00:00.000
2899,2094,harold18@adventure-works.com,9B63F626-98D2-4166-BB13-62EFBEA1EFDD,2011-11-01 00:00:00.000
2900,2095,jarrod0@adventure-works.com,A8D2B07C-FB89-41FA-BC26-97F4F1780A2A,2012-04-09 00:00:00.000
2901,2096,jarrod1@adventure-works.com,5C1C3731-F09A-498D-A473-C47C38289569,2014-05-12 00:00:00.000
2902,2097,jarrod2@adventure-works.com,4FBE62AE-5449-4C9D-A489-45FD4949C773,2013-03-11 00:00:00.000
2903,2098,sydney40@adventure-works.com,C4E2482D-8D1F-49EC-B179-BDD64384AAFB,2012-04-06 00:00:00.000
2904,2099,jarrod3@adventure-works.com,16B6CD90-564C-4BB0-8EB5-93A0CA36DF00,2014-01-03 00:00:00.000
2905,2100,sydney41@adventure-works.com,8B6CF244-04C8-4AE5-9BB9-BBAECFFF50EF,2013-08-10 00:00:00.000
2906,2101,sydney42@adventure-works.com,BF161AFE-2FFF-42D0-89A6-558E1176203C,2013-10-26 00:00:00.000
2907,2102,jarrod4@adventure-works.com,74B03710-0F8A-49EF-BD03-93BCABC573FE,2013-07-16 00:00:00.000
2908,2103,jarrod5@adventure-works.com,30062ED6-3262-4509-9BF6-FDFC63945A10,2013-08-03 00:00:00.000
2909,2104,sydney43@adventure-works.com,0EA0DD59-8AD0-48EB-ADAD-4BA0FAC2B75A,2014-03-02 00:00:00.000
2910,2105,kelvin11@adventure-works.com,309D195F-63CC-4BEC-9BEC-39FB22EE4EEB,2012-04-09 00:00:00.000
2911,2106,katherine2@adventure-works.com,91B79B8D-0332-4118-86DB-33CF7E90AE0F,2011-12-12 00:00:00.000
2912,2107,jarrod6@adventure-works.com,21F5F8C1-6A2B-4A55-8CAF-4383A035EE6B,2013-12-17 00:00:00.000
2913,2108,jarrod7@adventure-works.com,37C9C011-68F5-4883-A898-C03A073BF75D,2012-07-22 00:00:00.000
2914,2109,katherine3@adventure-works.com,E57C472D-F9FC-4614-B0C7-233CB09ECCC6,2013-08-28 00:00:00.000
2915,2110,katherine4@adventure-works.com,5CFB65AE-C389-4B80-AD0B-4FF2DCA8BD10,2014-05-01 00:00:00.000
2916,2111,jarrod8@adventure-works.com,FF777DC7-E07C-4BC0-B631-64EE6F5C57E8,2013-11-24 00:00:00.000
2917,2112,jarrod9@adventure-works.com,3917296F-EC90-4289-BC95-34D799001FAF,2011-11-13 00:00:00.000
2918,2113,jarrod10@adventure-works.com,0A3AF1E0-1D95-40C4-9328-D767C88CADD8,2012-05-09 00:00:00.000
2919,2114,katherine5@adventure-works.com,7599AF90-F4D1-40FA-A9A9-8878CDA0490E,2013-12-14 00:00:00.000
2920,2115,katherine6@adventure-works.com,D81445E8-CC22-4CD7-9386-C6A015EA7E1E,2014-02-23 00:00:00.000
2921,2116,jarrod11@adventure-works.com,31A98441-FE32-44D6-918D-DAAE8EB14221,2014-01-18 00:00:00.000
2922,2117,katherine7@adventure-works.com,287B3E18-7BD5-49FA-8943-CEB194982A91,2014-03-09 00:00:00.000
2923,2118,katherine8@adventure-works.com,A57D7323-B801-42DF-A91B-6CCB85CEB91A,2013-08-12 00:00:00.000
2924,2119,katherine9@adventure-works.com,94A5A864-7F20-4C48-8F86-5E58C0D967F2,2014-03-29 00:00:00.000
2925,2120,jarrod12@adventure-works.com,7C3E3D00-F3BC-4B6F-B0C6-87AACDCAC931,2014-06-13 00:00:00.000
2926,2121,jarrod13@adventure-works.com,F694CF3D-1A8D-48B8-8F23-56A933A5C7F7,2013-09-20 00:00:00.000
2927,2122,katherine10@adventure-works.com,7114D3B2-8D0C-49B2-A922-932F408FF4F0,2013-09-25 00:00:00.000
2928,2123,kelvin12@adventure-works.com,2E38AF70-9C83-4AE4-9BD0-59DFC6121735,2014-01-11 00:00:00.000
2929,2124,jarrod14@adventure-works.com,2FDC86A0-C2F0-4FCF-912F-C69532D8A518,2013-01-21 00:00:00.000
2930,2125,katherine11@adventure-works.com,E62F0D04-C2D3-4517-9795-00C2CF5E6C35,2013-12-25 00:00:00.000
2931,2126,katherine12@adventure-works.com,892671F7-B23F-473A-8B16-464AA17FDF67,2013-11-20 00:00:00.000
2932,2127,katherine13@adventure-works.com,105978E6-6237-4B87-9C1E-F2B00BB7F6CE,2013-07-13 00:00:00.000
2933,2128,katherine14@adventure-works.com,63553815-5AF8-4ADB-9EDC-E38E658F3D18,2013-12-23 00:00:00.000
2934,2129,katherine15@adventure-works.com,0FD9ADDF-5F09-49B0-BC69-0152CE80E780,2012-05-11 00:00:00.000
2935,2130,jarrod15@adventure-works.com,DEC80665-1021-415C-91FB-B7A116D7A014,2014-05-08 00:00:00.000
2936,2131,katherine16@adventure-works.com,25F53D2E-B909-4263-8FFD-C75C30B63136,2014-05-11 00:00:00.000
2937,2132,katherine17@adventure-works.com,F3C46AFF-4C5C-4BB2-BD75-F00FF1963A6B,2014-04-05 00:00:00.000
2938,2133,katherine18@adventure-works.com,7A8F15F1-44DE-43D4-A9DD-E1769CF76CAB,2013-11-12 00:00:00.000
2939,2134,katherine19@adventure-works.com,C2D69A96-967E-463A-83EB-97E09DFB612A,2014-01-25 00:00:00.000
2940,2135,katherine20@adventure-works.com,C0C848C4-A0FC-49F9-82FD-097CAB132D1C,2012-01-06 00:00:00.000
2941,2136,katherine21@adventure-works.com,CBE6DC37-13D6-4EB3-86DA-CB5989F4E5C6,2014-05-07 00:00:00.000
2942,2137,jarrod16@adventure-works.com,8EE23539-F53D-4766-B7D4-AC330268469C,2014-01-03 00:00:00.000
2943,2138,jarrod17@adventure-works.com,A39977F9-D336-4098-8589-A3D91992385A,2013-11-26 00:00:00.000
2944,2139,katherine22@adventure-works.com,427DF5D1-DDAB-4881-811B-96EB4FE6A8DA,2013-11-28 00:00:00.000
2945,2140,jarrod18@adventure-works.com,3157C040-EDCD-4880-BB25-C6AB3F67ED28,2012-12-14 00:00:00.000
2946,2141,katherine23@adventure-works.com,33E13349-C1A3-46BE-8F9D-E720921E58DA,2014-01-11 00:00:00.000
2947,2142,katherine24@adventure-works.com,314D4F52-C5CB-4F21-B0E4-417D8184161D,2013-10-09 00:00:00.000
2948,2143,jarrod19@adventure-works.com,7B1EE6BF-EB08-4D95-8F4F-F2EB69C5EE05,2014-03-16 00:00:00.000
2949,2144,katherine25@adventure-works.com,7EEB94C1-E041-4A42-A8E7-AFF94035038D,2013-07-17 00:00:00.000
2950,2145,katherine26@adventure-works.com,31631073-4B9C-4EAF-9289-7F1E817E63CF,2013-09-08 00:00:00.000
2951,2146,katherine27@adventure-works.com,20738983-E6A9-4DD9-BAE3-7B6535ED148C,2012-09-28 00:00:00.000
2952,2147,jarrod20@adventure-works.com,7BBFE494-13AD-4C5C-9599-D2B66AF99CA8,2014-06-07 00:00:00.000
2953,2148,katherine28@adventure-works.com,79B60D35-FF1A-4D43-A781-F856CC5E05EC,2014-02-01 00:00:00.000
2954,2149,erick0@adventure-works.com,06C93B08-5329-4BC8-9C9D-52CD6F33EAD9,2013-09-18 00:00:00.000
2955,2150,katherine29@adventure-works.com,DFD5F712-CC0B-4E3C-B939-798D15D30D81,2014-04-01 00:00:00.000
2956,2151,kelvin13@adventure-works.com,3C472053-CA9B-4699-9412-0CB1E4D0B0F6,2014-05-26 00:00:00.000
2957,2152,erick1@adventure-works.com,E2B6225D-447F-478F-8681-3D0115C912F2,2013-10-24 00:00:00.000
2958,2153,katherine30@adventure-works.com,2E427CB5-F3BA-4159-9AD6-AF7ABA0ADBC4,2014-04-24 00:00:00.000
2959,2154,katherine31@adventure-works.com,CDDE03F5-0AF4-455C-ABBE-F00F3FD2AF56,2014-03-19 00:00:00.000
2960,2155,erick2@adventure-works.com,363E5353-8219-4EC6-B5ED-12BEF39B2346,2014-05-20 00:00:00.000
2961,2156,katherine32@adventure-works.com,4F249338-5DE9-4236-93F8-5BD8A63EC4F9,2013-12-18 00:00:00.000
2962,2157,erick3@adventure-works.com,ACF80D58-62AE-43BA-B9CB-29CCCAF12194,2014-03-02 00:00:00.000
2963,2158,katherine33@adventure-works.com,B990DB7A-1ECD-44B1-ACD2-AF46D9304943,2013-01-02 00:00:00.000
2964,2159,erick4@adventure-works.com,8787B786-7727-40D6-806B-BF6021C02EB1,2014-01-07 00:00:00.000
2965,2160,erick5@adventure-works.com,3D1E8886-1502-42C9-B624-0317ECB8C150,2012-06-03 00:00:00.000
2966,2161,katherine34@adventure-works.com,BD3C5BC6-DEC1-4835-B60C-612CD4351B98,2013-11-23 00:00:00.000
2967,2162,erick6@adventure-works.com,B8E0DEB0-F523-4D74-98F2-1FCCD2E2D886,2013-11-16 00:00:00.000
2968,2163,katherine35@adventure-works.com,14D50A0B-73DA-4D5B-A373-CACF26CAE217,2014-02-13 00:00:00.000
2969,2164,erick7@adventure-works.com,57F1F0C3-36AF-45FA-8B16-40ADEB15E3B9,2013-10-11 00:00:00.000
2970,2165,katherine36@adventure-works.com,D848E500-A92C-4403-A551-4B9DF51F81B8,2011-08-18 00:00:00.000
2971,2166,katherine37@adventure-works.com,47D0DE46-52EA-437A-AC65-B1BD7FF1F0EF,2013-09-22 00:00:00.000
2972,2167,katherine38@adventure-works.com,92B61E7E-3DFF-479D-9E83-25080AF7F2A0,2012-06-20 00:00:00.000
2973,2168,katherine39@adventure-works.com,7AA26EB5-C42C-487D-AE51-25D8CDA45C82,2012-11-30 00:00:00.000
2974,2169,erick8@adventure-works.com,EB73775E-B517-4411-B83F-2F0252E83F2C,2013-05-13 00:00:00.000
2975,2170,katherine40@adventure-works.com,B543DB67-441F-4470-8DF4-0D0435A5D96C,2013-02-10 00:00:00.000
2976,2171,katherine41@adventure-works.com,94589F15-1AA2-41AC-810A-518E23F170BC,2014-05-02 00:00:00.000
2977,2172,kelvin14@adventure-works.com,8507193D-13E8-470A-893D-59A2A418501F,2013-11-17 00:00:00.000
2978,2173,erick9@adventure-works.com,A8D3198F-3BA8-4DDF-A32C-D047296A5579,2013-10-27 00:00:00.000
2979,2174,katherine42@adventure-works.com,6449946A-77AB-4BD3-A72E-CF41CBB748BF,2013-09-12 00:00:00.000
2980,2175,erick10@adventure-works.com,761F7E11-4693-4F0A-A79E-77AD34FFE6F4,2014-04-21 00:00:00.000
2981,2176,katherine43@adventure-works.com,B4BE40F0-9E03-471F-BCE7-F637A7607DD5,2013-05-16 00:00:00.000
2982,2177,katherine44@adventure-works.com,3F5A05EA-C61D-4475-B51D-4D89E70CD662,2013-11-26 00:00:00.000
2983,2178,erick11@adventure-works.com,340D69EE-43D4-4817-9BA1-50C360217725,2013-08-10 00:00:00.000
2984,2179,katherine45@adventure-works.com,03FFE15E-FD46-4C49-AE20-9BE625547BA9,2013-11-10 00:00:00.000
2985,2180,katherine46@adventure-works.com,DB8A748B-5FEC-40B0-BF93-EB85FAF445AF,2014-05-28 00:00:00.000
2986,2181,katherine47@adventure-works.com,0D69FC58-279D-462F-91A0-A20D453CD627,2013-05-11 00:00:00.000
2987,2182,erick12@adventure-works.com,F9356205-AAF3-4AFE-A0B6-3059D0F37C4A,2013-09-29 00:00:00.000
2988,2183,katherine48@adventure-works.com,33B5BAC8-1F55-4490-B9ED-3E3F7431F4D0,2013-07-06 00:00:00.000
2989,2184,amanda0@adventure-works.com,8E6CC2FE-010E-452F-841E-020F6BCCFC6B,2013-11-08 00:00:00.000
2990,2185,erick13@adventure-works.com,E7F1EAD0-5BA5-4B8F-9A83-80873A07DF4E,2013-08-21 00:00:00.000
2991,2186,erick14@adventure-works.com,2C25427D-FF2D-4D27-89AB-322640D05805,2013-12-19 00:00:00.000
2992,2187,amanda1@adventure-works.com,4B4AABB5-B4DF-4377-BF86-E6312AEE5360,2012-11-03 00:00:00.000
2993,2188,erick15@adventure-works.com,51C5F725-5851-403A-9EF9-12CC280BCC92,2012-05-25 00:00:00.000
2994,2189,amanda2@adventure-works.com,352A22C2-5478-4ACE-87E9-BDCBBA0237CF,2013-09-07 00:00:00.000
2995,2190,erick16@adventure-works.com,80DAA433-B547-4629-9DCD-A9C8A26F6A81,2012-12-06 00:00:00.000
2996,2191,amanda3@adventure-works.com,3FB5EEE5-67D4-437E-A1AA-797A650DD483,2013-08-03 00:00:00.000
2997,2192,amanda4@adventure-works.com,FA226D49-CD78-4529-B42F-A8D6A55AFB9E,2013-09-14 00:00:00.000
2998,2193,erick17@adventure-works.com,5A267010-2913-45AF-A414-961BBFE7C143,2013-09-01 00:00:00.000
2999,2194,amanda5@adventure-works.com,0351294B-A7DB-4D91-9A3D-6D599EE8273B,2013-11-24 00:00:00.000
3000,2195,amanda6@adventure-works.com,E42EFE5E-F4B0-42B5-B106-693FFF448BCA,2014-03-13 00:00:00.000
3001,2196,kelvin15@adventure-works.com,4D20D159-0379-45CD-A1E7-370D200671EF,2014-01-20 00:00:00.000
3002,2197,erick18@adventure-works.com,C543CBE0-9DF8-41AA-8FD5-8244AEC718B9,2013-07-30 00:00:00.000
3003,2198,amanda7@adventure-works.com,D356E78E-301B-4438-BCA2-A331343EAB76,2014-03-20 00:00:00.000
3004,2199,amanda8@adventure-works.com,E2D3C97A-4BF4-44DA-97F3-14C273BE2404,2013-11-19 00:00:00.000
3005,2200,erick19@adventure-works.com,162ABA1F-F4A1-498B-834C-A7E7F6FD58F3,2013-12-30 00:00:00.000
3006,2201,amanda9@adventure-works.com,AA3E1BDC-4394-4930-A91B-21E9DA7DD468,2013-04-29 00:00:00.000
3007,2202,erick20@adventure-works.com,B6629C0D-8366-4642-9493-660794121524,2013-11-09 00:00:00.000
3008,2203,amanda10@adventure-works.com,C566D88E-2EB4-47D8-BF96-3FAF320EDB94,2013-05-28 00:00:00.000
3009,2204,amanda11@adventure-works.com,366FAA3C-471F-4914-9402-A7102B65F182,2012-09-08 00:00:00.000
3010,2205,amanda12@adventure-works.com,076B3388-E9FD-4606-9E83-A17F261B89FD,2012-10-11 00:00:00.000
3011,2206,amanda13@adventure-works.com,02E27F35-DE8F-42DD-B371-C60E3D7B3938,2012-08-19 00:00:00.000
3012,2207,erick21@adventure-works.com,E6E37BD4-1791-43E1-B9DB-796F29D46740,2014-05-17 00:00:00.000
3013,2208,amanda14@adventure-works.com,D52D03EA-2147-456B-AB07-7108BB474D77,2014-02-20 00:00:00.000
3014,2209,amanda15@adventure-works.com,A46E3EE9-44B1-49AF-BB5A-68A94AAF0E9D,2012-04-21 00:00:00.000
3015,2210,amanda16@adventure-works.com,90BBC3A5-912D-44C7-AB8C-3E31B33BEA0F,2012-05-22 00:00:00.000
3016,2211,amanda17@adventure-works.com,CFD383B9-9773-4247-B84E-018164BCD35E,2013-07-20 00:00:00.000
3017,2212,summer0@adventure-works.com,6A6528EC-E44C-4FDB-8B18-8AE4B4D455AD,2013-10-17 00:00:00.000
3018,2213,amanda18@adventure-works.com,8C33A5CA-A375-40BB-8824-61714CCD66EA,2013-12-29 00:00:00.000
3019,2214,amanda19@adventure-works.com,FB3543E8-5AD6-46E0-A760-974AAF69A5C2,2012-06-23 00:00:00.000
3020,2215,summer1@adventure-works.com,267D54AC-97CF-4BB0-BDD5-BD47D4992DAD,2013-12-28 00:00:00.000
3021,2216,amanda20@adventure-works.com,7DFF43AB-4927-425A-88E8-3227FD9631E9,2013-06-03 00:00:00.000
3022,2217,summer2@adventure-works.com,CA12F376-2F85-4AD7-AB13-9282978A639F,2014-05-20 00:00:00.000
3023,2218,amanda21@adventure-works.com,2C481680-8D8E-4234-A5D8-CB050045E2E0,2013-11-20 00:00:00.000
3024,2219,amanda22@adventure-works.com,CDFC0235-35EC-49AD-B357-0178361942B2,2013-10-25 00:00:00.000
3025,2220,amanda23@adventure-works.com,92374573-C53B-44CC-9682-EA29647099CC,2011-07-09 00:00:00.000
3026,2221,amanda24@adventure-works.com,9EBA3CB7-F28C-4C56-B03B-070B2333561A,2014-05-08 00:00:00.000
3027,2222,summer3@adventure-works.com,66B17D95-75D2-4956-8C98-EB7CC8C13A18,2013-01-28 00:00:00.000
3028,2223,kelly3@adventure-works.com,99D1C9D0-C430-4150-8482-2F7C3964F3F3,2013-09-10 00:00:00.000
3029,2224,amanda25@adventure-works.com,B14740D9-DB85-4F50-BE6D-F23810347C1D,2013-11-25 00:00:00.000
3030,2225,kelvin16@adventure-works.com,1558E42C-24CF-4764-AD18-5F7F9A4C74DD,2014-05-20 00:00:00.000
3031,2226,summer4@adventure-works.com,97556143-E430-4002-AF4E-B968B24A2211,2014-04-30 00:00:00.000
3032,2227,amanda26@adventure-works.com,AE21171A-81DB-47E6-828C-F2154DBE447D,2013-07-16 00:00:00.000
3033,2228,summer5@adventure-works.com,BC338566-8ADA-42CD-BDDF-B0D8B9A777AB,2014-04-06 00:00:00.000
3034,2229,amanda27@adventure-works.com,9220E046-A8AD-4DAF-86B9-B8F7C1C304AB,2014-06-24 00:00:00.000
3035,2230,amanda28@adventure-works.com,A8A7BF02-2820-4CE9-9D43-A7FFC13C4640,2013-04-14 00:00:00.000
3036,2231,summer6@adventure-works.com,0E8C0DFF-C2EE-4D90-8E28-36013746B02D,2012-06-14 00:00:00.000
3037,2232,amanda29@adventure-works.com,CCEB254D-B299-4938-A8D3-C5FEDDF77CBF,2014-02-19 00:00:00.000
3038,2233,amanda30@adventure-works.com,83F5B94D-92D2-4061-829E-10F14E640B0F,2013-09-18 00:00:00.000
3039,2234,amanda31@adventure-works.com,B3B1A304-580D-428A-B3F5-87B5407FA400,2013-07-16 00:00:00.000
3040,2235,summer7@adventure-works.com,D5030C29-C15F-4A34-81B4-DC60555BDB79,2012-04-15 00:00:00.000
3041,2236,summer8@adventure-works.com,71068044-928D-4757-9123-E5D7BD90735E,2013-07-18 00:00:00.000
3042,2237,amanda32@adventure-works.com,0E63CC3B-2B5A-4F93-A37D-56A95701048B,2013-11-16 00:00:00.000
3043,2238,summer9@adventure-works.com,9A7D7022-5D08-4E34-B805-20DF9CE56F42,2013-07-29 00:00:00.000
3044,2239,summer10@adventure-works.com,4902894B-44FC-4BE5-B56D-0A16B6AF3A66,2012-05-04 00:00:00.000
3045,2240,amanda33@adventure-works.com,4EDCB3C0-CA6A-417D-9609-B4403C9E5027,2014-05-14 00:00:00.000
3046,2241,summer11@adventure-works.com,F5A4912C-3127-4595-B1E8-BB7362634E36,2014-02-14 00:00:00.000
3047,2242,amanda34@adventure-works.com,D01882B0-4EBB-4B54-9BEE-EC7619F8D1EE,2013-08-02 00:00:00.000
3048,2243,kelvin17@adventure-works.com,C70B7B85-36FF-430E-A1A2-5F8D59936173,2014-02-25 00:00:00.000
3049,2244,summer12@adventure-works.com,A6841826-15E3-45A7-A0DB-27FDE5C16D60,2014-05-25 00:00:00.000
3050,2245,summer13@adventure-works.com,A39C02E8-B866-440E-A9B1-9AEA4DB062E2,2014-03-31 00:00:00.000
3051,2246,amanda35@adventure-works.com,C54603D2-17C0-4066-B88B-6616D9448170,2013-08-18 00:00:00.000
3052,2247,amanda36@adventure-works.com,660947EE-D8D5-40AB-BED2-AB9484EE7619,2013-06-21 00:00:00.000
3053,2248,summer14@adventure-works.com,6EFF0DCD-239B-4076-A3BE-CC67E6DCBB3E,2013-08-18 00:00:00.000
3054,2249,amanda37@adventure-works.com,07FC3C52-6F6C-4632-80D6-B24E4D8D9888,2013-12-01 00:00:00.000
3055,2250,amanda38@adventure-works.com,FF4652F5-B897-47D4-B67E-0BE1480768B3,2014-01-29 00:00:00.000
3056,2251,amanda39@adventure-works.com,80446824-D016-473C-9203-B0FC7538BE50,2013-05-07 00:00:00.000
3057,2252,amanda40@adventure-works.com,ECAA3325-C160-4236-9B74-147614529888,2011-11-30 00:00:00.000
3058,2253,summer15@adventure-works.com,CAD43743-A27B-4206-9998-237BA7509FE6,2014-03-07 00:00:00.000
3059,2254,amanda41@adventure-works.com,464CBEB6-1A20-4C7E-8F99-BD04BA37319E,2013-09-26 00:00:00.000
3060,2255,summer16@adventure-works.com,E376D451-56A3-405C-8163-159A25A18C19,2013-09-20 00:00:00.000
3061,2256,amanda42@adventure-works.com,306A7F95-4DB9-4CCB-A599-96148BD2A532,2012-10-14 00:00:00.000
3062,2257,summer17@adventure-works.com,3D8D2475-52C8-4446-9200-0330CBD2EA80,2013-01-02 00:00:00.000
3063,2258,amanda43@adventure-works.com,A23DE63A-029E-4ED5-BE8E-99E2C50C8AA7,2014-05-19 00:00:00.000
3064,2259,stephanie3@adventure-works.com,910C49AD-DC9B-4B01-8612-A0E69B05D7D4,2013-08-13 00:00:00.000
3065,2260,summer18@adventure-works.com,5CDDEE35-5728-472E-A877-92D11F777C57,2014-04-24 00:00:00.000
3066,2261,stephanie4@adventure-works.com,326B4A4C-1259-444D-978E-87888AE1CBD1,2014-02-11 00:00:00.000
3067,2262,stephanie5@adventure-works.com,88DA0B4E-744E-4F1C-BC97-B2C0DFA8D919,2013-11-12 00:00:00.000
3068,2263,stephanie6@adventure-works.com,4ACFE280-1E13-4D9F-A8FB-81EBA346C5C4,2014-02-19 00:00:00.000
3069,2264,stephanie7@adventure-works.com,CFC1259E-6BA3-4FE9-99B9-6BA693002327,2014-05-30 00:00:00.000
3070,2265,stephanie8@adventure-works.com,8490BDEE-1239-4740-A17B-E8B7BC03BAF5,2013-07-17 00:00:00.000
3071,2266,stephanie9@adventure-works.com,93FAC5FF-B652-4B96-8747-00FF70AFDDC2,2013-10-23 00:00:00.000
3072,2267,summer19@adventure-works.com,DAF3AF18-C456-45DC-974F-DE416DF37214,2014-05-24 00:00:00.000
3073,2268,stephanie10@adventure-works.com,489EA4DF-790E-4CE6-B910-46FC9C3EF168,2013-04-11 00:00:00.000
3074,2269,stephanie11@adventure-works.com,7AD2B18C-9120-4974-AE5A-FB6123DAFA72,2013-08-28 00:00:00.000
3075,2270,evelyn0@adventure-works.com,D105E0BC-1732-4AC0-8910-724D6B54F0F8,2013-08-25 00:00:00.000
3076,2271,stephanie12@adventure-works.com,35F5C7E5-2C04-48CF-A1B8-04699B2AF8A4,2012-05-14 00:00:00.000
3077,2272,stephanie13@adventure-works.com,7BC94B88-270E-4EBE-A9FC-A39875024DBE,2014-04-06 00:00:00.000
3078,2273,warren3@adventure-works.com,751D9B9F-8393-4673-8FDB-61D1574D8997,2013-02-01 00:00:00.000
3079,2274,kelvin18@adventure-works.com,38D46A9F-1543-4B43-B270-47846F2D8B05,2012-12-24 00:00:00.000
3080,2275,evelyn1@adventure-works.com,4C5D093C-0819-4054-9E97-A362C519AB78,2012-09-18 00:00:00.000
3081,2276,stephanie14@adventure-works.com,147C4EA7-4EA0-48EB-A6ED-B1BE9A393CB5,2012-06-03 00:00:00.000
3082,2277,stephanie15@adventure-works.com,C0FF2AB1-E1AA-4D42-A94D-B01FA34EFC1F,2014-02-10 00:00:00.000
3083,2278,stephanie16@adventure-works.com,68868CC2-856B-47B8-9011-359F07D8EA5F,2013-09-11 00:00:00.000
3084,2279,stephanie17@adventure-works.com,24CF71AE-D168-4EBD-8913-6A235C8F5229,2013-11-03 00:00:00.000
3085,2280,evelyn2@adventure-works.com,D6C48BF6-17A8-4EAD-8610-9E7D580D4A8E,2012-05-29 00:00:00.000
3086,2281,stephanie18@adventure-works.com,90F87BEB-05BF-4FB1-8CF1-A9F014B877D2,2013-03-25 00:00:00.000
3087,2282,stephanie19@adventure-works.com,9C3AAD96-E7E5-4003-A67B-CEB44465445D,2014-01-28 00:00:00.000
3088,2283,stephanie20@adventure-works.com,A1A72BDD-A1C3-493E-91EE-C5800A244BF4,2014-02-06 00:00:00.000
3089,2284,evelyn3@adventure-works.com,2E7220ED-446B-43CE-8C3D-3C2BF6FB65E8,2014-02-01 00:00:00.000
3090,2285,stephanie21@adventure-works.com,0190F6FA-AC61-441F-9384-5EAC5412CC4E,2011-08-14 00:00:00.000
3091,2286,evelyn4@adventure-works.com,4F17B426-EACF-49DC-8E7C-739855550278,2014-03-30 00:00:00.000
3092,2287,stephanie22@adventure-works.com,52C27F44-BDD0-4018-91C2-30C6D14F5F01,2013-10-26 00:00:00.000
3093,2288,evelyn5@adventure-works.com,EDCDA446-16DF-4AE1-ABC8-2CCD57A64E1F,2013-03-17 00:00:00.000
3094,2289,stephanie23@adventure-works.com,ADBDD48B-E3C1-4661-9E95-5403B5BE08F5,2014-03-15 00:00:00.000
3095,2290,stephanie24@adventure-works.com,257A11D4-3E0C-4473-88EE-080E08088571,2013-09-16 00:00:00.000
3096,2291,evelyn6@adventure-works.com,9B85F10C-32F6-42F7-B959-84DAAFB131F9,2014-01-13 00:00:00.000
3097,2292,stephanie25@adventure-works.com,704830C1-0D57-417C-B0DD-267D4782AFDC,2013-10-15 00:00:00.000
3098,2293,stephanie26@adventure-works.com,A2D5D8A6-C72C-44BC-9095-F0483C04C5AE,2013-07-22 00:00:00.000
3099,2294,stephanie27@adventure-works.com,D8C82E34-91AE-4692-96A8-7BFA7FFB1275,2014-04-12 00:00:00.000
3100,2295,stephanie28@adventure-works.com,44E8CF33-802A-4E56-AFFB-62985485E79B,2012-07-14 00:00:00.000
3101,2296,evelyn7@adventure-works.com,7B16EDBD-8A6F-4963-A172-B49E943E4A70,2013-11-28 00:00:00.000
3102,2297,stephanie29@adventure-works.com,FB7AA609-EA04-4158-9114-6DEEF5491795,2012-06-17 00:00:00.000
3103,2298,evelyn8@adventure-works.com,DD979E83-5915-4E0D-9669-10C2C681666F,2012-10-06 00:00:00.000
3104,2299,stephanie30@adventure-works.com,3ED1D3F8-8C9D-4469-941D-A96DD0ECF8F7,2013-11-18 00:00:00.000
3105,2300,evelyn9@adventure-works.com,36A34E7D-954C-4451-9EDB-ED1780D8B8D8,2014-03-18 00:00:00.000
3106,2301,stephanie31@adventure-works.com,53EC69D5-C800-4E10-BDBC-178C03DF1B65,2014-05-07 00:00:00.000
3107,2302,kelvin19@adventure-works.com,7C4A42F0-953F-447B-900F-D1A9E7031840,2013-08-13 00:00:00.000
3108,2303,evelyn10@adventure-works.com,4CD4C12B-FDB2-4C6A-A3C5-54D5A883A9D3,2014-05-05 00:00:00.000
3109,2304,stephanie32@adventure-works.com,5EBF5EC4-F6AF-447D-AD66-349C87878A8D,2013-10-23 00:00:00.000
3110,2305,stephanie33@adventure-works.com,166B9E6B-5CBD-46E3-B379-07396D1E90E7,2013-11-10 00:00:00.000
3111,2306,evelyn11@adventure-works.com,C643B18D-7C40-49E9-A711-BB6E3F3A3E0D,2012-06-21 00:00:00.000
3112,2307,stephanie34@adventure-works.com,CC71E6EC-A144-447C-8489-DE4B423DCDB4,2013-06-20 00:00:00.000
3113,2308,evelyn12@adventure-works.com,6D237A1F-0DCD-4A12-86F5-E9977ECAB685,2014-03-22 00:00:00.000
3114,2309,evelyn13@adventure-works.com,A7194F7C-87D6-46BE-B873-10FED6C22313,2012-10-31 00:00:00.000
3115,2310,evelyn14@adventure-works.com,22FE1D0F-F628-45EE-A15A-6DA1F0D376E5,2012-07-03 00:00:00.000
3116,2311,stephanie35@adventure-works.com,E616FF1F-B3C7-4F4B-9F12-FABB62437756,2013-09-28 00:00:00.000
3117,2312,evelyn15@adventure-works.com,E763CD62-2AFE-4924-9087-141BAE71B2B1,2012-04-01 00:00:00.000
3118,2313,stephanie36@adventure-works.com,976CD1D6-2CD2-433C-B3B8-8A6BDC6C107D,2013-07-20 00:00:00.000
3119,2314,stephanie37@adventure-works.com,1C77B688-9F03-4ABE-B46B-6F897B118E79,2014-02-04 00:00:00.000
3120,2315,evelyn16@adventure-works.com,2B2F96E7-6BFA-4854-8B8D-9E82C7D01C33,2013-06-20 00:00:00.000
3121,2316,stephanie38@adventure-works.com,D9F1D4A0-D840-4CA3-9418-C328DE51376D,2012-07-18 00:00:00.000
3122,2317,evelyn17@adventure-works.com,D92834E0-E7B4-4488-9F63-32A14932EAE5,2013-08-29 00:00:00.000
3123,2318,stephanie39@adventure-works.com,0011BB45-E92B-4950-A5D7-3B9AAFEE4E44,2012-09-18 00:00:00.000
3124,2319,evelyn18@adventure-works.com,8A0D9ACA-D5B1-4BAD-A430-2E3256D4ECA7,2013-10-10 00:00:00.000
3125,2320,cedric0@adventure-works.com,0739E172-FCEF-4E75-B3E3-8D8F0B6170DE,2013-12-27 00:00:00.000
3126,2321,evelyn19@adventure-works.com,EF18A4A5-A672-44F1-972E-ECBC67B92938,2013-03-04 00:00:00.000
3127,2322,evelyn20@adventure-works.com,D47E964D-5D6A-42BC-A43A-9EB947228153,2012-11-02 00:00:00.000
3128,2323,stephanie40@adventure-works.com,42D35BEC-714A-4385-A259-3BFAB21A6277,2013-11-14 00:00:00.000
3129,2324,stephanie41@adventure-works.com,0B3F997F-178F-4285-BD3A-251F4B99C674,2014-05-07 00:00:00.000
3130,2325,evelyn21@adventure-works.com,164A5DA4-15AF-4BB5-81BC-19A987A218D8,2013-02-26 00:00:00.000
3131,2326,adriana0@adventure-works.com,9D77F595-2FAB-4315-8FD1-6C892B6A7E0E,2011-11-14 00:00:00.000
3132,2327,stephanie42@adventure-works.com,79FCB527-FAEC-47A9-936C-6B5332613BD7,2014-03-02 00:00:00.000
3133,2328,stephanie43@adventure-works.com,CEFAD390-6416-4128-AFF5-058DF656A774,2014-03-25 00:00:00.000
3134,2329,stephanie44@adventure-works.com,7E7FB80E-1E89-4D36-B1A8-ECCE098249A8,2013-06-25 00:00:00.000
3135,2330,adriana1@adventure-works.com,B586EE1C-FF3A-4AF0-9F73-3F1344F8A579,2013-07-14 00:00:00.000
3136,2331,stephanie45@adventure-works.com,9742CC73-47D4-4B2F-AF1D-DB5EDD1F7F65,2013-09-07 00:00:00.000
3137,2332,adriana2@adventure-works.com,6975B899-2A77-491A-8FB6-60042894C2DC,2012-01-24 00:00:00.000
3138,2333,adriana3@adventure-works.com,CD61EE4F-CFD8-4273-BBD8-B457272E30EC,2014-05-27 00:00:00.000
3139,2334,stephanie46@adventure-works.com,51C23FCF-D2FF-4DB0-A4C7-14829CF03688,2014-02-14 00:00:00.000
3140,2335,adriana4@adventure-works.com,17DE6C9F-E694-4D42-AD40-D389AF097A63,2014-05-29 00:00:00.000
3141,2336,stephanie47@adventure-works.com,082789A2-88E1-493F-B2C2-A48E1F8EA49C,2013-07-13 00:00:00.000
3142,2337,stephanie48@adventure-works.com,B5D2591F-1E51-465B-A4A5-8D536E4A60E5,2014-03-30 00:00:00.000
3143,2338,adriana5@adventure-works.com,DA01EA7C-12A8-4801-A7CF-7DBBE0A82DA0,2014-02-20 00:00:00.000
3144,2339,stephanie49@adventure-works.com,9C0D50D7-CD73-4FFF-B0A2-0C16C7A50464,2014-02-15 00:00:00.000
3145,2340,hailey0@adventure-works.com,64FAE2C6-63F3-4AF6-B828-54304512347E,2011-12-24 00:00:00.000
3146,2341,cedric1@adventure-works.com,27FC8B7E-14B0-4FFE-A434-9FD76ED4BAB3,2012-05-18 00:00:00.000
3147,2342,adriana6@adventure-works.com,5BC4484E-5704-411E-BF1B-5A6671CC1593,2012-07-19 00:00:00.000
3148,2343,hailey1@adventure-works.com,535792CA-691D-4271-8856-FBBC02279B28,2013-02-01 00:00:00.000
3149,2344,hailey2@adventure-works.com,D1D53EEE-9B17-4340-902F-0F693C7EA0BD,2013-12-30 00:00:00.000
3150,2345,adriana7@adventure-works.com,2920D15C-19BF-4468-8B01-59E31B1A836B,2013-08-31 00:00:00.000
3151,2346,hailey3@adventure-works.com,D5FEC1F7-F775-4F6C-BC2C-A4E73DBA0C29,2014-04-27 00:00:00.000
3152,2347,adriana8@adventure-works.com,6BFB7EF4-17E5-43CA-9D2F-F72995BFC350,2012-12-15 00:00:00.000
3153,2348,hailey4@adventure-works.com,FF3363A2-7A3D-48B7-ABF9-C64A55955E74,2013-07-23 00:00:00.000
3154,2349,hailey5@adventure-works.com,CABF99A0-05D1-4D19-BD9A-F47AD8283D5B,2013-12-29 00:00:00.000
3155,2350,adriana9@adventure-works.com,561487F1-82AA-4FDB-948F-BAF75302E176,2011-11-29 00:00:00.000
3156,2351,adriana10@adventure-works.com,7852B7A7-38D0-422E-8173-47738A5B660E,2013-07-04 00:00:00.000
3157,2352,hailey6@adventure-works.com,C69A1D95-5A86-4F02-A5CC-1D4273B3164A,2014-05-06 00:00:00.000
3158,2353,hailey7@adventure-works.com,E15BB260-28FB-40FF-8A88-E8512DEE8F38,2013-12-25 00:00:00.000
3159,2354,hailey8@adventure-works.com,98CCB6F8-9C73-4CFB-AAD2-FDE089054EB9,2014-03-01 00:00:00.000
3160,2355,hailey9@adventure-works.com,F3AEFE7A-3E6B-4B20-A4D6-E0A32349291D,2014-03-09 00:00:00.000
3161,2356,hailey10@adventure-works.com,57D2A5EE-10AA-49D1-88B8-EF1D92457C8F,2013-03-26 00:00:00.000
3162,2357,adriana11@adventure-works.com,706A6EA7-DC63-4B23-8294-5DBBBC939AE4,2013-12-01 00:00:00.000
3163,2358,hailey11@adventure-works.com,550784E9-F819-4BE5-AAF8-7D2E84136BC2,2012-05-27 00:00:00.000
3164,2359,carol5@adventure-works.com,BEC5AF11-FEAD-4612-9789-274577B3592F,2014-01-26 00:00:00.000
3165,2360,hailey12@adventure-works.com,B4D725B9-D2AB-4A77-ADA8-6746920F0A72,2013-10-20 00:00:00.000
3166,2361,adriana12@adventure-works.com,87DF509C-6272-4E48-9AD9-59570CE6D517,2014-06-17 00:00:00.000
3167,2362,hailey13@adventure-works.com,F6E72D8C-0EB4-48B7-9C56-B2323F8CE100,2014-01-17 00:00:00.000
3168,2363,hailey14@adventure-works.com,B0B565A6-EA84-4336-B21E-E2E047BB12AA,2013-07-10 00:00:00.000
3169,2364,hailey15@adventure-works.com,9AEACF4F-4E1B-4B08-ABEA-26C3D76B35F2,2014-04-07 00:00:00.000
3170,2365,hailey16@adventure-works.com,2172C235-29DE-4489-B6B0-ABC2E57F304F,2014-04-15 00:00:00.000
3171,2366,hailey17@adventure-works.com,342852EE-F03B-47EF-A95E-9A611277C52E,2011-11-25 00:00:00.000
3172,2367,hailey18@adventure-works.com,3264483C-BB40-44AD-885C-9A406769F8D0,2013-07-11 00:00:00.000
3173,2368,adriana13@adventure-works.com,D4DCF2C6-A775-456F-9899-A5D3DBD2408E,2013-09-30 00:00:00.000
3174,2369,hailey19@adventure-works.com,D1951FB7-C177-42C1-8AA1-6BCDFF6F6265,2014-01-28 00:00:00.000
3175,2370,adriana14@adventure-works.com,7B2F5B8F-C8AF-4246-8DB9-B707109C5E77,2013-09-18 00:00:00.000
3176,2371,hailey20@adventure-works.com,1C47909D-D9D8-4A5C-ACD8-E9E8E19059B7,2013-10-10 00:00:00.000
3177,2372,hailey21@adventure-works.com,164C1D2E-9D3C-450A-826C-0E341081BAB8,2014-04-21 00:00:00.000
3178,2373,cedric2@adventure-works.com,2B80DF26-1739-4F44-B773-1EE13613922B,2011-08-06 00:00:00.000
3179,2374,adriana15@adventure-works.com,5503B775-B8B3-4169-8253-7ED39B675973,2013-05-18 00:00:00.000
3180,2375,hailey22@adventure-works.com,D8218991-694C-422E-9A7E-EFD554E8075D,2014-03-13 00:00:00.000
3181,2376,adriana16@adventure-works.com,F1FEC442-F9AB-4D57-85CB-29001E05673E,2013-11-03 00:00:00.000
3182,2377,hailey23@adventure-works.com,EF076EDC-5904-4C1E-A6B1-75BA563E8174,2012-10-26 00:00:00.000
3183,2378,hailey24@adventure-works.com,AD892518-FBE3-4E39-95E2-567E66FEEFAE,2013-02-16 00:00:00.000
3184,2379,adriana17@adventure-works.com,EE44B8F1-CB1D-449E-91BE-D8BC663A875B,2012-04-25 00:00:00.000
3185,2380,hailey25@adventure-works.com,68C54634-9E4B-4669-9094-FD65C017D23C,2013-11-10 00:00:00.000
3186,2381,hailey26@adventure-works.com,C93BFAF4-3C43-491E-9001-43BCA236BF9B,2014-01-26 00:00:00.000
3187,2382,adriana18@adventure-works.com,BF7D3DF3-C18A-4060-85CC-36452970BD1F,2012-06-01 00:00:00.000
3188,2383,hailey27@adventure-works.com,285BCE1A-8301-4A83-89CE-1E694B25ECA6,2014-04-10 00:00:00.000
3189,2384,adriana19@adventure-works.com,9DC08DE9-9A4F-45C7-95CA-3FA946D91E96,2011-10-24 00:00:00.000
3190,2385,hailey28@adventure-works.com,F77465B2-DB12-42FD-BE22-6CA95A37F05F,2014-02-22 00:00:00.000
3191,2386,adriana20@adventure-works.com,DDE4B3AF-7139-4761-9058-762B1C8AB34C,2013-12-26 00:00:00.000
3192,2387,hailey29@adventure-works.com,261AB092-9D66-4092-9C86-FC51A80CA361,2014-01-09 00:00:00.000
3193,2388,adriana21@adventure-works.com,4ED6D62F-59FD-4F77-915E-4560670D02DC,2013-10-28 00:00:00.000
3194,2389,carol6@adventure-works.com,670838C0-9DB6-4C6B-9A0F-564B4F61339C,2013-01-27 00:00:00.000
3195,2390,adriana22@adventure-works.com,E52FF423-A7EB-4AA5-AE3E-1D29D1FC4670,2013-11-27 00:00:00.000
3196,2391,kaitlin0@adventure-works.com,4C75F793-E661-4FB7-B319-722A1B635FA1,2013-09-17 00:00:00.000
3197,2392,hailey30@adventure-works.com,AD1DF8F0-B43C-41D1-B3F7-1359E31DC6C1,2013-07-01 00:00:00.000
3198,2393,cedric3@adventure-works.com,3008D495-BA96-46C0-933F-8B3C42CB0DE2,2013-08-01 00:00:00.000
3199,2394,kaitlin1@adventure-works.com,C9181123-9BE5-40CC-BF23-48AE76047152,2014-03-23 00:00:00.000
3200,2395,hailey31@adventure-works.com,B8DC0E93-D8BE-4869-93CE-62ACD1D65D2D,2013-07-19 00:00:00.000
3201,2396,hailey32@adventure-works.com,EA041EEA-E618-4AEF-B367-C8EF90D3817A,2013-10-28 00:00:00.000
3202,2397,kaitlin2@adventure-works.com,D0772892-4430-4B02-8E55-F9E0D7A1DBFD,2013-09-13 00:00:00.000
3203,2398,hailey33@adventure-works.com,FA75E5EC-6F52-4E76-92F0-FFE197FDC1FA,2014-01-24 00:00:00.000
3204,2399,hailey34@adventure-works.com,47899097-D321-4E07-9520-80558B762B0C,2013-09-04 00:00:00.000
3205,2400,kaitlin3@adventure-works.com,5A9F93F6-8291-47F3-BA57-0F1E3D26ECED,2013-09-08 00:00:00.000
3206,2401,hailey35@adventure-works.com,14E827F1-9746-46A2-B534-FE6E17E6937A,2013-05-13 00:00:00.000
3207,2402,kaitlin4@adventure-works.com,DEC216D4-BB98-4948-8AC1-CE3B0171BD70,2014-02-01 00:00:00.000
3208,2403,hailey36@adventure-works.com,72C1135C-D1C8-4146-8901-B5D88EBD33E3,2013-07-01 00:00:00.000
3209,2404,hailey37@adventure-works.com,204695A1-658D-4090-B79E-F05408DB64AC,2014-04-08 00:00:00.000
3210,2405,hailey38@adventure-works.com,C3D4255F-E9CA-4D96-A1CC-0A3B836BAF8D,2014-02-20 00:00:00.000
3211,2406,hailey39@adventure-works.com,6C40051E-1142-44F9-9F71-AF6D89096AA9,2014-03-11 00:00:00.000
3212,2407,hailey40@adventure-works.com,5CC491E7-F9D7-4431-99F5-0BE4D0551E5A,2012-10-13 00:00:00.000
3213,2408,kaitlin5@adventure-works.com,E59F3AC3-C778-4951-82D0-8F0E89A6797A,2013-09-13 00:00:00.000
3214,2409,hailey41@adventure-works.com,AE8B9309-9037-46E9-98DE-0218F1896E45,2013-11-22 00:00:00.000
3215,2410,kaitlin6@adventure-works.com,A05BB905-C818-4F2F-ABAC-4C9B9ED9C4D7,2013-09-26 00:00:00.000
3216,2411,kaitlin7@adventure-works.com,3CAC4FE1-4F4E-44FF-969B-8C08E538A901,2013-11-13 00:00:00.000
3217,2412,kaitlin8@adventure-works.com,89D22570-C6C1-4F81-8253-03DB6723FCD1,2014-02-06 00:00:00.000
3218,2413,cedric4@adventure-works.com,5A153067-91A6-4DBB-9B05-5B77372B4C97,2012-07-06 00:00:00.000
3219,2414,kaitlin9@adventure-works.com,5C48AF09-8C50-4485-B8A1-C0EFFA1CDBED,2013-08-31 00:00:00.000
3220,2415,hailey42@adventure-works.com,46EDDA83-25E1-4163-B0CE-3DFA8AC3B580,2013-06-30 00:00:00.000
3221,2416,maria1@adventure-works.com,97EDFDDE-E253-4353-983E-0C4152B5CEA5,2014-04-04 00:00:00.000
3222,2417,maria2@adventure-works.com,E68B38A9-C3DF-443A-ACC2-4BBD7AEBD2E3,2013-07-24 00:00:00.000
3223,2418,maria3@adventure-works.com,BBEC85C5-34F0-4B98-B17B-5103E657156E,2012-01-06 00:00:00.000
3224,2419,kaitlin10@adventure-works.com,CAA56ECE-B359-4D36-B7F8-C0DF2BBD0C65,2013-09-01 00:00:00.000
3225,2420,maria4@adventure-works.com,11382A19-2822-4B3C-8AB3-0BC91AC76234,2013-08-04 00:00:00.000
3226,2421,maria5@adventure-works.com,D8FF4B32-CC8A-4FA4-9D52-46895E3FF476,2013-12-13 00:00:00.000
3227,2422,kaitlin11@adventure-works.com,7CC22B88-D087-4C5D-BAE9-222979456CA4,2012-10-20 00:00:00.000
3228,2423,kaitlin12@adventure-works.com,5B771152-48B9-4705-98FF-595F393CC28D,2014-05-15 00:00:00.000
3229,2424,maria6@adventure-works.com,EBBF2633-AFDC-4FE2-AB20-3D2C2CD5D94F,2012-06-15 00:00:00.000
3230,2425,maria7@adventure-works.com,2F0F9E3D-E0E8-493C-9F61-79F12164500C,2013-08-03 00:00:00.000
3231,2426,maria8@adventure-works.com,44ACE4A4-7CB5-4E84-BAF1-F9522CB3E84E,2014-01-28 00:00:00.000
3232,2427,maria9@adventure-works.com,FB2583AC-ABB3-4489-90F0-0E1E826692C6,2014-02-24 00:00:00.000
3233,2428,maría10@adventure-works.com,6ADE317D-E42A-4A73-A6F2-FB184EB39F17,2014-03-18 00:00:00.000
3234,2429,kaitlin13@adventure-works.com,F84A1A81-4AC1-49BA-B9D3-38E907138EF5,2013-09-18 00:00:00.000
3235,2430,maria11@adventure-works.com,AE53A986-65EF-4F24-B6D2-DD2EFDF86A62,2013-08-30 00:00:00.000
3236,2431,maria12@adventure-works.com,161AE632-66E0-4957-83FD-7140E7670023,2014-03-10 00:00:00.000
3237,2432,kaitlin14@adventure-works.com,6C6C329E-E7CA-4491-8F00-9381CE79B170,2011-11-16 00:00:00.000
3238,2433,maria13@adventure-works.com,B9979881-72B0-4A2C-88CD-A4DA0A47107E,2011-11-10 00:00:00.000
3239,2434,maria14@adventure-works.com,7FB8FBD6-7373-4A6B-8976-792BCB3A9AD3,2014-01-14 00:00:00.000
3240,2435,maria15@adventure-works.com,2FC14740-1E93-4B68-9DD8-0320A79198EC,2014-05-13 00:00:00.000
3241,2436,maria16@adventure-works.com,675BE780-1901-4591-8F71-918AED4B8C05,2013-06-19 00:00:00.000
3242,2437,maria17@adventure-works.com,98072285-B7DF-4734-BD26-BB3CA21C8525,2012-10-06 00:00:00.000
3243,2438,kaitlin15@adventure-works.com,44E8880C-9AA6-4A20-B262-60C7681C5380,2014-05-31 00:00:00.000
3244,2439,kaitlin16@adventure-works.com,FDF5F301-F771-4369-B14F-DAB8391E19B5,2013-02-08 00:00:00.000
3245,2440,cedric5@adventure-works.com,4EED13AA-684B-4543-85DA-AD005DCDA33B,2013-03-26 00:00:00.000
3246,2441,kaitlin17@adventure-works.com,46B92DA9-ABF9-4115-A45D-37090B3DC00A,2013-09-22 00:00:00.000
3247,2442,kaitlin18@adventure-works.com,39DB939F-9702-4006-8D3F-0B6880A3CE07,2014-02-10 00:00:00.000
3248,2443,maria18@adventure-works.com,12A49BDF-C963-4F77-A197-B091A3DFB61E,2013-07-30 00:00:00.000
3249,2444,maria19@adventure-works.com,FB72082F-0781-4254-AE0A-C55EBA54BB26,2011-08-08 00:00:00.000
3250,2445,kaitlin19@adventure-works.com,2681058F-32D1-4479-B14F-F4B20BB71AB4,2011-09-22 00:00:00.000
3251,2446,maria20@adventure-works.com,181A9113-666F-42D4-89E4-783775A2A67E,2013-12-08 00:00:00.000
3252,2447,maria21@adventure-works.com,B3888B8A-D978-4A08-88B9-A919D74F5979,2014-04-29 00:00:00.000
3253,2448,kaitlin20@adventure-works.com,74E90701-2689-420D-9FDC-2F4F300B56B6,2014-05-12 00:00:00.000
3254,2449,maria22@adventure-works.com,AD6298BD-3B5A-49DC-A683-053A0363F41E,2013-08-17 00:00:00.000
3255,2450,ruth6@adventure-works.com,D0A0AE2E-65CA-41B4-9CA1-3D94B153C35C,2013-01-15 00:00:00.000
3256,2451,maria23@adventure-works.com,16B48CF2-3A91-4CA7-9AF5-0EA47FA10EA8,2013-03-19 00:00:00.000
3257,2452,maria24@adventure-works.com,4607C58B-2780-490E-9310-84C8DD86B3EB,2013-12-21 00:00:00.000
3258,2453,maria25@adventure-works.com,775E9D2A-1D1F-4BFD-80B4-37B7B22B09C7,2012-07-03 00:00:00.000
3259,2454,ruth7@adventure-works.com,869B49CE-91AD-440D-BA08-79DB7136C26F,2013-08-04 00:00:00.000
3260,2455,maria26@adventure-works.com,0F321FB9-228A-49BB-A3A4-B65B3712AB1D,2013-12-29 00:00:00.000
3261,2456,maria27@adventure-works.com,48634917-2F9A-4E42-A7BE-9774295ADD1B,2013-08-24 00:00:00.000
3262,2457,ruth8@adventure-works.com,33BA22C7-BAD3-4EA8-9A50-8A468D8597CF,2013-07-22 00:00:00.000
3263,2458,ruth9@adventure-works.com,C6639619-558C-48CB-9113-D9D9E7280CE6,2013-12-27 00:00:00.000
3264,2459,maria28@adventure-works.com,8D860CD7-2620-4862-8F10-8D03E3EAE241,2011-06-22 00:00:00.000
3265,2460,cedric6@adventure-works.com,4C5A7615-9303-40FD-8101-7D9E78792337,2014-05-14 00:00:00.000
3266,2461,ruth10@adventure-works.com,53BA4720-FD70-4D36-9CEC-CDAA7B4293AE,2013-04-20 00:00:00.000
3267,2462,ruth11@adventure-works.com,8FB87155-E50F-47D8-9D43-232FECD6E98B,2011-08-09 00:00:00.000
3268,2463,ruth12@adventure-works.com,4592EE73-6482-420B-82E3-1FBE7E7DD0F7,2012-11-17 00:00:00.000
3269,2464,maria29@adventure-works.com,7FA54E32-ED1A-4D37-9DF7-8A1C4602E77A,2013-04-12 00:00:00.000
3270,2465,ruth13@adventure-works.com,21EF20D0-AD6C-41F7-94F7-186E9434FC5B,2013-07-26 00:00:00.000
3271,2466,maria30@adventure-works.com,204AED89-0799-4938-AD99-4389A3A6E1B1,2013-12-05 00:00:00.000
3272,2467,maria31@adventure-works.com,C99AF85A-62CE-4E81-AFC6-CA6496859CC8,2011-09-01 00:00:00.000
3273,2468,margaret3@adventure-works.com,8519FAB7-CC31-4CCA-B1A2-40D56E20998B,2014-01-11 00:00:00.000
3274,2469,maria32@adventure-works.com,15C547E6-B376-4FD3-ABF1-149EA174405F,2013-09-18 00:00:00.000
3275,2470,maria33@adventure-works.com,9A9600CE-1A2D-4D0A-ADFE-CBE1DC605475,2013-09-02 00:00:00.000
3276,2471,maria34@adventure-works.com,735744CA-906D-4B56-9934-22570DE82DFF,2013-11-14 00:00:00.000
3277,2472,ruth14@adventure-works.com,6E1C6F83-8458-448C-9DB6-057636E933B8,2012-06-12 00:00:00.000
3278,2473,maría35@adventure-works.com,B27714D9-E2A6-46AC-B8DD-2AF69819EBF7,2013-08-05 00:00:00.000
3279,2474,ruth15@adventure-works.com,2A176D1A-BB87-4BD8-8773-4A051E3037B2,2011-11-27 00:00:00.000
3280,2475,maria36@adventure-works.com,4E6B9112-67E5-4081-ABE0-FF9CCD1FE615,2014-02-01 00:00:00.000
3281,2476,ruth16@adventure-works.com,62339E24-7D60-4F29-81A7-53C5FCAD1891,2012-06-06 00:00:00.000
3282,2477,maria37@adventure-works.com,B2BEDA2E-3260-4A18-881E-EC76C9181A06,2013-10-29 00:00:00.000
3283,2478,ruth17@adventure-works.com,D7160C69-F34A-41A4-9255-808046FBED0A,2014-05-22 00:00:00.000
3284,2479,maria38@adventure-works.com,77B62809-6DE0-49DC-8C6F-8D24400F718E,2013-12-18 00:00:00.000
3285,2480,cedric7@adventure-works.com,C4550101-8FD3-424B-9327-263E98379DF2,2014-03-28 00:00:00.000
3286,2481,ruth18@adventure-works.com,C3F3937A-E6AF-456C-938B-4FDB0FD2F02B,2012-06-10 00:00:00.000
3287,2482,maria39@adventure-works.com,F5EBFE22-20CB-42E6-BB8E-6CB371640219,2014-01-23 00:00:00.000
3288,2483,maria40@adventure-works.com,B9AF6AE0-6CB9-4AB1-9548-567301E044AB,2011-08-21 00:00:00.000
3289,2484,ruth19@adventure-works.com,A3F7AC6F-F69E-4903-A3FC-EFBFBFE672A5,2012-05-13 00:00:00.000
3290,2485,maria41@adventure-works.com,307E7AB7-BD2E-455A-A45A-91747EC33CE9,2013-07-19 00:00:00.000
3291,2486,maria42@adventure-works.com,76A340C7-A745-4EA6-95B4-D75761546BA4,2013-09-06 00:00:00.000
3292,2487,maria43@adventure-works.com,2D288C15-EF8F-4C35-92AA-CF3CE9F86B64,2013-03-25 00:00:00.000
3293,2488,gabrielle0@adventure-works.com,CB0D95D7-5961-4018-A9E8-46F2CDEA1104,2014-06-16 00:00:00.000
3294,2489,ruth20@adventure-works.com,0F107CEE-6699-40CF-B3F7-E0652528E9F1,2012-10-02 00:00:00.000
3295,2490,ruth21@adventure-works.com,423B6316-0397-4C97-BAC4-C98FA8AF4C3A,2013-04-28 00:00:00.000
3296,2491,gabrielle1@adventure-works.com,DEAE4AA4-7D43-4BF5-9AE0-F610C91768B6,2014-04-25 00:00:00.000
3297,2492,ruth22@adventure-works.com,48C5569D-E5D3-463D-80F6-A1E29EFF28EF,2012-08-02 00:00:00.000
3298,2493,gabrielle2@adventure-works.com,1E2AB8A1-D760-4A78-8C1E-593339E09423,2014-06-27 00:00:00.000
3299,2494,ruth23@adventure-works.com,B7D2DB7C-25D1-44BA-85B1-85131E7434C3,2013-08-26 00:00:00.000
3300,2495,gabrielle3@adventure-works.com,A89AFA47-7804-4FFD-975A-D94509C51C9F,2014-03-09 00:00:00.000
3301,2496,gabrielle4@adventure-works.com,1A730FD3-3550-4082-8861-8BAB76F24B68,2013-12-04 00:00:00.000
3302,2497,gabrielle5@adventure-works.com,D406FDE5-DC9A-4FED-9DE1-7FCB261EBAC4,2013-05-15 00:00:00.000
3303,2498,ruth24@adventure-works.com,1B017B87-1180-4ADB-BBCF-171704C3C950,2014-04-03 00:00:00.000
3304,2499,gabrielle6@adventure-works.com,92B6E0F0-1722-4C0B-98DF-0ADA7DAFD47C,2011-11-20 00:00:00.000
3305,2500,gabrielle7@adventure-works.com,58E7AE79-D240-47F9-B4BB-4F24C3E96932,2014-02-22 00:00:00.000
3306,2501,gabrielle8@adventure-works.com,A3A2C825-AC2E-4FE8-A3F1-7D85BBF3BB1D,2014-01-20 00:00:00.000
3307,2502,gabrielle9@adventure-works.com,534407F1-781D-4EF6-8F9A-B7E468A23B8B,2012-10-22 00:00:00.000
3308,2503,ruth25@adventure-works.com,20E3AE07-1375-48C1-9855-DDB91A3B3CD1,2013-10-29 00:00:00.000
3309,2504,gabrielle10@adventure-works.com,128C18AA-E6D8-4CEC-815A-6297815E7F0F,2014-02-25 00:00:00.000
3310,2505,gabrielle11@adventure-works.com,22CECAAB-0B3A-4007-976A-9AE2F05B44B3,2011-12-19 00:00:00.000
3311,2506,toni0@adventure-works.com,0DCC57EC-7A12-44F1-8E9B-63E9443EBEDF,2011-11-24 00:00:00.000
3312,2507,gabrielle12@adventure-works.com,9E5E6B19-70B9-4194-9858-B7FE4D517724,2012-11-01 00:00:00.000
3313,2508,warren4@adventure-works.com,538693E2-4D94-4B52-AB58-BFBFFD7595DA,2013-07-25 00:00:00.000
3314,2509,cedric8@adventure-works.com,B82A5770-2951-482E-B22D-94C4D8063E9C,2013-11-06 00:00:00.000
3315,2510,toni1@adventure-works.com,F66B0140-8A3A-4117-988C-09A058D7AD3D,2012-07-18 00:00:00.000
3316,2511,gabrielle13@adventure-works.com,D83AED51-96CB-49F0-B29A-36A32DEF45C8,2014-03-23 00:00:00.000
3317,2512,gabrielle14@adventure-works.com,F00FAFE2-92D6-4C83-93B1-81080A71C278,2012-04-03 00:00:00.000
3318,2513,gabrielle15@adventure-works.com,5A0B1742-CF81-4BF6-A253-F4A977911A1F,2013-10-11 00:00:00.000
3319,2514,gabrielle16@adventure-works.com,DEA755EE-8571-45D4-A532-623582349087,2014-01-09 00:00:00.000
3320,2515,toni2@adventure-works.com,BC3A79A2-34F1-4927-A811-134A26016787,2012-02-12 00:00:00.000
3321,2516,gabrielle17@adventure-works.com,7EBF823C-9802-4D28-8CC2-67A8F9DA6CC1,2014-01-18 00:00:00.000
3322,2517,toni3@adventure-works.com,078E748B-1612-4E85-97D1-E7915A53432C,2014-02-17 00:00:00.000
3323,2518,gabrielle18@adventure-works.com,1B273A21-BA20-4D04-BCA3-4A8BFD632D19,2014-05-31 00:00:00.000
3324,2519,gabrielle19@adventure-works.com,37BC6AC8-AE94-4C40-99FC-599B89D16143,2013-11-25 00:00:00.000
3325,2520,gabrielle20@adventure-works.com,BB5F5DB6-7278-4ACA-B68C-0B15396C85D8,2014-06-20 00:00:00.000
3326,2521,toni4@adventure-works.com,597C2558-0DFD-4558-8D44-00CF72D57874,2012-09-05 00:00:00.000
3327,2522,gabrielle21@adventure-works.com,3C1A94A0-AC45-44B0-93EF-584D11602602,2014-04-09 00:00:00.000
3328,2523,toni5@adventure-works.com,899B50D7-9E79-4739-BC7C-F7EB5198735A,2013-11-01 00:00:00.000
3329,2524,gabrielle22@adventure-works.com,81FFEE60-0B71-4CD6-92D3-4BE34FD24D3E,2013-11-30 00:00:00.000
3330,2525,toni6@adventure-works.com,3C24D93A-2AD6-41B8-AFBB-7C20E58427BC,2013-05-10 00:00:00.000
3331,2526,gabrielle23@adventure-works.com,DEE78194-AFE5-47B7-A35A-280B417FD627,2014-03-23 00:00:00.000
3332,2527,gabrielle24@adventure-works.com,C48590B2-0C1E-4525-B31D-ABC1B78CD2C7,2014-02-26 00:00:00.000
3333,2528,toni7@adventure-works.com,59C530F2-BB68-4229-B6B8-977DBE411B8E,2013-09-04 00:00:00.000
3334,2529,gabrielle25@adventure-works.com,CFC09550-D1EF-458A-A792-DBB5AA90AE2D,2012-04-01 00:00:00.000
3335,2530,gabrielle26@adventure-works.com,54A251A1-66A3-42A2-9865-1721CC195AE6,2012-07-14 00:00:00.000
3336,2531,gabrielle27@adventure-works.com,419E9ED4-19E2-43F0-98D2-561C6A4EE989,2013-09-04 00:00:00.000
3337,2532,gabrielle28@adventure-works.com,FBEB772C-8A0A-410B-AED7-4A47DB04C470,2011-08-14 00:00:00.000
3338,2533,gabrielle29@adventure-works.com,D7C93C14-F9A3-4CC7-A6A4-D89D0D235720,2011-06-18 00:00:00.000
3339,2534,toni8@adventure-works.com,8705A104-A66E-4AA4-B433-397BB64C87DD,2013-09-21 00:00:00.000
3340,2535,gabrielle30@adventure-works.com,F1A9A10A-689A-4113-9F4A-B8D85006F28E,2014-05-06 00:00:00.000
3341,2536,gabrielle31@adventure-works.com,222BB04A-9D18-4CEC-B353-9507F17316B8,2013-10-23 00:00:00.000
3342,2537,cedric9@adventure-works.com,B0B0F53A-B47F-46B5-BC20-11B68E0E8574,2011-09-09 00:00:00.000
3343,2538,toni9@adventure-works.com,93549D85-94CF-483C-9844-FD19518E3545,2013-10-18 00:00:00.000
3344,2539,gabrielle32@adventure-works.com,263261A9-2C74-4790-AADC-954E7AB82233,2011-07-22 00:00:00.000
3345,2540,gabrielle33@adventure-works.com,F75B76FC-2EF3-4053-98B3-2D309B09945B,2014-05-17 00:00:00.000
3346,2541,toni10@adventure-works.com,6B42CCCC-F223-4F9E-9BC1-F06BFE77E796,2011-09-19 00:00:00.000
3347,2542,gabrielle34@adventure-works.com,965F0F4C-2413-4B8F-8157-C4F6D0720A55,2014-04-19 00:00:00.000
3348,2543,toni11@adventure-works.com,5CF93DDF-91D9-4BBE-8BE1-BED3BB829DCC,2013-08-11 00:00:00.000
3349,2544,toni12@adventure-works.com,78B4A2C3-238B-4F55-843C-1DEBB33E9A4A,2014-01-08 00:00:00.000
3350,2545,gabrielle35@adventure-works.com,CD1FCECB-1E58-4964-AC4A-C18F088A3F40,2012-08-11 00:00:00.000
3351,2546,toni13@adventure-works.com,2E948099-7F7F-4213-8396-7916A2E9F60E,2014-02-26 00:00:00.000
3352,2547,gabrielle36@adventure-works.com,3EB85F15-4E29-4DDA-A8C8-7CD9194128C0,2012-06-15 00:00:00.000
3353,2548,gabrielle37@adventure-works.com,DCD7725D-51F2-45D3-9576-19DABA1F3879,2013-09-13 00:00:00.000
3354,2549,toni14@adventure-works.com,CC3FA3C3-0771-4D8E-9CD3-76FD4597AB89,2014-01-05 00:00:00.000
3355,2550,gabrielle38@adventure-works.com,9EF53CBD-9599-4812-B9DB-ECA03B0F6581,2014-06-23 00:00:00.000
3356,2551,toni15@adventure-works.com,96B36E97-4924-402D-AEF9-F0C039539D82,2012-09-28 00:00:00.000
3357,2552,gabrielle39@adventure-works.com,C91CDB98-B52D-4525-96E9-F30F543F2451,2013-04-09 00:00:00.000
3358,2553,gabrielle40@adventure-works.com,7A4C0585-ABC3-4EEF-AF93-BCEECABBD31E,2013-12-25 00:00:00.000
3359,2554,toni16@adventure-works.com,E6EC3325-3B7D-4281-AC0C-075F9B5A2747,2013-10-11 00:00:00.000
3360,2555,gabrielle41@adventure-works.com,D5401C75-02A3-457F-B853-64BA54133125,2013-11-05 00:00:00.000
3361,2556,toni17@adventure-works.com,DE9B9468-D179-4232-9B91-806BDB91B14C,2014-04-22 00:00:00.000
3362,2557,gabrielle42@adventure-works.com,AAEDCAD3-B9A2-489C-9D04-3263E70C84DF,2011-10-04 00:00:00.000
3363,2558,toni18@adventure-works.com,4CF7A210-3AD3-415A-A36B-5E801D9DB198,2013-07-17 00:00:00.000
3364,2559,gabrielle43@adventure-works.com,0D9B50C6-0724-4C2C-81F2-078DE255AFB4,2014-03-09 00:00:00.000
3365,2560,cedric10@adventure-works.com,FF02A52D-FD5C-4812-B76A-9B694AF3B8F6,2013-01-08 00:00:00.000
3366,2561,toni19@adventure-works.com,F203693E-EC36-41F2-AF89-F0A4C0BB379A,2012-10-10 00:00:00.000
3367,2562,toni20@adventure-works.com,FF3B7E4B-B8EA-42BD-9A3D-9BADA273944C,2014-05-05 00:00:00.000
3368,2563,gabrielle44@adventure-works.com,E00F3B08-3301-4380-A754-682F4BF9BB77,2014-03-06 00:00:00.000
3369,2564,toni21@adventure-works.com,0CF1914C-22A7-424B-88D7-B526A04535AF,2014-05-02 00:00:00.000
3370,2565,haley0@adventure-works.com,F9868085-7BB5-4734-9CAD-62683FB9A10A,2014-05-10 00:00:00.000
3371,2566,toni22@adventure-works.com,AB489513-DF84-4683-B259-7EF96E9DAE9C,2014-01-09 00:00:00.000
3372,2567,haley1@adventure-works.com,1C5740F8-5F06-4D6A-87BB-715932C32FFA,2014-06-07 00:00:00.000
3373,2568,mayra0@adventure-works.com,0757D479-33A0-427D-90A4-D61445D16F1F,2013-05-29 00:00:00.000
3374,2569,haley2@adventure-works.com,3E82AA01-BA43-4372-938B-0CAF22972CD1,2014-05-23 00:00:00.000
3375,2570,haley3@adventure-works.com,3BB84B0D-E48A-4265-AF25-4B1160C5E841,2013-08-12 00:00:00.000
3376,2571,mayra1@adventure-works.com,1E0D846D-0D45-4C80-9907-95B3D3C74BAA,2013-09-10 00:00:00.000
3377,2572,joan2@adventure-works.com,47C76911-1F58-4F0D-8EF3-189930D8235E,2013-12-04 00:00:00.000
3378,2573,mayra2@adventure-works.com,93594C70-96D0-4BA8-9117-1DED8C7C9251,2013-03-14 00:00:00.000
3379,2574,haley4@adventure-works.com,4B4F4142-D5E6-4508-A8E3-C0BE6CF71A5A,2012-11-15 00:00:00.000
3380,2575,haley5@adventure-works.com,30F52BE1-3ADE-4712-BF49-CB326C9B1063,2014-02-27 00:00:00.000
3381,2576,mayra3@adventure-works.com,0DC3800D-C771-42BB-A59E-99AB45386BD9,2011-08-15 00:00:00.000
3382,2577,mayra4@adventure-works.com,7B0CF260-B160-433B-AA95-C9CC32147ACF,2013-09-04 00:00:00.000
3383,2578,haley6@adventure-works.com,09931011-4A22-4C08-8E71-D0EBD6B43F53,2014-01-23 00:00:00.000
3384,2579,mayra5@adventure-works.com,E8A2D3B4-C7B2-4C86-9B3D-F280BDC15996,2014-03-22 00:00:00.000
3385,2580,haley7@adventure-works.com,26B5A187-640A-492F-ACA8-B20BB46B619D,2014-06-26 00:00:00.000
3386,2581,mayra6@adventure-works.com,E11F77AB-69D9-43F3-A6A6-4BEC19A47F89,2013-12-28 00:00:00.000
3387,2582,haley8@adventure-works.com,8DAAA208-12ED-4587-8CA5-0A20B80C8FAD,2014-01-11 00:00:00.000
3388,2583,haley9@adventure-works.com,61B6A55D-62BD-4E53-AAC6-0CA157DA6F61,2013-04-06 00:00:00.000
3389,2584,mayra7@adventure-works.com,02DE970E-0D16-4315-85D1-CA37EF9782B7,2012-05-29 00:00:00.000
3390,2585,haley10@adventure-works.com,55242068-B88B-43EB-BE65-F4B61379A4CA,2012-02-01 00:00:00.000
3391,2586,mayra8@adventure-works.com,A87DD711-E56B-4310-9344-DB25480DCA09,2013-11-16 00:00:00.000
3392,2587,mayra9@adventure-works.com,ADAE2293-D37D-434C-A739-2DAD24E24EAC,2011-06-08 00:00:00.000
3393,2588,haley11@adventure-works.com,C1DA4B4F-ADA8-4A4E-BDEB-3A91D1E7F9FE,2014-01-25 00:00:00.000
3394,2589,haley12@adventure-works.com,B195A44A-96D1-4C80-A5F1-73B8B5022368,2014-05-03 00:00:00.000
3395,2590,haley13@adventure-works.com,BCB1F70C-BD78-4B7D-8763-0CAD8306767B,2011-06-11 00:00:00.000
3396,2591,mayra10@adventure-works.com,8E4012A6-27FF-42C0-B514-A87B1947185C,2014-01-03 00:00:00.000
3397,2592,haley14@adventure-works.com,64FECCF1-E67D-454A-91AC-5DA12569C32F,2012-02-13 00:00:00.000
3398,2593,mayra11@adventure-works.com,3DC69413-C872-4F4C-9ADB-6E34F5DE0ABB,2014-03-12 00:00:00.000
3399,2594,haley15@adventure-works.com,059BC31B-0EEC-4C21-B32B-0AFBB919D358,2013-03-16 00:00:00.000
3400,2595,haley16@adventure-works.com,3F3B3EAC-6C15-45FB-98B3-C438BCA9A92C,2013-11-16 00:00:00.000
3401,2596,mayra12@adventure-works.com,DED81F68-79E8-4E0D-A56A-747D53EC668E,2012-05-22 00:00:00.000
3402,2597,joan3@adventure-works.com,9337D76F-7BBF-468B-A94E-1C0D5081963C,2013-07-10 00:00:00.000
3403,2598,mayra13@adventure-works.com,F85E8E5A-CAC4-4F62-B727-40627D6B2F54,2013-11-29 00:00:00.000
3404,2599,haley17@adventure-works.com,448AE457-0193-471C-BBD5-1CD6F623A81B,2013-08-13 00:00:00.000
3405,2600,haley18@adventure-works.com,1FF6CECA-14C7-4694-B3F9-56A0A95DC7C8,2013-09-15 00:00:00.000
3406,2601,haley19@adventure-works.com,FED9D22F-16D0-433C-AA6A-797A312D8481,2013-10-18 00:00:00.000
3407,2602,haley20@adventure-works.com,79E1A5A0-732B-4AEE-9442-321A32541E79,2014-02-06 00:00:00.000
3408,2603,mayra14@adventure-works.com,429FEBB7-0AE1-40F5-BF74-518B198A1F43,2012-08-31 00:00:00.000
3409,2604,haley21@adventure-works.com,5EFA2A94-DD51-40C2-82C2-57C849C376E7,2012-04-11 00:00:00.000
3410,2605,mayra15@adventure-works.com,3A62BBBF-8D7E-46A9-AA5D-429C379B92CC,2013-12-26 00:00:00.000
3411,2606,mayra16@adventure-works.com,60C9456C-C3A7-4AE9-B8A3-0D89F030F7C5,2013-04-28 00:00:00.000
3412,2607,mayra17@adventure-works.com,8F2EA8CB-54E3-4981-B8C3-04007D8FBF2B,2012-11-22 00:00:00.000
3413,2608,haley22@adventure-works.com,CD34A086-D484-4FC7-96D6-E1507BD3521F,2013-07-06 00:00:00.000
3414,2609,haley23@adventure-works.com,8CC2111B-9D50-4D22-9BB4-D5214B419653,2012-07-04 00:00:00.000
3415,2610,mayra18@adventure-works.com,90EFBD3D-DF72-4A3C-8093-1A8AAF47DB7D,2014-02-05 00:00:00.000
3416,2611,haley24@adventure-works.com,86DF7611-A1A1-4EA9-AAC1-5444AA08B0FF,2012-03-28 00:00:00.000
3417,2612,mayra19@adventure-works.com,FBB4EE4A-25CE-4C8F-87BF-BB9B93EEF18A,2013-09-25 00:00:00.000
3418,2613,joan4@adventure-works.com,C8916085-ABB5-4765-BCEF-37E6CCDB6402,2013-12-10 00:00:00.000
3419,2614,mayra20@adventure-works.com,DDB17151-8F81-4EE3-B365-D23970D3392D,2011-07-25 00:00:00.000
3420,2615,haley25@adventure-works.com,AEF99F43-B26A-4E83-844E-9C53B029041C,2014-03-16 00:00:00.000
3421,2616,lydia0@adventure-works.com,362AFAFB-16D1-4EAA-9F1A-2652B8D3CC48,2012-11-07 00:00:00.000
3422,2617,haley26@adventure-works.com,58A6F480-E62F-4ECF-B416-098D0DDE07FE,2014-05-21 00:00:00.000
3423,2618,cedric11@adventure-works.com,1276D93C-9CB1-4C2E-BBCA-F36E2D7F7EE7,2013-11-01 00:00:00.000
3424,2619,haley27@adventure-works.com,B310B8A8-6CC7-43CD-9EF1-69073AB27847,2012-02-21 00:00:00.000
3425,2620,lydia1@adventure-works.com,E2A993BD-12E0-468B-865B-8EDF2BC3303F,2013-07-11 00:00:00.000
3426,2621,haley28@adventure-works.com,0C1735FD-BEC0-421F-802E-D10ED51749F6,2013-10-18 00:00:00.000
3427,2622,haley29@adventure-works.com,C85ABFC4-47A4-404F-97C2-322A76ED9A4E,2012-08-01 00:00:00.000
3428,2623,lydia2@adventure-works.com,D6DC3E9C-A705-45F9-874B-C1DBCDEA00FA,2013-01-20 00:00:00.000
3429,2624,haley30@adventure-works.com,B17BBD22-EAD2-4BD1-90B7-71EAA3DC6683,2013-10-11 00:00:00.000
3430,2625,haley31@adventure-works.com,840A0A6F-6614-41F6-AFAA-C8FAB1B80016,2014-03-01 00:00:00.000
3431,2626,lydia3@adventure-works.com,F2317CD5-0B7F-4EBD-92E7-DFA5B0F440F3,2013-11-29 00:00:00.000
3432,2627,haley32@adventure-works.com,8F1D3795-065A-40DC-A4B6-A88FB7163FAA,2013-09-19 00:00:00.000
3433,2628,lydia4@adventure-works.com,985D6C58-F775-4E17-94FC-701F77B4CF87,2014-04-03 00:00:00.000
3434,2629,haley33@adventure-works.com,72C1C9D1-EF5D-4C96-8B1F-AE941AEADD82,2014-05-16 00:00:00.000
3435,2630,lydia5@adventure-works.com,0D200BA2-F835-46E8-9FAA-297AA5561942,2012-12-19 00:00:00.000
3436,2631,haley34@adventure-works.com,4748B64D-FE50-4802-A1F2-FD2F3DFAA573,2013-02-06 00:00:00.000
3437,2632,lydia6@adventure-works.com,B9BE2DBD-01A1-4F09-9427-9CB9D86EEDA4,2014-03-01 00:00:00.000
3438,2633,haley35@adventure-works.com,FA63F748-1A54-4941-B143-CBF5149080E6,2014-06-26 00:00:00.000
3439,2634,lydia7@adventure-works.com,1314FB1A-5C05-4D82-8369-47112CECCD84,2013-12-09 00:00:00.000
3440,2635,haley36@adventure-works.com,1FF9C668-0010-4321-95F3-E014183BAFDE,2013-11-08 00:00:00.000
3441,2636,cedric12@adventure-works.com,CA18F9FF-62ED-4011-AE0F-09EFFD88D5C7,2013-05-26 00:00:00.000
3442,2637,lydia8@adventure-works.com,7761F218-63DB-432E-A9F1-DC0DC89D5DF1,2014-04-11 00:00:00.000
3443,2638,haley37@adventure-works.com,0337DF12-1630-47ED-A39E-3D716F5B40E4,2012-09-02 00:00:00.000
3444,2639,lydia9@adventure-works.com,BDFD8C79-7651-4721-BADB-4920B08AD16E,2012-08-23 00:00:00.000
3445,2640,haley38@adventure-works.com,1D4501A3-4E26-46FA-8B70-BB50981DDBA2,2012-03-14 00:00:00.000
3446,2641,haley39@adventure-works.com,9DF87811-002E-4283-A320-54AC8C90B3B8,2014-01-11 00:00:00.000
3447,2642,haley40@adventure-works.com,207A9B9F-E393-434E-B269-E0CA63FF2E9E,2013-10-17 00:00:00.000
3448,2643,lydia10@adventure-works.com,216635C2-834D-4439-9494-2DAC3156D9B4,2014-05-07 00:00:00.000
3449,2644,haley41@adventure-works.com,57E6D00D-6FD4-4356-B3C0-AD671D2F5B5A,2014-03-18 00:00:00.000
3450,2645,lydia11@adventure-works.com,5E0CAC32-CB4F-4049-864B-3CD6FD543826,2013-11-11 00:00:00.000
3451,2646,lydia12@adventure-works.com,E8B42A87-C90B-4A2D-8D84-9828B36FE822,2013-12-09 00:00:00.000
3452,2647,lydia13@adventure-works.com,1F7934F5-212C-42F2-A1E2-9DB1874B9F0B,2011-08-27 00:00:00.000
3453,2648,lydia14@adventure-works.com,9EFD8354-990F-4B64-A7A1-59B9DE21FC1E,2013-02-16 00:00:00.000
3454,2649,lydia15@adventure-works.com,DC4EB08E-0BA6-4821-98EB-94C0601395DA,2013-07-03 00:00:00.000
3455,2650,lydia16@adventure-works.com,28150021-AA17-4BB4-A497-6A72161CC4C0,2013-03-17 00:00:00.000
3456,2651,cedric13@adventure-works.com,AE0499A0-36E3-404B-91E6-835BFD29E495,2013-12-20 00:00:00.000
3457,2652,lydia17@adventure-works.com,BE372D1F-8B97-4CFB-96F9-B2518C2D3BB3,2012-01-08 00:00:00.000
3458,2653,lydia18@adventure-works.com,9DBB0FD4-6E8A-4247-9C6C-65F278D9D6BA,2012-07-17 00:00:00.000
3459,2654,abigail1@adventure-works.com,3DDB3317-D5FD-4392-A120-ADCDFF209D14,2014-05-18 00:00:00.000
3460,2655,jessica0@adventure-works.com,5FCE083A-5DFF-43C2-B3CB-AE9B160AC1BE,2013-07-02 00:00:00.000
3461,2656,lydia19@adventure-works.com,06773949-0907-483F-AB8F-B7D0D371E66D,2014-05-21 00:00:00.000
3462,2657,jessica1@adventure-works.com,5FB489A9-7DBE-4763-8C1F-C133AB78AB32,2011-06-21 00:00:00.000
3463,2658,jessica2@adventure-works.com,5F45FF57-64EB-4FF6-919F-8920CEC5929F,2013-07-23 00:00:00.000
3464,2659,paul8@adventure-works.com,46D6BA2F-2226-410B-A6B6-48864E4F8D2C,2012-05-09 00:00:00.000
3465,2660,jessica3@adventure-works.com,1BD02CF7-BCE2-4289-9BA7-2A2EC4536FC9,2014-01-20 00:00:00.000
3466,2661,abby0@adventure-works.com,1B5AF0C2-C99A-4313-9783-9EA0B3AAA583,2013-11-16 00:00:00.000
3467,2662,jessica4@adventure-works.com,6F9AAFED-FC17-4A19-97D0-9BCA72B4E873,2013-11-16 00:00:00.000
3468,2663,jessica5@adventure-works.com,15EBBCCE-50E8-4A8B-BF59-A3B659583112,2013-10-19 00:00:00.000
3469,2664,abby1@adventure-works.com,1673E787-A279-4CDF-8BCD-78A78C998C2A,2014-02-14 00:00:00.000
3470,2665,jessica6@adventure-works.com,29E414EF-F34D-419A-9A4B-9B55142370BD,2014-03-12 00:00:00.000
3471,2666,jessica7@adventure-works.com,950A1E29-918E-4A03-974A-194D4730860E,2012-09-10 00:00:00.000
3472,2667,abby2@adventure-works.com,E5B3A0A0-9A3F-4B15-A424-3A4104DF7562,2013-05-22 00:00:00.000
3473,2668,jessica8@adventure-works.com,F5D928F3-EDF4-4752-A04C-C2A65D975EEA,2013-11-27 00:00:00.000
3474,2669,jessica9@adventure-works.com,9E83750D-6352-4158-8272-49FB1AD7BD17,2013-10-17 00:00:00.000
3475,2670,karla0@adventure-works.com,4208875D-9CF3-4D7E-B173-0E165EFD31DA,2012-08-10 00:00:00.000
3476,2671,jessica10@adventure-works.com,00A96EC3-972E-476F-8BC5-CD50393F126A,2013-05-08 00:00:00.000
3477,2672,jessica11@adventure-works.com,E200DCE3-8474-49EE-9571-FC0B50B98FC3,2013-06-23 00:00:00.000
3478,2673,karla1@adventure-works.com,D239D625-7540-4D06-A872-99ED1582EE54,2013-10-30 00:00:00.000
3479,2674,jessica12@adventure-works.com,0DF5D67B-784D-4FAB-BE18-99D142DE63CB,2013-09-26 00:00:00.000
3480,2675,cedric14@adventure-works.com,24DC368F-CE9D-4475-A710-ACCCB3EE4B4E,2012-03-30 00:00:00.000
3481,2676,karla2@adventure-works.com,73E4C2C8-6B64-4B55-96A9-D507CE76B68C,2014-02-03 00:00:00.000
3482,2677,jessica13@adventure-works.com,00D2C696-E1BB-4FE5-A8EA-5666924AD379,2014-01-21 00:00:00.000
3483,2678,karla3@adventure-works.com,06D09946-5361-41C5-BB84-9C51251E3AA5,2011-10-14 00:00:00.000
3484,2679,jessica14@adventure-works.com,B788EAFF-5853-46B3-958C-F9724B529A37,2014-02-15 00:00:00.000
3485,2680,jessica15@adventure-works.com,729B55EB-5A6D-4315-8D06-96AE38907EF7,2013-04-20 00:00:00.000
3486,2681,karla4@adventure-works.com,E0272208-F2DA-4B9E-9DB8-D620B472C670,2012-10-05 00:00:00.000
3487,2682,karla5@adventure-works.com,A1619E7D-C15D-4A10-B124-EA78FF01D46B,2013-05-23 00:00:00.000
3488,2683,jessica16@adventure-works.com,0A415B31-98A0-4468-8C59-AE15BF2CB448,2014-04-06 00:00:00.000
3489,2684,karla6@adventure-works.com,6D4FE925-47A3-4F85-9802-2FF2575A0D71,2013-08-15 00:00:00.000
3490,2685,jessica17@adventure-works.com,15799788-FC10-4718-AEA7-562A39B944F9,2013-07-05 00:00:00.000
3491,2686,karla7@adventure-works.com,7685E225-DD6B-437D-B225-0CAB0624142A,2012-12-21 00:00:00.000
3492,2687,jessica18@adventure-works.com,D09999E1-932A-4A5F-B5E1-BE74B7E56457,2013-03-16 00:00:00.000
3493,2688,jessica19@adventure-works.com,24DBBE42-28F1-4C8E-9FBB-5FDF52250C52,2013-09-23 00:00:00.000
3494,2689,jessica20@adventure-works.com,47FBED3B-4D25-4097-BEBE-5714FA71469A,2014-05-30 00:00:00.000
3495,2690,karla8@adventure-works.com,9B12F1A4-41B3-4640-BE25-8E4FCFE1A70F,2014-03-14 00:00:00.000
3496,2691,jessica21@adventure-works.com,5523D555-A3BA-4933-8D78-09F1CFE40CF9,2013-12-13 00:00:00.000
3497,2692,jessica22@adventure-works.com,E44087D8-FF88-4A40-ADA1-F6DDD0E461BE,2013-10-14 00:00:00.000
3498,2693,karla9@adventure-works.com,2B7255E4-346A-4F26-B765-D0853C92F868,2013-09-06 00:00:00.000
3499,2694,jessica23@adventure-works.com,2B15E4EA-38CC-4D8A-9B6C-79F660AAF19E,2013-09-19 00:00:00.000
3500,2695,jessica24@adventure-works.com,4195DEB2-0950-4403-80E1-A173FFE03B8A,2014-04-11 00:00:00.000
3501,2696,karla10@adventure-works.com,44342283-BB5A-4245-96BB-A7C137DC1DB7,2013-12-21 00:00:00.000
3502,2697,jessica25@adventure-works.com,0AD70F9A-5271-4F91-93E2-2B316539B737,2014-05-06 00:00:00.000
3503,2698,karla11@adventure-works.com,6CD70991-5711-489D-AE11-8C25A381FBA7,2013-04-10 00:00:00.000
3504,2699,cedric15@adventure-works.com,B5E249EE-E080-4025-879A-F64314C55AB3,2013-09-07 00:00:00.000
3505,2700,karla12@adventure-works.com,EF49F4C6-C01A-48D5-AD32-394D83FE4F3D,2013-07-27 00:00:00.000
3506,2701,jessica26@adventure-works.com,BE6391F3-09D7-4C1F-85AB-0C137BB6CF9F,2014-02-03 00:00:00.000
3507,2702,jessica27@adventure-works.com,3114E3CF-8D8B-40DF-A0EA-ECEF2B76D64D,2013-10-05 00:00:00.000
3508,2703,karla13@adventure-works.com,29003897-BC5D-47B2-9FA7-3F1C2DFE9E57,2013-12-14 00:00:00.000
3509,2704,jessica28@adventure-works.com,CCA075BF-6E03-4596-8D36-B706B8DFD996,2012-03-11 00:00:00.000
3510,2705,jessica29@adventure-works.com,49D688FF-DED2-4FAE-B7FD-41D52F3238A5,2013-07-13 00:00:00.000
3511,2706,jessica30@adventure-works.com,E3312AE2-E90E-4C6D-8442-52FB35959536,2013-05-02 00:00:00.000
3512,2707,karla14@adventure-works.com,2B7A591D-9026-45CB-A285-05AB035F98FA,2013-12-10 00:00:00.000
3513,2708,jessica31@adventure-works.com,117587C3-2608-4568-9723-98174ED459D7,2014-03-06 00:00:00.000
3514,2709,jessica32@adventure-works.com,C04899D6-D8B6-4E28-B227-484BF7F754E3,2012-01-11 00:00:00.000
3515,2710,karla15@adventure-works.com,60CDDC08-1D9B-4D19-BCEE-7C2446D2F824,2013-08-13 00:00:00.000
3516,2711,karla16@adventure-works.com,C4EC4BDC-CB2E-4E1B-9727-602C8D01B67F,2013-11-25 00:00:00.000
3517,2712,jessica33@adventure-works.com,15F5152B-007C-44AB-A682-1576F8E42234,2012-02-04 00:00:00.000
3518,2713,jessica34@adventure-works.com,961AC0D0-6CCF-465A-837D-2DFBC4F7AB15,2014-02-16 00:00:00.000
3519,2714,jessica35@adventure-works.com,C9174AC6-43C0-4CE0-986D-4CF7077274D1,2012-10-31 00:00:00.000
3520,2715,karla17@adventure-works.com,BFFAA123-2FCF-47E8-AA01-4CB33E890EE2,2013-01-24 00:00:00.000
3521,2716,jessica36@adventure-works.com,8F814E9B-0F20-45BF-B88F-F9B4A9BF107A,2014-03-16 00:00:00.000
3522,2717,jessica37@adventure-works.com,0C4A181B-F3B1-4833-8519-F8017C15475D,2013-03-04 00:00:00.000
3523,2718,jessica38@adventure-works.com,3AC7CA2B-0896-4130-B648-E57FDD149792,2014-03-10 00:00:00.000
3524,2719,karla18@adventure-works.com,0489537C-611D-48A5-89A3-4B363D7022B7,2012-02-10 00:00:00.000
3525,2720,jessica39@adventure-works.com,4D2D33CA-6541-4674-8C94-2E96E7363DEB,2014-03-05 00:00:00.000
3526,2721,jessica40@adventure-works.com,C36112FE-2235-4536-AECB-9889196F8BB1,2013-08-05 00:00:00.000
3527,2722,karla19@adventure-works.com,2287D578-A19B-4CE0-9364-101F451EE543,2013-08-01 00:00:00.000
3528,2723,jessica41@adventure-works.com,DF32A15D-7826-4580-A8FB-5C621FE3AF1B,2014-02-18 00:00:00.000
3529,2724,jessica42@adventure-works.com,AD9813AC-313D-495C-883E-63789EDE1333,2014-02-24 00:00:00.000
3530,2725,jessica43@adventure-works.com,BC6D6E28-2FE5-4102-BE2B-F61D71F47319,2012-03-16 00:00:00.000
3531,2726,jessica44@adventure-works.com,8E7DBA4F-9F21-4231-9B99-46E863A21CD3,2013-04-02 00:00:00.000
3532,2727,karla20@adventure-works.com,C4D78C6B-0F34-4DB5-9088-B2932DC4BF46,2013-07-08 00:00:00.000
3533,2728,jessica45@adventure-works.com,7024932D-14AA-4F28-BE1D-B06CD33B2346,2013-09-02 00:00:00.000
3534,2729,jessica46@adventure-works.com,2B694A17-C1FC-405A-B132-21A76F08D9F5,2014-02-19 00:00:00.000
3535,2730,warren5@adventure-works.com,B7D6444C-3A15-4301-9966-BA88B0C9E407,2013-02-20 00:00:00.000
3536,2731,cedric16@adventure-works.com,063AFD95-9035-4471-BB0F-CE80E1AC105A,2011-06-14 00:00:00.000
3537,2732,karla21@adventure-works.com,39DEBAD9-D0EA-434B-9A07-D7ABAE96B2A6,2014-01-22 00:00:00.000
3538,2733,taylor1@adventure-works.com,125C83C9-42B8-4A73-BAE2-C4132DA6A4E6,2012-11-25 00:00:00.000
3539,2734,karla22@adventure-works.com,A74CE22F-8DB0-4F5B-9EDB-9AF5854512A9,2012-06-11 00:00:00.000
3540,2735,taylor2@adventure-works.com,B2016FDC-92BE-4089-A0BE-F0E84F00FAB8,2013-08-06 00:00:00.000
3541,2736,karla23@adventure-works.com,4E184517-64AD-45EA-A7AA-B4558DCA174F,2012-11-20 00:00:00.000
3542,2737,taylor3@adventure-works.com,D860327F-D3C8-4347-AA47-88E8BCCE426D,2012-06-28 00:00:00.000
3543,2738,shawna0@adventure-works.com,31D8732E-2310-4B01-AD3A-4023E72D9F8A,2013-11-22 00:00:00.000
3544,2739,taylor4@adventure-works.com,A2C60F6C-82B1-40C1-A8F6-C457162CFF2F,2013-10-19 00:00:00.000
3545,2740,taylor5@adventure-works.com,2668A72E-1C31-48D3-9EC5-38DAAB423F4E,2013-06-17 00:00:00.000
3546,2741,taylor6@adventure-works.com,E9B4B5B2-1214-407E-904B-CD5A7D21A8C5,2013-12-12 00:00:00.000
3547,2742,taylor7@adventure-works.com,A22020A3-C173-4E96-8780-F7417E23DE31,2013-12-17 00:00:00.000
3548,2743,shawna1@adventure-works.com,107A501F-C183-41FB-B41C-169ACD4E862A,2013-08-02 00:00:00.000
3549,2744,taylor8@adventure-works.com,7F18CF0E-7107-43FE-BB36-38E4D6F6558E,2014-01-16 00:00:00.000
3550,2745,taylor9@adventure-works.com,140F89A5-153B-43B6-833C-7ADA816D7CFD,2013-11-02 00:00:00.000
3551,2746,shawna2@adventure-works.com,77CF9B05-01B7-4B28-BC4C-447B3C6072DD,2013-11-28 00:00:00.000
3552,2747,taylor10@adventure-works.com,0EDA62E4-4A46-4D90-8441-609D806B559D,2013-08-22 00:00:00.000
3553,2748,shawna3@adventure-works.com,E4359867-260E-4CB8-ADE6-C3BCB661AFCD,2011-08-27 00:00:00.000
3554,2749,taylor11@adventure-works.com,F776F6EE-07AA-4FE5-B9D8-EEDF0CD8F548,2014-06-03 00:00:00.000
3555,2750,shawna4@adventure-works.com,9F8CF735-5F8E-4FB6-A773-70A729817E46,2013-10-16 00:00:00.000
3556,2751,taylor12@adventure-works.com,07384B36-1F88-4332-B1A0-783036F8F158,2013-07-23 00:00:00.000
3557,2752,shawna5@adventure-works.com,3B567AC6-2AAA-41B9-AA10-743121C4F768,2014-03-31 00:00:00.000
3558,2753,taylor13@adventure-works.com,08C21793-73C3-44B9-9354-61D9EEC8E205,2013-10-22 00:00:00.000
3559,2754,shawna6@adventure-works.com,F6014A89-C7AE-4679-9F1A-627E52EA180D,2014-04-11 00:00:00.000
3560,2755,taylor14@adventure-works.com,3EA586A4-61C9-4BF6-8A31-8E741FC55D85,2012-02-10 00:00:00.000
3561,2756,taylor15@adventure-works.com,2DF1FD7C-ADBC-4936-A3C1-53EA94520F09,2013-12-22 00:00:00.000
3562,2757,cedric17@adventure-works.com,8DF83F1A-810C-4F53-98B4-C1C32CE6055B,2013-04-30 00:00:00.000
3563,2758,shawna7@adventure-works.com,953759AE-4B7B-4001-A891-D3529D6C0D06,2013-09-23 00:00:00.000
3564,2759,taylor16@adventure-works.com,EF08F0A5-0353-4CBA-9618-E1710757584A,2013-07-10 00:00:00.000
3565,2760,taylor17@adventure-works.com,E5B46D02-F17B-4622-ADC5-008EC1F53A89,2012-08-17 00:00:00.000
3566,2761,shawna8@adventure-works.com,22E2BBE9-703F-4F24-B0FD-C7F9E5A28252,2013-11-27 00:00:00.000
3567,2762,taylor18@adventure-works.com,ABCB6EF5-3FE0-4BD8-B6FB-89CCEA60B0CC,2014-03-22 00:00:00.000
3568,2763,taylor19@adventure-works.com,5C6F6FEE-E52A-4F73-BCEB-AD0F10C17698,2011-11-14 00:00:00.000
3569,2764,shawna9@adventure-works.com,410E0113-8E6E-4426-867C-C86ECF518AED,2011-09-11 00:00:00.000
3570,2765,taylor20@adventure-works.com,D2A405BB-B9B4-4DAC-8A0F-6C701F202C3C,2013-09-24 00:00:00.000
3571,2766,shawna10@adventure-works.com,9375AF4D-9F92-4002-AA5C-993C04451894,2013-11-25 00:00:00.000
3572,2767,taylor21@adventure-works.com,1ED684A6-9628-4AA6-BEF3-F19359DA0FF7,2011-08-23 00:00:00.000
3573,2768,taylor22@adventure-works.com,7555E63C-34B4-48B7-9110-C21DEB1E02C3,2013-10-18 00:00:00.000
3574,2769,shawna11@adventure-works.com,E67044EB-D790-4C8C-8B85-4F382D0F8E02,2014-03-25 00:00:00.000
3575,2770,taylor23@adventure-works.com,D0C0AB18-658A-4525-883B-F8B33C5139E3,2014-05-23 00:00:00.000
3576,2771,taylor24@adventure-works.com,96D93C44-6E7E-48EE-8D7B-99E9BE16A100,2014-02-20 00:00:00.000
3577,2772,shawna12@adventure-works.com,864189CC-6F21-4ADF-A889-72B7015B81CE,2012-12-04 00:00:00.000
3578,2773,taylor25@adventure-works.com,FEA0330A-AE36-4282-935C-207342BAEE06,2013-06-02 00:00:00.000
3579,2774,taylor26@adventure-works.com,B6229D95-E877-48CD-A58A-BD9FC5A5EEA9,2014-01-25 00:00:00.000
3580,2775,taylor27@adventure-works.com,948622C2-FD04-41C0-8E63-E34CA6A5C7F7,2013-07-18 00:00:00.000
3581,2776,shawna13@adventure-works.com,2BA5937E-5C70-4E53-B0FE-317DD5009BB4,2013-09-23 00:00:00.000
3582,2777,taylor28@adventure-works.com,0CE0B82F-C7C7-4F7D-945C-6F8A1B25AE1B,2013-02-06 00:00:00.000
3583,2778,taylor29@adventure-works.com,F4F8A78D-91FF-4B3D-85AA-8ACF0EB9AE16,2012-10-14 00:00:00.000
3584,2779,taylor30@adventure-works.com,899A5425-489F-4414-8C46-6C51E2980B52,2012-05-17 00:00:00.000
3585,2780,taylor31@adventure-works.com,41F2EFAA-7277-43D4-B8D5-B66FB539D87D,2013-09-02 00:00:00.000
3586,2781,shawna14@adventure-works.com,724AE7E4-84C8-4B0E-A026-550E8012BB3B,2012-01-24 00:00:00.000
3587,2782,taylor32@adventure-works.com,ED2EC063-B4A8-4E22-8839-CD46AF63AC43,2013-09-23 00:00:00.000
3588,2783,shawna15@adventure-works.com,BFDD2D28-8DE6-4365-BEA0-1C56AE0F7F33,2013-02-16 00:00:00.000
3589,2784,taylor33@adventure-works.com,1F58DA4C-7DA6-44B2-B606-351E2FDEFD94,2013-05-30 00:00:00.000
3590,2785,taylor34@adventure-works.com,68268226-E894-4E83-8825-FB78DEF81E64,2013-08-23 00:00:00.000
3591,2786,cedric18@adventure-works.com,2A2F56A1-4B30-4F60-B782-8ABA6118F25F,2014-02-05 00:00:00.000
3592,2787,shawna16@adventure-works.com,63ADDD46-4C30-4331-926D-1D29F5E9D112,2014-05-18 00:00:00.000
3593,2788,taylor35@adventure-works.com,0BD51BF8-B2A3-4429-9440-E81281A8E151,2013-11-23 00:00:00.000
3594,2789,shawna17@adventure-works.com,B83F5E63-BBF9-4DA5-BC0E-74DB39548019,2013-12-14 00:00:00.000
3595,2790,taylor36@adventure-works.com,49760808-9608-4851-9474-340D72B048BB,2012-10-30 00:00:00.000
3596,2791,taylor37@adventure-works.com,16C3C36C-BEE6-46D6-935A-27C9A3DA8B20,2013-01-14 00:00:00.000
3597,2792,taylor38@adventure-works.com,CE14391F-E4C4-4A87-A562-29B72FAD0CD5,2013-01-05 00:00:00.000
3598,2793,taylor39@adventure-works.com,E58803B7-6FFD-4036-8685-07E5E701E684,2013-12-14 00:00:00.000
3599,2794,shawna18@adventure-works.com,881A3C73-1E32-4022-B7D3-85F098EC69AA,2013-08-16 00:00:00.000
3600,2795,taylor40@adventure-works.com,30A98EA6-2DC8-4483-90AE-2D9B3DA60FE0,2014-05-07 00:00:00.000
3601,2796,shawna19@adventure-works.com,03610861-4DD0-4949-928B-156F797595C6,2013-03-12 00:00:00.000
3602,2797,taylor41@adventure-works.com,ACB817C8-8896-4F16-99A6-D9FA3A9668D7,2014-04-12 00:00:00.000
3603,2798,taylor42@adventure-works.com,A8B4057E-CEF1-40AF-A6A2-86BCAA8AD48E,2013-04-04 00:00:00.000
3604,2799,shawna20@adventure-works.com,F2C06EBD-CEB8-4302-9216-297E63164E79,2014-03-03 00:00:00.000
3605,2800,taylor43@adventure-works.com,F08025C4-7EBD-4301-9CAC-166C48874C2E,2013-08-06 00:00:00.000
3606,2801,taylor44@adventure-works.com,18187CD4-C67E-4D8E-936A-E6616E6B7046,2013-09-17 00:00:00.000
3607,2802,shawna21@adventure-works.com,8A6D59E9-4AF0-4844-BA3E-5E214445C5FB,2013-09-08 00:00:00.000
3608,2803,taylor45@adventure-works.com,85526587-B0D7-46D0-BC78-E0A6C9237D0E,2013-12-27 00:00:00.000
3609,2804,taylor46@adventure-works.com,446B925E-51F8-4153-8D8B-27847C5EB9BE,2014-01-14 00:00:00.000
3610,2805,yolanda0@adventure-works.com,8E543D31-7AD8-4E21-838E-1A7B18142B52,2013-09-21 00:00:00.000
3611,2806,anna2@adventure-works.com,B4A6602C-2882-4565-957E-4DDF23147147,2014-04-17 00:00:00.000
3612,2807,yolanda1@adventure-works.com,194AC88C-C27C-4907-8A1E-11111B88568F,2014-04-13 00:00:00.000
3613,2808,anna3@adventure-works.com,DAE81365-9428-4647-A47D-12C88B581B4F,2014-01-16 00:00:00.000
3614,2809,cedric19@adventure-works.com,59105920-CB06-445A-9EBA-8CF1E681D29D,2014-05-08 00:00:00.000
3615,2810,yolanda2@adventure-works.com,8FD5B6ED-4DDA-49FB-8B94-2494F07EED0C,2013-03-20 00:00:00.000
3616,2811,anna4@adventure-works.com,F923C584-285C-4127-AFFF-94870A6B4395,2014-05-30 00:00:00.000
3617,2812,yolanda3@adventure-works.com,1ABC0E14-DE32-48B3-92DE-A99D851B5CD7,2012-04-27 00:00:00.000
3618,2813,anna5@adventure-works.com,46F318FE-329F-4750-BC33-768F58F2706F,2012-06-12 00:00:00.000
3619,2814,yolanda4@adventure-works.com,32475D3A-C5E4-4821-B3B5-7EC6D73450F1,2013-04-12 00:00:00.000
3620,2815,anna6@adventure-works.com,D1D4FC6F-A9AB-47E8-BEAF-8E466A44895C,2013-04-25 00:00:00.000
3621,2816,yolanda5@adventure-works.com,F803B543-D47F-4351-B2C4-A570C1A0BAA6,2013-08-15 00:00:00.000
3622,2817,anna7@adventure-works.com,8584B2ED-F3F2-4792-A4DC-8912903E516A,2014-03-31 00:00:00.000
3623,2818,anna8@adventure-works.com,E9364A00-B046-4410-BD3C-CF7A9950CAEB,2014-04-04 00:00:00.000
3624,2819,yolanda6@adventure-works.com,67D8F91E-08DA-45CA-AA1E-6297AD5EB325,2013-07-07 00:00:00.000
3625,2820,anna9@adventure-works.com,716F2433-1475-4F40-B3D1-969BC7DB098D,2014-02-08 00:00:00.000
3626,2821,yolanda7@adventure-works.com,F9CA7B5D-19F1-4681-8A78-421359348D28,2013-10-22 00:00:00.000
3627,2822,anna10@adventure-works.com,7FE2B800-AB8E-43D2-9C11-545FDA25177C,2013-11-11 00:00:00.000
3628,2823,anna11@adventure-works.com,D774C2F9-F25F-45B8-861E-4F855D389707,2014-03-30 00:00:00.000
3629,2824,yolanda8@adventure-works.com,5304BEAB-007B-45F9-9A0E-C64AF1BB5D3B,2012-06-03 00:00:00.000
3630,2825,anna12@adventure-works.com,F4A078A7-981D-4746-8167-DE5887EF206E,2013-06-30 00:00:00.000
3631,2826,yolanda9@adventure-works.com,CC36570C-DC78-4F02-8231-9C82F31CCEAB,2012-09-18 00:00:00.000
3632,2827,anna13@adventure-works.com,B6058A1D-B7C0-4E3A-B770-7374BAC6BD36,2014-03-17 00:00:00.000
3633,2828,cedric20@adventure-works.com,0783F90D-4F47-45E8-A56A-FEF3864C1DFA,2013-12-18 00:00:00.000
3634,2829,yolanda10@adventure-works.com,D31287E6-1FEA-463B-86B9-02C7FCC97525,2014-02-10 00:00:00.000
3635,2830,anna14@adventure-works.com,BE5E10CF-9ED8-4655-8CE0-BE470FD8079A,2014-01-19 00:00:00.000
3636,2831,anna15@adventure-works.com,870DA3A0-35F7-4D64-9A26-0FBCDA68654E,2014-06-15 00:00:00.000
3637,2832,yolanda11@adventure-works.com,CF2DD562-675F-4522-B62D-60B54F04539C,2014-03-09 00:00:00.000
3638,2833,anna16@adventure-works.com,3E1DDE5C-C664-44E3-9EA2-D600BED2FBBE,2013-12-04 00:00:00.000
3639,2834,anna17@adventure-works.com,8AF66720-19E8-4A74-B5A2-4B4B33B88F3C,2014-04-21 00:00:00.000
3640,2835,yolanda12@adventure-works.com,240C4F6B-B1F9-4498-B110-71773C87D2C5,2014-06-02 00:00:00.000
3641,2836,anna18@adventure-works.com,E1AAC7D9-B5EF-4F9B-A992-EA5BBA201F60,2014-05-22 00:00:00.000
3642,2837,anna19@adventure-works.com,3A9F2CA5-F666-49BB-BFBE-32578616E739,2013-07-17 00:00:00.000
3643,2838,yolanda13@adventure-works.com,F42DD1CC-DCAE-43E7-84FD-257FB326B2CF,2012-10-25 00:00:00.000
3644,2839,anna20@adventure-works.com,E7A45E5F-652B-419A-939C-BC22DFFA3F8B,2013-12-08 00:00:00.000
3645,2840,yolanda14@adventure-works.com,2688CD40-F244-4441-86CD-9C2EBABFF3BA,2011-06-26 00:00:00.000
3646,2841,anna21@adventure-works.com,3099F34A-6F0D-4E66-BBBA-01906C45EF64,2014-03-23 00:00:00.000
3647,2842,anna22@adventure-works.com,DE42CB04-3C46-4BEF-A934-53850379B518,2012-03-22 00:00:00.000
3648,2843,yolanda15@adventure-works.com,CFADBAAB-B8CD-4187-9AFD-D53F87100C32,2013-12-25 00:00:00.000
3649,2844,anna23@adventure-works.com,E4A89C4E-635D-4562-BFE7-D6978C0020F3,2013-02-15 00:00:00.000
3650,2845,yolanda16@adventure-works.com,20FE9D31-3A44-490A-9EE8-0AFE5F8D365A,2013-01-19 00:00:00.000
3651,2846,yolanda17@adventure-works.com,7EDB583A-D07A-494A-9F03-3FEB140DE804,2014-03-06 00:00:00.000
3652,2847,anna24@adventure-works.com,FA5DFA35-BBF5-4481-AF55-9339E5C4A6B2,2014-05-27 00:00:00.000
3653,2848,anna25@adventure-works.com,3FAB888F-2169-4FD6-8555-0094E4FE6345,2011-07-13 00:00:00.000
3654,2849,yolanda18@adventure-works.com,83C0678B-38C2-4EF9-9206-76EEDCC9D948,2012-10-26 00:00:00.000
3655,2850,cedric21@adventure-works.com,62AA9003-A392-4A42-8A76-77B37987F675,2012-01-17 00:00:00.000
3656,2851,yolanda19@adventure-works.com,A74CE150-AB1D-4392-9744-6D289C21043C,2013-03-31 00:00:00.000
3657,2852,anna26@adventure-works.com,90572A46-F9BB-4050-B120-DD871ACDC11D,2014-01-05 00:00:00.000
3658,2853,anna27@adventure-works.com,3A43FB25-F4CA-4C1C-9C0C-FAE69178E2F7,2013-12-30 00:00:00.000
3659,2854,anna28@adventure-works.com,6E3E6E38-A01E-426A-8231-EDE254A57411,2013-07-29 00:00:00.000
3660,2855,yolanda20@adventure-works.com,35F53293-10BA-444B-8E9B-B1158DD8F489,2013-05-05 00:00:00.000
3661,2856,anna29@adventure-works.com,C9912E34-C462-46FD-AAE5-2CA3151F79DF,2013-11-29 00:00:00.000
3662,2857,anna30@adventure-works.com,F2E42A31-C552-4889-A953-FF7423CBA7F2,2012-09-11 00:00:00.000
3663,2858,yolanda21@adventure-works.com,6BD55E8A-E56C-41C6-938D-8D0CECA0FD3B,2014-03-08 00:00:00.000
3664,2859,anna31@adventure-works.com,BE7838F6-988E-4EB6-A385-29936BC0ADD1,2013-10-24 00:00:00.000
3665,2860,anna32@adventure-works.com,336F88E1-7390-4732-A2C7-46240B30CEF6,2013-07-04 00:00:00.000
3666,2861,anna33@adventure-works.com,4EFCD6FE-B54B-4AE8-B150-B2C807DFEC09,2014-03-25 00:00:00.000
3667,2862,bonnie5@adventure-works.com,9FFDF9B5-FEFD-410E-A854-0114D47627F9,2014-02-22 00:00:00.000
3668,2863,anna34@adventure-works.com,078940DD-61DB-41B9-9C43-C20B50F0718D,2013-03-31 00:00:00.000
3669,2864,bonnie6@adventure-works.com,5E797269-7CF4-4372-A0CE-85CFA41DD4A0,2014-02-18 00:00:00.000
3670,2865,anna35@adventure-works.com,E650664F-E217-4DB8-895D-5B3D53CDF227,2014-02-22 00:00:00.000
3671,2866,anna36@adventure-works.com,5800BF41-75E1-4CBD-88CF-7D324C33F4F8,2014-04-07 00:00:00.000
3672,2867,anna37@adventure-works.com,A15C808C-698A-448C-9891-F23B5BF00EE6,2013-07-23 00:00:00.000
3673,2868,bonnie7@adventure-works.com,D8AB0FED-D960-4C12-8204-89E9DB3F9BB4,2013-11-27 00:00:00.000
3674,2869,anna38@adventure-works.com,A513106E-78AB-4B23-A78E-FF1A1111B803,2014-01-26 00:00:00.000
3675,2870,bonnie8@adventure-works.com,42C2B713-2B3D-4393-8979-A7F0A45A55B0,2012-02-05 00:00:00.000
3676,2871,anna39@adventure-works.com,F35BA387-7BA8-4BE2-A390-F157909B9E81,2014-04-28 00:00:00.000
3677,2872,anna40@adventure-works.com,4237F7C4-728B-4A17-989C-FE24C51F9EE3,2013-11-20 00:00:00.000
3678,2873,bonnie9@adventure-works.com,DE24F99D-DBC1-4EE0-8A29-F3752C816557,2014-02-26 00:00:00.000
3679,2874,bonnie10@adventure-works.com,85F42F8E-53A1-444A-BA6B-E2FD00EE5939,2011-06-06 00:00:00.000
3680,2875,anna41@adventure-works.com,FEC30C46-C034-4A55-9A0D-FFCA902433B4,2013-12-15 00:00:00.000
3681,2876,anna42@adventure-works.com,8BD6E9F7-5604-4723-8619-0BE26279D159,2013-07-18 00:00:00.000
3682,2877,anna43@adventure-works.com,913661CF-19CA-46C0-8E0B-575B660D2C0B,2011-12-08 00:00:00.000
3683,2878,anna44@adventure-works.com,8F15C862-FA51-4F4B-AF0F-69C6DEAC534E,2014-02-18 00:00:00.000
3684,2879,bonnie11@adventure-works.com,3D900F1C-B764-468E-A637-C026E11F400D,2012-11-10 00:00:00.000
3685,2880,anna45@adventure-works.com,4E477644-9C95-499C-B40B-2A12E53938E9,2013-10-08 00:00:00.000
3686,2881,anna46@adventure-works.com,BFAD49B4-EA08-4647-97A6-0CCF8203A12B,2013-07-11 00:00:00.000
3687,2882,anna47@adventure-works.com,63C3D045-0ACD-4C18-942F-ABFE62328F6D,2013-10-25 00:00:00.000
3688,2883,cedric22@adventure-works.com,DAB4E592-7C3F-4CAF-BD24-286A5FC20AD2,2013-07-18 00:00:00.000
3689,2884,bonnie12@adventure-works.com,50B60A6F-0208-432F-A05F-4812A18E3138,2012-01-01 00:00:00.000
3690,2885,lauren0@adventure-works.com,AB8D27F6-0709-4B34-90BF-7C590AC507CE,2012-04-18 00:00:00.000
3691,2886,bonnie13@adventure-works.com,D2E2D06B-2D38-47DC-A324-ED4A6E93B3E9,2014-06-06 00:00:00.000
3692,2887,lauren1@adventure-works.com,174F59FB-A239-4841-BCA8-057DFF6A0454,2014-05-24 00:00:00.000
3693,2888,lauren2@adventure-works.com,7070A292-09CE-4CBD-8E69-B8208C5ACC77,2013-08-07 00:00:00.000
3694,2889,bonnie14@adventure-works.com,A64E57CE-2E34-42A0-A0E9-4D084D4FC22D,2014-02-07 00:00:00.000
3695,2890,lauren3@adventure-works.com,95074BB2-3841-4EBF-BF3A-331834E11F28,2012-07-17 00:00:00.000
3696,2891,bonnie15@adventure-works.com,3F1E6783-5F76-4B43-BDF9-FA64F326F142,2011-09-08 00:00:00.000
3697,2892,bonnie16@adventure-works.com,4B80D39F-EB39-4C19-9AB1-A068D968ADA2,2013-10-22 00:00:00.000
3698,2893,bonnie17@adventure-works.com,020EC1FD-B9FC-4DB5-A6EB-000068A16126,2012-04-02 00:00:00.000
3699,2894,lauren4@adventure-works.com,6FC63B4C-E110-4864-9F5E-FCA5604656B6,2014-02-06 00:00:00.000
3700,2895,lauren5@adventure-works.com,7AAB77C4-4C02-41DE-9117-2BBD3AEAA2ED,2013-12-17 00:00:00.000
3701,2896,lauren6@adventure-works.com,C0377F9A-9F91-4578-9A8A-E14CCE830464,2014-03-18 00:00:00.000
3702,2897,bonnie18@adventure-works.com,052598B2-ABE1-468A-B520-DAE66770CD7F,2013-07-05 00:00:00.000
3703,2898,lauren7@adventure-works.com,43A77EC1-3796-43A3-8514-1445A0E3E4AD,2013-10-08 00:00:00.000
3704,2899,bonnie19@adventure-works.com,D3E3E6BB-50FF-445F-8C39-A6E52590BD1D,2014-06-27 00:00:00.000
3705,2900,lauren8@adventure-works.com,167692D4-1E39-473D-A1C6-72B29D556D1A,2013-11-24 00:00:00.000
3706,2901,lauren9@adventure-works.com,3005F119-BD78-447D-9551-AF07FDCBB3BA,2014-04-29 00:00:00.000
3707,2902,bonnie20@adventure-works.com,3D9809CF-FA0A-4F2E-8A7F-CFB952A39A5C,2012-05-05 00:00:00.000
3708,2903,lauren10@adventure-works.com,7BE48505-30F6-43F5-A554-8921F78F2D7F,2013-12-12 00:00:00.000
3709,2904,lauren11@adventure-works.com,5A896C7A-CAEB-47EF-8A61-FCEDEBE5B0CA,2013-11-06 00:00:00.000
3710,2905,bonnie21@adventure-works.com,930DF70E-EA0F-4646-9421-CC5B968F6743,2013-02-24 00:00:00.000
3711,2906,cedric23@adventure-works.com,EC698371-53C1-4611-978D-2BCCAAC5B077,2012-07-16 00:00:00.000
3712,2907,lauren12@adventure-works.com,0E3A5137-3A04-406B-A390-CE562A890BAA,2013-02-16 00:00:00.000
3713,2908,lauren13@adventure-works.com,8884F89D-D035-4E83-BE6E-5CB44DEBAF92,2013-11-13 00:00:00.000
3714,2909,lauren14@adventure-works.com,52CD6675-582E-4D66-AA33-EC066924642A,2013-08-01 00:00:00.000
3715,2910,lauren15@adventure-works.com,15B5819C-5A7E-4BE4-BA49-7FF7A6C086BC,2013-07-25 00:00:00.000
3716,2911,lauren16@adventure-works.com,E937E2ED-902B-4D05-9D7F-04FD7F7C504D,2013-11-15 00:00:00.000
3717,2912,lauren17@adventure-works.com,5A273A46-EA98-4CD3-93B4-D4748F7E27B9,2014-03-17 00:00:00.000
3718,2913,lauren18@adventure-works.com,8DA240CC-213E-4005-B283-F741EBB6EDDC,2014-04-20 00:00:00.000
3719,2914,bonnie22@adventure-works.com,A97F1DCF-0BFB-45A5-ABAE-95E6C0CBDD08,2014-03-31 00:00:00.000
3720,2915,edward2@adventure-works.com,A9FADB98-FFBC-4ED7-800E-33DE52BF96B3,2013-10-22 00:00:00.000
3721,2916,edward3@adventure-works.com,B2A6438E-1217-4850-B6AF-751A493B2C17,2014-03-02 00:00:00.000
3722,2917,bonnie23@adventure-works.com,3B635245-8405-4C56-ABA7-DC4154C5AA38,2013-07-08 00:00:00.000
3723,2918,edward4@adventure-works.com,36884CAC-4ECD-4B9E-9443-00859301B958,2013-11-09 00:00:00.000
3724,2919,bonnie24@adventure-works.com,D13592B2-DAAD-474E-A9F2-B56928E40845,2012-03-13 00:00:00.000
3725,2920,bonnie25@adventure-works.com,59C6AAE6-257F-41A9-BADE-F71E599578A7,2013-08-31 00:00:00.000
3726,2921,edward5@adventure-works.com,0695A871-32AE-4F78-B0F0-C55313FD85E4,2013-08-15 00:00:00.000
3727,2922,edward6@adventure-works.com,0ECB2DF7-918A-4DAC-9036-1CF97E2B6257,2013-10-16 00:00:00.000
3728,2923,bonnie26@adventure-works.com,0484BC30-2D07-46A1-8973-8FA32AEDAD05,2014-01-20 00:00:00.000
3729,2924,edward7@adventure-works.com,4C1372F8-3F74-4457-BA98-21169A5FCCE6,2013-08-12 00:00:00.000
3730,2925,bonnie27@adventure-works.com,1443A81F-F018-4FD1-A474-8D4BB2CD8922,2012-04-07 00:00:00.000
3731,2926,edward8@adventure-works.com,A6AD5676-F28D-4595-A9D4-0F8880E2DA9B,2013-11-27 00:00:00.000
3732,2927,edward9@adventure-works.com,FF84E4AA-52C4-454F-9F68-1D9E30457F86,2014-06-05 00:00:00.000
3733,2928,barry2@adventure-works.com,270840E0-7227-41B2-8CFD-35C24AFD80BD,2014-01-04 00:00:00.000
3734,2929,edward10@adventure-works.com,C4C5651D-BD00-4399-9A4B-73DBD2A03B0A,2013-05-18 00:00:00.000
3735,2930,barry3@adventure-works.com,6C075857-B651-413F-971B-87C350B70EFB,2013-09-12 00:00:00.000
3736,2931,edward11@adventure-works.com,BE0E51A1-85F8-4686-8987-B82C7ABE853B,2014-06-15 00:00:00.000
3737,2932,edward12@adventure-works.com,6E73CFF1-B9E3-42D8-8F30-5BE0B5F4EB72,2013-07-09 00:00:00.000
3738,2933,edward13@adventure-works.com,F3B087A4-C93A-4DE3-BF6D-5AD60ACE04BC,2014-03-09 00:00:00.000
3739,2934,barry4@adventure-works.com,7E27E082-A1A0-4198-A188-0356F26E2950,2012-08-16 00:00:00.000
3740,2935,edward14@adventure-works.com,D240DC7D-A7E1-410B-9877-E0C9E42BA3C3,2014-01-28 00:00:00.000
3741,2936,edward15@adventure-works.com,658059C0-2044-409B-8D83-CFCAFE501ACC,2013-10-29 00:00:00.000
3742,2937,edward16@adventure-works.com,934B4AE9-2A5F-4A57-BD0C-365F87FDCE10,2013-12-29 00:00:00.000
3743,2938,barry5@adventure-works.com,9546331C-E23F-4081-A709-2F4293E4CCD2,2013-01-02 00:00:00.000
3744,2939,edward17@adventure-works.com,5139409F-39BD-4DCA-82AB-7C6BFBEE9B37,2014-05-22 00:00:00.000
3745,2940,barry6@adventure-works.com,0787E8B7-017C-4D6F-925A-FEAD5817AA78,2012-11-03 00:00:00.000
3746,2941,edward18@adventure-works.com,A6A0084B-F041-43F1-A223-306C0C03696D,2014-02-27 00:00:00.000
3747,2942,edward19@adventure-works.com,8849396F-B91A-4FEA-82E1-04DE2B33654B,2013-07-22 00:00:00.000
3748,2943,barry7@adventure-works.com,20E71943-8D18-402B-B9CE-A69931052737,2013-10-11 00:00:00.000
3749,2944,edward20@adventure-works.com,845C3AD9-639A-4AB4-BEEF-823BE6DA8383,2011-10-27 00:00:00.000
3750,2945,edward21@adventure-works.com,F3D9F4C0-38F0-4E88-A330-79AD13E56E06,2011-10-04 00:00:00.000
3751,2946,barry8@adventure-works.com,AD256491-DD94-405B-922B-197AD09601C6,2013-12-29 00:00:00.000
3752,2947,wyatt0@adventure-works.com,19DF1D87-65CF-4284-B287-E6BBF18BAD08,2014-04-16 00:00:00.000
3753,2948,wyatt1@adventure-works.com,F744D3A5-4203-4C22-A655-CEB82385F260,2014-03-31 00:00:00.000
3754,2949,wyatt2@adventure-works.com,2605A426-CCA2-4182-ABA0-4181816B1B5E,2012-01-22 00:00:00.000
3755,2950,wyatt3@adventure-works.com,F21BBDA5-74E8-4E9A-9B56-1378EA0B3534,2013-07-27 00:00:00.000
3756,2951,wyatt4@adventure-works.com,1D9C4503-3D11-4D9C-8CAD-70B5EF5503DD,2014-03-13 00:00:00.000
3757,2952,wyatt5@adventure-works.com,0F22BB41-0266-4EF0-8FCA-2543DFE6036C,2014-01-05 00:00:00.000
3758,2953,barry9@adventure-works.com,1AFE5BFC-DA03-4451-B711-E7C017FC732A,2013-05-18 00:00:00.000
3759,2954,barry10@adventure-works.com,410196DD-6EAE-48F6-A114-3DA4CE01BC05,2014-03-23 00:00:00.000
3760,2955,wyatt6@adventure-works.com,3714D51D-111A-4698-8699-4422D812D57F,2012-12-15 00:00:00.000
3761,2956,wyatt7@adventure-works.com,5DB37BE0-F9D8-4E3F-9AD1-3E11FBA693D9,2013-09-22 00:00:00.000
3762,2957,wyatt8@adventure-works.com,20705C05-F819-493D-831B-3314B809D21D,2014-04-19 00:00:00.000
3763,2958,cedric24@adventure-works.com,3D608FD7-8F40-4026-8F65-118AA126E18D,2013-10-03 00:00:00.000
3764,2959,barry11@adventure-works.com,66128499-5238-4E8D-9E8B-7F85DE726916,2012-12-27 00:00:00.000
3765,2960,wyatt9@adventure-works.com,EBA10DB1-91AD-472A-9EBF-64EF7D137F00,2013-04-19 00:00:00.000
3766,2961,barry12@adventure-works.com,8BC4C9E2-5A66-4B02-A32C-DCD61A1F15FC,2011-11-14 00:00:00.000
3767,2962,wyatt10@adventure-works.com,A6ADB9B6-E8B5-433D-BCF4-1C68E0E3D910,2012-11-10 00:00:00.000
3768,2963,wyatt11@adventure-works.com,6115E00D-D9FD-4333-9352-7E2093D43D2E,2013-08-21 00:00:00.000
3769,2964,barry13@adventure-works.com,923CE385-4C23-4142-B457-F67599DE5D62,2014-02-17 00:00:00.000
3770,2965,barry14@adventure-works.com,1B51DFC0-5EA3-43C5-8853-623AA0D0D1C0,2012-04-22 00:00:00.000
3771,2966,wyatt12@adventure-works.com,459FCF6F-7A41-4EC5-AD61-2A93C2721EBC,2013-11-03 00:00:00.000
3772,2967,wyatt13@adventure-works.com,D986B165-7FD7-4261-8C69-2BB116C1C55C,2013-08-11 00:00:00.000
3773,2968,wyatt14@adventure-works.com,7FDD5BBE-A588-4B31-8113-F966691669C6,2013-08-04 00:00:00.000
3774,2969,wyatt15@adventure-works.com,ECF0FE1C-96A5-4114-A3DC-EB1F2B2E8AC0,2013-11-02 00:00:00.000
3775,2970,wyatt16@adventure-works.com,50AEDDDA-F6AD-4C97-8E1B-6B0112C356BB,2013-12-23 00:00:00.000
3776,2971,barry15@adventure-works.com,DE65B094-1BD1-465F-9D31-0A31CDDCDAD6,2013-12-28 00:00:00.000
3777,2972,wyatt17@adventure-works.com,8F3BCAE5-81BE-480F-9C1E-FADA3B2246DB,2013-08-22 00:00:00.000
3778,2973,wyatt18@adventure-works.com,8EBCD877-B7FE-4F70-9DCD-9893BEABC6D8,2011-12-16 00:00:00.000
3779,2974,barry16@adventure-works.com,BE9304CB-BB50-4840-880D-B048EA655ADD,2013-12-17 00:00:00.000
3780,2975,wyatt19@adventure-works.com,8B0DFDA8-321F-4FA3-8E77-7B6755B67B40,2013-11-16 00:00:00.000
3781,2976,wyatt20@adventure-works.com,CE2AF3C9-887A-49A3-A9E8-AF86DA058471,2014-05-16 00:00:00.000
3782,2977,wyatt21@adventure-works.com,9A9E8722-6ED4-4EAE-B7D5-47315835F2B8,2012-07-14 00:00:00.000
3783,2978,wyatt22@adventure-works.com,E178DDB3-AFAD-4685-8B9C-3DA3B457A4AE,2014-01-17 00:00:00.000
3784,2979,barry17@adventure-works.com,6CB94EB5-931C-4AD6-B67F-0C75DBE2E491,2012-06-09 00:00:00.000
3785,2980,wyatt23@adventure-works.com,9EFD23DD-259B-4319-8BB8-C25A52AB478D,2012-06-25 00:00:00.000
3786,2981,wyatt24@adventure-works.com,B0E6F55F-39F5-4FA8-ADA2-9DE1D47BDE08,2012-06-15 00:00:00.000
3787,2982,wyatt25@adventure-works.com,9C2AD1BC-7566-4D63-9422-1A37E4CF5CAD,2014-05-06 00:00:00.000
3788,2983,barry18@adventure-works.com,EE128D8A-711C-48DA-97EB-CCD5E7ADFF89,2012-02-25 00:00:00.000
3789,2984,wyatt26@adventure-works.com,A1E21F3E-23BD-4916-B008-3FD1E9629DF6,2011-11-04 00:00:00.000
3790,2985,wyatt27@adventure-works.com,EEC6A5B2-B364-4557-AA39-705573F4E3AB,2013-06-24 00:00:00.000
3791,2986,warren6@adventure-works.com,48C8254D-56A4-4773-BC10-E4D005D91CF8,2013-10-04 00:00:00.000
3792,2987,cedric25@adventure-works.com,2E0311A7-E4F8-4116-8BE3-D671ADFF891E,2012-11-01 00:00:00.000
3793,2988,barry19@adventure-works.com,22B6392C-05CC-42AC-AE99-AE784692C844,2013-12-27 00:00:00.000
3794,2989,wyatt28@adventure-works.com,2BE11326-F82E-4D2C-8F14-5D53A71F8FDB,2014-04-19 00:00:00.000
3795,2990,wyatt29@adventure-works.com,B65BE61B-820D-4FE1-94E7-20FD67DAB220,2013-08-05 00:00:00.000
3796,2991,wyatt30@adventure-works.com,0FA89DE2-9E11-48EE-AF26-7D701E3D3014,2013-11-18 00:00:00.000
3797,2992,barry20@adventure-works.com,46AFA5B2-F2D1-469E-9B9F-73DD457E78D3,2014-03-10 00:00:00.000
3798,2993,wyatt31@adventure-works.com,CFA90DBC-C3AF-4A1B-9088-F19D3DD8C434,2014-01-12 00:00:00.000
3799,2994,cesar0@adventure-works.com,0629973D-42B6-4E51-BA2D-2DD172FC22EB,2011-09-17 00:00:00.000
3800,2995,wyatt32@adventure-works.com,63AD0FCD-62AD-47A4-AE2F-4BDCEDB9F736,2013-07-12 00:00:00.000
3801,2996,cesar1@adventure-works.com,37561227-EC0E-4E2F-8210-A1F3169837DE,2013-04-05 00:00:00.000
3802,2997,wyatt33@adventure-works.com,3F715551-0E23-448A-9F17-F403AC8023E2,2013-10-16 00:00:00.000
3803,2998,cesar2@adventure-works.com,61B5DC19-CB7E-4A24-8536-E7BF866D8C67,2012-03-28 00:00:00.000
3804,2999,wyatt34@adventure-works.com,11DD86C2-11BE-4C16-B82B-F5CAC6DBA9C6,2014-04-13 00:00:00.000
3805,3000,wyatt35@adventure-works.com,F479F046-077D-4DD6-AB12-520AF5A4E35B,2013-11-14 00:00:00.000
3806,3001,cesar3@adventure-works.com,0DF4342B-56CF-4DEB-B1A7-8BBDFA7767ED,2013-11-05 00:00:00.000
3807,3002,wyatt36@adventure-works.com,B377C222-7F9C-4B72-B16C-A40F4CED7F67,2014-06-04 00:00:00.000
3808,3003,cesar4@adventure-works.com,5F1DA2F1-3CB1-434B-8823-80BC1B4D1733,2011-10-06 00:00:00.000
3809,3004,wyatt37@adventure-works.com,CB843788-C8DB-46A4-8336-A1C69E181A26,2014-02-14 00:00:00.000
3810,3005,wyatt38@adventure-works.com,223ED53B-4D18-4E74-9C05-548089C14709,2013-08-03 00:00:00.000
3811,3006,cedric26@adventure-works.com,9D9DA194-D6C6-41C8-8344-124025E10456,2014-02-14 00:00:00.000
3812,3007,wyatt39@adventure-works.com,1C0CF5CF-5821-4E1A-83E0-7D6D0B672B58,2014-05-02 00:00:00.000
3813,3008,wyatt40@adventure-works.com,B5D77BF9-F4FB-482F-BAD1-1F507F03A552,2013-01-17 00:00:00.000
3814,3009,cesar5@adventure-works.com,01B44F9C-E83B-44E5-B585-77CA7DFCB0E4,2014-06-27 00:00:00.000
3815,3010,wyatt41@adventure-works.com,36F41C55-926E-41B4-8055-B0FD165F2659,2012-10-18 00:00:00.000
3816,3011,cesar6@adventure-works.com,3461E373-F23C-4DE1-A738-52C0FCF6B3A6,2014-05-15 00:00:00.000
3817,3012,wyatt42@adventure-works.com,08467F2A-F90B-4EF1-9AD7-547802B5C14C,2013-08-08 00:00:00.000
3818,3013,wyatt43@adventure-works.com,24E6EC9F-B776-4EFD-92E0-7AB4B72DB4CF,2012-04-16 00:00:00.000
3819,3014,cesar7@adventure-works.com,A3FAA0F1-309C-4DE4-959F-17226C82C012,2013-12-05 00:00:00.000
3820,3015,cesar8@adventure-works.com,6680BEF9-7DAE-4B3D-AF94-7E33D514D17C,2012-12-01 00:00:00.000
3821,3016,wyatt44@adventure-works.com,84545622-4644-4B8B-9455-6606303AF209,2013-05-19 00:00:00.000
3822,3017,wyatt45@adventure-works.com,62926BEE-901A-4F42-A9E5-DBF0B84C1834,2013-10-24 00:00:00.000
3823,3018,wyatt46@adventure-works.com,8A5CBC83-ED12-4DE4-92EF-3F1BCC60256A,2013-07-21 00:00:00.000
3824,3019,cesar9@adventure-works.com,51CF9FBC-3883-4DCF-B323-163D1D2497DB,2012-09-01 00:00:00.000
3825,3020,wyatt47@adventure-works.com,D2ACF724-92DE-4BD0-AE88-3F0F18B92205,2013-07-31 00:00:00.000
3826,3021,cesar10@adventure-works.com,B2A2B81A-2332-4DFD-944A-67A5C4293563,2014-04-12 00:00:00.000
3827,3022,wyatt48@adventure-works.com,66FA558B-D1BE-4E39-9EB7-2B7A1A89A870,2011-09-26 00:00:00.000
3828,3023,césar11@adventure-works.com,08AFF809-824D-402E-9E79-28114BBBB8C9,2013-02-25 00:00:00.000
3829,3024,cesar12@adventure-works.com,0E4DDB6D-1895-4152-B6CC-5F8CD164BF0B,2013-09-23 00:00:00.000
3830,3025,fernando1@adventure-works.com,AA51F182-7192-42A9-BD89-886870D6FD24,2012-10-06 00:00:00.000
3831,3026,cesar13@adventure-works.com,381E7E03-ACAF-4406-85FC-87552620F8ED,2012-03-14 00:00:00.000
3832,3027,cedric27@adventure-works.com,3A627CE8-25A2-4113-93E4-4C4E5E8A581D,2011-10-17 00:00:00.000
3833,3028,cesar14@adventure-works.com,526E4C28-76E9-4D81-9CC1-C12441466427,2012-08-18 00:00:00.000
3834,3029,fernando2@adventure-works.com,F9CC152B-73B4-4720-8343-DCB31B6101BB,2012-03-31 00:00:00.000
3835,3030,cesar15@adventure-works.com,794F07C6-85DE-45A1-A9AE-3C7D7940F1C4,2012-05-27 00:00:00.000
3836,3031,fernando3@adventure-works.com,ED3C1D0E-9FF0-42A5-A293-A50A96F8BB5B,2013-07-12 00:00:00.000
3837,3032,cesar16@adventure-works.com,9BD5B257-E552-421B-99C0-E868F53295BF,2014-03-22 00:00:00.000
3838,3033,fernando4@adventure-works.com,2E4924A9-0364-4069-9B57-B491CEC85A03,2013-08-14 00:00:00.000
3839,3034,cesar17@adventure-works.com,45C4C23D-C713-4076-A8AF-E6FEF760D53B,2013-07-27 00:00:00.000
3840,3035,fernando5@adventure-works.com,93B06616-2385-4D41-B18E-A0195B8BE119,2014-06-14 00:00:00.000
3841,3036,cesar18@adventure-works.com,F904E645-B543-4451-8DC3-4D60DD282338,2012-12-06 00:00:00.000
3842,3037,cesar19@adventure-works.com,C0EFC2B1-12F4-4596-9B65-E4344963AAA7,2013-07-08 00:00:00.000
3843,3038,cesar20@adventure-works.com,C6EB8ACB-28E3-4100-9ED1-CCCAB19A3C85,2013-11-05 00:00:00.000
3844,3039,fernando6@adventure-works.com,A4B40269-E1CC-44BD-A9C3-23E102F08C69,2013-09-30 00:00:00.000
3845,3040,fernando7@adventure-works.com,2AAC0800-9C54-462A-A2A7-47A15389AABC,2013-09-06 00:00:00.000
3846,3041,cesar21@adventure-works.com,FCD42FEC-E939-47DD-8FA3-682FD136E44E,2014-04-04 00:00:00.000
3847,3042,fernando8@adventure-works.com,5BB08F30-BBC6-4196-9BA4-36679C8B6B71,2013-04-23 00:00:00.000
3848,3043,marco0@adventure-works.com,2287075C-38A4-41BD-9931-5B0F63E0D500,2013-07-15 00:00:00.000
3849,3044,fernando9@adventure-works.com,3B8326AB-1FDD-4394-AA75-1CDFB3B8E911,2013-10-09 00:00:00.000
3850,3045,marco1@adventure-works.com,4C27EE99-092F-4198-B441-4F5E3FABE831,2013-09-10 00:00:00.000
3851,3046,marco2@adventure-works.com,11E46DA3-7C70-430E-9245-EA90CFEA9151,2014-06-10 00:00:00.000
3852,3047,fernando10@adventure-works.com,2E937F89-2DC1-4C1E-94D4-20D31E50DD89,2014-02-26 00:00:00.000
3853,3048,marco3@adventure-works.com,B8430547-6315-452E-AF36-DC3804999BAF,2013-08-07 00:00:00.000
3854,3049,marco4@adventure-works.com,BB98BBAE-A06C-4867-B6C8-24BE3284319A,2014-04-01 00:00:00.000
3855,3050,fernando11@adventure-works.com,08FE2962-FA61-4227-94A5-637F09631249,2012-08-15 00:00:00.000
3856,3051,marco5@adventure-works.com,5F7A2A9C-0412-4C3C-909D-FDC1653E609F,2014-02-19 00:00:00.000
3857,3052,fernando12@adventure-works.com,ACE7E324-55D4-41B7-AC10-29C705C4D8E1,2013-10-15 00:00:00.000
3858,3053,marco6@adventure-works.com,2EB88377-0C8C-4D68-A5DC-CC7305F88EFD,2014-05-13 00:00:00.000
3859,3054,fernando13@adventure-works.com,2F0B1D8F-C13E-4977-B053-46596418B077,2013-06-30 00:00:00.000
3860,3055,fernando14@adventure-works.com,006DA575-0D02-4017-8DA9-EADE009CA79F,2011-06-25 00:00:00.000
3861,3056,marco7@adventure-works.com,14763F9C-159C-4F52-A4FA-EF79A15A9FAA,2012-12-21 00:00:00.000
3862,3057,fernando15@adventure-works.com,ECA4588E-CF8D-430D-BE32-15EE92097ED8,2013-11-30 00:00:00.000
3863,3058,marco8@adventure-works.com,D9EB66A6-CEE3-4DB5-925D-8264CA61AF40,2013-07-29 00:00:00.000
3864,3059,marco9@adventure-works.com,0F33B001-131D-4DF9-8690-EC7098C1D0F5,2011-09-27 00:00:00.000
3865,3060,fernando16@adventure-works.com,D284AEDD-E239-4CB9-AFC7-BD16C8C94406,2014-03-16 00:00:00.000
3866,3061,marco10@adventure-works.com,49E0D0E2-3EBC-4EF1-8489-9A7ED65D787D,2013-07-30 00:00:00.000
3867,3062,fernando17@adventure-works.com,A5D39B8D-2D14-4A75-932E-D8877B2F38E1,2013-10-27 00:00:00.000
3868,3063,fernando18@adventure-works.com,37434C42-31B0-43F7-A302-3A2323E79976,2013-11-09 00:00:00.000
3869,3064,cedric28@adventure-works.com,67B83560-5DD8-4D9E-8852-F6EA27E9BB3B,2013-11-04 00:00:00.000
3870,3065,marco11@adventure-works.com,227CBAC6-10F9-4A10-A195-C7E916409500,2013-09-22 00:00:00.000
3871,3066,fernando19@adventure-works.com,351475CF-E799-4166-B119-870481FFE0DD,2013-07-15 00:00:00.000
3872,3067,marco12@adventure-works.com,41B84259-94BF-4B0E-A72C-291B7B5A63DE,2014-01-29 00:00:00.000
3873,3068,fernando20@adventure-works.com,3628AA95-4B8B-4466-ABC0-4F528A71E4B1,2013-12-12 00:00:00.000
3874,3069,fernando21@adventure-works.com,0D539D93-88A6-4362-AA3A-F85F2EA32C89,2014-01-18 00:00:00.000
3875,3070,fernando22@adventure-works.com,F3BA7AF8-8C2F-42A4-B609-D72806B7CA9A,2014-01-08 00:00:00.000
3876,3071,fernando23@adventure-works.com,2645B5F7-23E2-4137-8CAC-AE564DC3064F,2013-06-17 00:00:00.000
3877,3072,marco13@adventure-works.com,9668554A-98B8-4B23-9EA1-49D1687CD6A0,2014-06-17 00:00:00.000
3878,3073,marco14@adventure-works.com,FF64CD82-773B-448F-B45B-4E2477E9D19C,2011-06-11 00:00:00.000
3879,3074,fernando24@adventure-works.com,B2D870F6-1A6F-4388-A3C9-317E0EADDED8,2014-03-13 00:00:00.000
3880,3075,fernando25@adventure-works.com,EA5BF0C1-4BE4-4537-AEF5-E58411C1F47C,2012-03-18 00:00:00.000
3881,3076,marco15@adventure-works.com,C4E3A89A-D426-47CA-AC45-461BE959397A,2014-06-22 00:00:00.000
3882,3077,marco16@adventure-works.com,180095DE-C56C-43FD-93BE-8204A5061F1C,2014-01-19 00:00:00.000
3883,3078,fernando26@adventure-works.com,219170F6-C52C-4A9D-BB20-9B0DF9FD56B1,2012-06-17 00:00:00.000
3884,3079,fernando27@adventure-works.com,2D08172C-ACCF-4FAB-98BE-244ECB9A93F5,2013-11-13 00:00:00.000
3885,3080,marco17@adventure-works.com,A59FA387-D3F8-40A0-8C32-6A24172445F5,2013-05-16 00:00:00.000
3886,3081,fernando28@adventure-works.com,7EA7085B-03DF-43B4-83C5-79DB4E37E9C6,2013-09-13 00:00:00.000
3887,3082,fernando29@adventure-works.com,719C215F-E7DE-4052-B9D4-9E6F52DDF11F,2013-06-15 00:00:00.000
3888,3083,fernando30@adventure-works.com,16F66A07-B457-4B10-BC1D-503335DBA6C2,2011-08-19 00:00:00.000
3889,3084,fernando31@adventure-works.com,B9470C54-3188-4998-BC4B-D95603A224E8,2013-10-31 00:00:00.000
3890,3085,marco18@adventure-works.com,82654B85-CACF-4A8B-8650-FD5F286BDD5C,2014-03-15 00:00:00.000
3891,3086,fernando32@adventure-works.com,FD772974-94C7-4A8E-BEBE-0AB98AE5E872,2013-12-27 00:00:00.000
3892,3087,fernando33@adventure-works.com,30538A9A-2C76-4984-84AF-8124D4F1F5A2,2014-05-09 00:00:00.000
3893,3088,fernando34@adventure-works.com,DC67F53E-7BDE-4F6C-9DB8-996BECE2AF3C,2011-10-15 00:00:00.000
3894,3089,marco19@adventure-works.com,A16C6FB1-B79D-4790-9B22-5A1FA527E33A,2014-02-01 00:00:00.000
3895,3090,fernando35@adventure-works.com,CACC1E58-8A1F-4FCE-A766-335B1BAEEFB2,2013-12-24 00:00:00.000
3896,3091,fernando36@adventure-works.com,41F0065B-CF00-43D9-BD21-3D9AC6C57450,2013-03-01 00:00:00.000
3897,3092,fernando37@adventure-works.com,56269608-40F1-4459-A791-049C181FC09F,2014-03-30 00:00:00.000
3898,3093,cedric29@adventure-works.com,DC70D8AE-0869-4AA9-8696-B955CE5C0320,2012-10-24 00:00:00.000
3899,3094,fernando38@adventure-works.com,24B44FD4-A1AD-4258-B361-998426F42554,2011-08-05 00:00:00.000
3900,3095,fernando39@adventure-works.com,C99F55A5-86B1-4A12-A257-FAE675807259,2014-04-02 00:00:00.000
3901,3096,marco20@adventure-works.com,0639CA3A-6BCC-4D18-8151-EB8A8B86A208,2014-04-13 00:00:00.000
3902,3097,fernando40@adventure-works.com,6F1706A2-2111-4AA4-B2E4-4AA96F74C7AD,2013-09-07 00:00:00.000
3903,3098,bryant0@adventure-works.com,70B5B40D-D465-4145-83F8-F203251DA5E7,2013-07-29 00:00:00.000
3904,3099,fernando41@adventure-works.com,35DB6604-C1D8-4295-A81D-33C45E9C2773,2014-05-12 00:00:00.000
3905,3100,bryant1@adventure-works.com,04FCCA57-287A-467F-8CAE-76C3FC235F0A,2012-11-17 00:00:00.000
3906,3101,fernando42@adventure-works.com,6E9417A5-4041-46BB-8B22-3E9A4BAC0C6A,2014-02-24 00:00:00.000
3907,3102,bryant2@adventure-works.com,3DE9934B-F666-4F26-B51A-4D9351214CE7,2013-06-24 00:00:00.000
3908,3103,bryant3@adventure-works.com,55E24726-F797-4A17-B9FC-7DA7A917BD8C,2014-04-27 00:00:00.000
3909,3104,fernando43@adventure-works.com,1CF5A907-6134-4F46-9C33-062691B0EE10,2014-03-23 00:00:00.000
3910,3105,bryant4@adventure-works.com,97E992DE-5B17-499E-94AC-6F6B0BD22C5C,2013-05-25 00:00:00.000
3911,3106,bryant5@adventure-works.com,00FED330-92E8-4341-876B-328FD950970A,2014-05-22 00:00:00.000
3912,3107,abigail2@adventure-works.com,FF598FAB-B400-4568-AA15-61EC56D6DD7C,2014-04-11 00:00:00.000
3913,3108,abigail3@adventure-works.com,4C9A8B74-9205-4176-B4C6-BBB29CCC3CF0,2014-03-23 00:00:00.000
3914,3109,abigail4@adventure-works.com,869D499A-54E2-46A2-B138-A11D69D5FDDD,2013-12-15 00:00:00.000
3915,3110,bryant6@adventure-works.com,B6478952-E0F5-499C-9CF5-24D84299AFF2,2012-10-29 00:00:00.000
3916,3111,bryant7@adventure-works.com,3EF91A4C-D3A7-4D84-9A9F-6ACD864271C3,2013-07-04 00:00:00.000
3917,3112,abigail5@adventure-works.com,EA6DFE8B-8654-44F2-877F-E2928C15B0B8,2014-02-20 00:00:00.000
3918,3113,abigail6@adventure-works.com,6A29B2DC-2F44-4CD0-9EF5-D68B1CF8CB5B,2014-03-15 00:00:00.000
3919,3114,abigail7@adventure-works.com,4E9A17E2-AD3E-45F5-BBF1-7CAF7C003C19,2014-04-01 00:00:00.000
3920,3115,bryant8@adventure-works.com,A9C4F8CE-84FC-496B-B499-F6A525372642,2012-05-26 00:00:00.000
3921,3116,abigail8@adventure-works.com,99CE2A76-208A-48E0-94E4-CFE3B19C271F,2012-05-11 00:00:00.000
3922,3117,bryant9@adventure-works.com,E80401EF-9D3A-4976-9F2A-9A35C5BE0A32,2014-01-21 00:00:00.000
3923,3118,abigail9@adventure-works.com,9AE5999D-3812-40CB-AA27-A4A815F06EDD,2013-09-26 00:00:00.000
3924,3119,bryant10@adventure-works.com,A7235BD4-C4E5-4B11-AD37-63825CDCA38B,2012-08-13 00:00:00.000
3925,3120,abigail10@adventure-works.com,DB1137FA-F006-4152-BF72-85A12956C466,2013-11-09 00:00:00.000
3926,3121,bryant11@adventure-works.com,95AB5A00-2DE9-47E9-A5ED-D5F73A2C532C,2013-05-11 00:00:00.000
3927,3122,abigail11@adventure-works.com,DA71F723-2E9A-4830-B895-982DEC7733E4,2013-05-14 00:00:00.000
3928,3123,abigail12@adventure-works.com,EFFDA1F7-753D-45BD-A4F8-9BB86180AF67,2013-08-13 00:00:00.000
3929,3124,bryant12@adventure-works.com,1C609A63-FC15-4E95-9422-11E36FF896AA,2014-02-21 00:00:00.000
3930,3125,abigail13@adventure-works.com,0AF0F0CE-EFF0-4A76-AC5C-3AC701EAB912,2014-05-22 00:00:00.000
3931,3126,bryant13@adventure-works.com,9928E182-5B36-43E5-96E1-EFA926E2AA9A,2012-07-14 00:00:00.000
3932,3127,cedric30@adventure-works.com,8A5B0050-831C-47CE-98B3-236405DC7C0D,2013-08-13 00:00:00.000
3933,3128,bryant14@adventure-works.com,9F975A5F-27E2-490C-A83F-C08F25F069B1,2012-05-22 00:00:00.000
3934,3129,abigail14@adventure-works.com,173AECD8-A928-4B67-BC10-EBA5EA0E9E71,2013-02-21 00:00:00.000
3935,3130,abigail15@adventure-works.com,9349232D-E51F-4DAB-9199-40524CA9424F,2014-03-18 00:00:00.000
3936,3131,bryant15@adventure-works.com,4A11D21F-3E6D-4EB4-A723-D63BDAB81EDA,2011-12-13 00:00:00.000
3937,3132,abigail16@adventure-works.com,82E636D4-C88E-49CB-B84C-2806921C2A1D,2012-03-30 00:00:00.000
3938,3133,bryant16@adventure-works.com,C9E31AF1-0BBC-42CD-8487-EA20512DB64A,2013-10-05 00:00:00.000
3939,3134,abigail17@adventure-works.com,C256473C-1C3C-499B-B44F-503CCD33C4B2,2013-04-14 00:00:00.000
3940,3135,abigail18@adventure-works.com,A6D93147-92D7-4901-B98C-0A4FD2B34C22,2014-05-31 00:00:00.000
3941,3136,bryant17@adventure-works.com,C3BB5684-2A15-4F01-8E12-570840321A01,2013-03-05 00:00:00.000
3942,3137,abigail19@adventure-works.com,2CB697CF-1937-43F7-9EAF-CDB813357AAD,2014-04-18 00:00:00.000
3943,3138,abigail20@adventure-works.com,F031A963-726E-41ED-B698-ABA862C5BC54,2013-09-22 00:00:00.000
3944,3139,abigail21@adventure-works.com,7253CC3D-C31E-4612-8D2F-CE1D8B2C43DE,2013-07-07 00:00:00.000
3945,3140,abigail22@adventure-works.com,ABEC8ABB-4682-4789-ACA5-830834687644,2012-03-16 00:00:00.000
3946,3141,bryant18@adventure-works.com,30ED29E8-6F96-4D8C-B804-DFC2835C2E9B,2014-04-04 00:00:00.000
3947,3142,abigail23@adventure-works.com,2F6A194B-B376-468E-AC9F-702BD734F057,2012-11-17 00:00:00.000
3948,3143,bryant19@adventure-works.com,FCFA8638-E196-4013-84A1-D3F8F3DC1DCD,2012-11-15 00:00:00.000
3949,3144,abigail24@adventure-works.com,9A3CAFC9-5AB7-4B85-A2AC-5D7635786732,2013-11-08 00:00:00.000
3950,3145,abigail25@adventure-works.com,67617256-90C5-4905-9AE2-75C40B374557,2013-05-31 00:00:00.000
3951,3146,abigail26@adventure-works.com,5D80014B-4F4E-4ABF-853F-EF9EBAD56A7E,2013-09-11 00:00:00.000
3952,3147,bryant20@adventure-works.com,5E99CACA-1BEF-462A-8210-6F1319BBB0D4,2013-03-23 00:00:00.000
3953,3148,abigail27@adventure-works.com,06C7B1EE-9B20-40E6-8751-3B5771606F41,2014-05-28 00:00:00.000
3954,3149,preston0@adventure-works.com,4FA87D77-4AC7-470C-92D3-5488611CDB51,2014-04-04 00:00:00.000
3955,3150,abigail28@adventure-works.com,64BE776F-BCED-4C35-BE35-EA1A314F8D49,2013-04-29 00:00:00.000
3956,3151,preston1@adventure-works.com,89210DD9-E5C7-4330-9347-784C60C8E6EE,2014-05-28 00:00:00.000
3957,3152,abigail29@adventure-works.com,9F83BF06-C311-46D2-BB74-18E660C0188E,2014-01-04 00:00:00.000
3958,3153,abigail30@adventure-works.com,52EBC414-21C4-445F-9349-381C4DA8A797,2014-01-25 00:00:00.000
3959,3154,cedric31@adventure-works.com,907D7106-5B5B-4071-B9F3-B1111121D587,2013-09-18 00:00:00.000
3960,3155,preston2@adventure-works.com,35C1B1A4-E507-446E-BD59-6A451E0AE4B4,2011-10-16 00:00:00.000
3961,3156,abigail31@adventure-works.com,BC16D3A5-9E60-4493-8CD2-B6E90485FA5F,2014-03-11 00:00:00.000
3962,3157,abigail32@adventure-works.com,FA7A314F-E316-4E1C-A65B-AB284EED5C12,2012-10-30 00:00:00.000
3963,3158,preston3@adventure-works.com,97372372-F678-4411-98A4-6687C7973047,2014-06-13 00:00:00.000
3964,3159,arthur1@adventure-works.com,07B4860D-24CF-489D-9077-F3D9D54A878C,2014-03-09 00:00:00.000
3965,3160,abigail33@adventure-works.com,EA8B1CBE-28D3-463B-8302-37C1055C643F,2014-03-04 00:00:00.000
3966,3161,abigail34@adventure-works.com,741755B0-29F8-4BE7-9AB4-15F14EC14F43,2014-02-18 00:00:00.000
3967,3162,abigail35@adventure-works.com,D4E91703-3AE2-41AD-ACA8-8D16E7B9220D,2013-11-09 00:00:00.000
3968,3163,abigail36@adventure-works.com,143C6037-16C2-45B0-BAC0-624280A1521E,2014-01-14 00:00:00.000
3969,3164,preston4@adventure-works.com,368C8010-B23E-4F66-99AA-1F90CDA7E640,2011-07-24 00:00:00.000
3970,3165,abigail37@adventure-works.com,77124597-4B55-4A9E-86EE-739EE7102203,2013-11-08 00:00:00.000
3971,3166,abigail38@adventure-works.com,90478D74-6C48-4739-9F8E-EC20533201F5,2013-02-22 00:00:00.000
3972,3167,preston5@adventure-works.com,76CD44B6-14DB-4EA3-9D9E-D0748C2C4F2C,2013-07-09 00:00:00.000
3973,3168,abigail39@adventure-works.com,8005CA40-BD1E-4EC7-A2E1-F1B0299B50D8,2013-11-05 00:00:00.000
3974,3169,abigail40@adventure-works.com,204B2F66-D915-4CDE-A0B8-5C798071E9E2,2014-01-07 00:00:00.000
3975,3170,abigail41@adventure-works.com,E297DCCD-3029-41D3-AC4D-0A0BE129CD9A,2014-05-05 00:00:00.000
3976,3171,preston6@adventure-works.com,3E38817A-52D7-4AF8-A56B-3E06D1D91FAF,2014-03-18 00:00:00.000
3977,3172,preston7@adventure-works.com,90AC4C08-A874-41DF-953F-5A497737694E,2013-11-19 00:00:00.000
3978,3173,abigail42@adventure-works.com,5B5C81E1-20AE-4D12-AE26-7398B812B522,2011-10-11 00:00:00.000
3979,3174,preston8@adventure-works.com,BE5A23DC-2EB1-4C06-AC80-58D72D6C08CF,2012-05-09 00:00:00.000
3980,3175,preston9@adventure-works.com,CBD6F60E-0F9B-4CD0-B376-6C8CC6B9AD22,2013-08-24 00:00:00.000
3981,3176,abigail43@adventure-works.com,8D4A0C59-B401-44EB-8272-43FFEEE426BC,2013-08-18 00:00:00.000
3982,3177,abigail44@adventure-works.com,4D789563-FED4-44EC-809F-11CDEE72D523,2013-09-06 00:00:00.000
3983,3178,preston10@adventure-works.com,56327F40-450C-4A7E-A7E0-5C001B81046D,2014-05-27 00:00:00.000
3984,3179,abigail45@adventure-works.com,6B556FC3-4DBB-4BC0-BF59-35237FB813BD,2014-04-16 00:00:00.000
3985,3180,preston11@adventure-works.com,2B459CB8-AFD6-47C6-AF5E-24C7FA977754,2013-01-20 00:00:00.000
3986,3181,abigail46@adventure-works.com,B9E49541-2131-4511-9F47-5F5EC391DC87,2012-08-13 00:00:00.000
3987,3182,jeremiah0@adventure-works.com,14BA1759-C9ED-4318-A0C4-4D676F4E0C46,2012-12-22 00:00:00.000
3988,3183,jeremy1@adventure-works.com,2158BA7A-8D5D-4DA4-9936-34780DB8861F,2014-01-27 00:00:00.000
3989,3184,preston12@adventure-works.com,83F9FE8C-83A9-40DD-B9EE-177735285AAB,2013-07-14 00:00:00.000
3990,3185,jeremiah1@adventure-works.com,A9447EDF-EA57-430E-AD27-69B0A3A2F0FB,2014-02-18 00:00:00.000
3991,3186,jeremiah2@adventure-works.com,524BBCDE-1B61-4919-974A-554FD0151DFF,2014-03-25 00:00:00.000
3992,3187,jeremy2@adventure-works.com,740D7B00-6A45-4F5A-9C00-3E07CE51E460,2013-12-27 00:00:00.000
3993,3188,preston13@adventure-works.com,223E95B2-65F7-4A37-90EE-A635A6E9FDD3,2011-11-23 00:00:00.000
3994,3189,jeremiah3@adventure-works.com,626AD590-057C-4F89-8D6B-6B3713B40A46,2014-05-14 00:00:00.000
3995,3190,preston14@adventure-works.com,9B049171-DA3A-4BE1-8C6F-55BBC46EA671,2013-05-29 00:00:00.000
3996,3191,jeremiah4@adventure-works.com,577D6FBE-80E6-4A11-A601-2C171EACF055,2014-05-30 00:00:00.000
3997,3192,jeremy3@adventure-works.com,9DACECF3-4DC9-4CB7-96C5-431119CF61B4,2014-03-30 00:00:00.000
3998,3193,jeremiah5@adventure-works.com,C8A946C2-A5C1-4806-8E89-03112EEA82F0,2013-11-12 00:00:00.000
3999,3194,preston15@adventure-works.com,D06CC896-D336-4D47-BDC5-E16F43DEF777,2013-02-06 00:00:00.000
4000,3195,jeremiah6@adventure-works.com,F55DFB88-5A4B-4E2C-BE9A-7DB6573A4197,2014-02-02 00:00:00.000
4001,3196,preston16@adventure-works.com,5429ECED-4EF4-4415-98B7-A3498DF34899,2013-07-13 00:00:00.000
4002,3197,jeremiah7@adventure-works.com,2CD4CB09-BFC4-4B6B-B821-2BB8D413A847,2014-01-05 00:00:00.000
4003,3198,jeremiah8@adventure-works.com,B28343DB-E861-4D8E-B87F-1FE90BEB989D,2011-06-11 00:00:00.000
4004,3199,warren7@adventure-works.com,3FF6BFF3-3FED-4A06-B313-587A589B3E74,2013-04-30 00:00:00.000
4005,3200,cedric32@adventure-works.com,42A617FD-D62C-4066-B17A-A6F7552727B0,2013-07-07 00:00:00.000
4006,3201,preston17@adventure-works.com,4E949E9D-258A-413E-BD5C-A426F84D6C82,2012-12-08 00:00:00.000
4007,3202,jeremy4@adventure-works.com,83F4AE01-04BE-4994-9174-39617F7DBEB6,2013-05-19 00:00:00.000
4008,3203,preston18@adventure-works.com,8DA46798-3364-46A4-8E6A-48AF1A1C32FB,2013-07-14 00:00:00.000
4009,3204,jeremy5@adventure-works.com,46AA238B-99F1-4D13-AC25-875B64BD86A1,2013-12-19 00:00:00.000
4010,3205,jeremy6@adventure-works.com,A33F359A-5CFF-493B-AD7B-D48A449CC236,2013-11-22 00:00:00.000
4011,3206,jeremiah9@adventure-works.com,7E72A57D-62A1-4802-919A-EB8D1AF213F3,2013-08-15 00:00:00.000
4012,3207,preston19@adventure-works.com,05E6C7B5-A8EA-4AEF-814D-565ACBE4D63F,2013-07-13 00:00:00.000
4013,3208,stanley1@adventure-works.com,18764E60-9B06-43DE-A625-280C2926F65E,2013-09-29 00:00:00.000
4014,3209,jeremiah10@adventure-works.com,14C41CA2-CB84-42F4-B271-1243DB9E32A8,2014-05-03 00:00:00.000
4015,3210,jeremiah11@adventure-works.com,21113623-7600-412A-A439-9540967BA61D,2014-05-24 00:00:00.000
4016,3211,jeremiah12@adventure-works.com,E9A69F5F-0822-46C2-9CFC-83AF7D9C53F8,2011-10-05 00:00:00.000
4017,3212,jeremy7@adventure-works.com,598A8B95-F1F3-4C13-8A02-4EA357CA5824,2013-08-26 00:00:00.000
4018,3213,stanley2@adventure-works.com,B3ACCB04-3D26-43B8-85D7-0B7DBEB021AB,2012-12-20 00:00:00.000
4019,3214,jeremy8@adventure-works.com,662F8519-F1B1-47FB-948E-EE224CF9C64E,2012-05-14 00:00:00.000
4020,3215,jeremiah13@adventure-works.com,01443BCD-F4E3-43C8-98F2-A4D251BB1663,2014-04-22 00:00:00.000
4021,3216,stanley3@adventure-works.com,4515B350-A3AC-436B-A7D4-380F19B8D4F6,2012-11-29 00:00:00.000
4022,3217,jeremiah14@adventure-works.com,FB419F70-E94C-4BCD-848A-201685248DDF,2014-04-21 00:00:00.000
4023,3218,stanley4@adventure-works.com,C68836B6-2039-4CCF-9F47-2CC3D735FD19,2014-02-17 00:00:00.000
4024,3219,jeremy9@adventure-works.com,A9DD2AFC-5DA2-4B3D-B501-0C0E4B733373,2013-08-26 00:00:00.000
4025,3220,jeremiah15@adventure-works.com,6EAC3B9A-E713-48B7-BF75-0C90816E67A6,2012-07-24 00:00:00.000
4026,3221,jeremiah16@adventure-works.com,DEFECAE8-5964-4DB2-A5D5-14073573F4D6,2014-05-25 00:00:00.000
4027,3222,jeremiah17@adventure-works.com,AB832FF3-F935-4DF5-BD19-ABF9B3480B94,2013-07-13 00:00:00.000
4028,3223,stanley5@adventure-works.com,A8BB7EA1-DCDB-4808-A2F4-C80C0DBF87E0,2011-12-15 00:00:00.000
4029,3224,stanley6@adventure-works.com,732812C4-5901-482F-A02A-A8D77E6F74A2,2013-11-16 00:00:00.000
4030,3225,stanley7@adventure-works.com,7B3BA952-6CC1-4140-8134-315F0FB35BE7,2013-12-14 00:00:00.000
4031,3226,stanley8@adventure-works.com,90278544-CBBB-4595-936C-EA656E9E7367,2012-01-24 00:00:00.000
4032,3227,stanley9@adventure-works.com,00E8B2E6-88EA-4052-9B29-C987548472AA,2013-09-01 00:00:00.000
4033,3228,jeremiah18@adventure-works.com,729279AA-234E-4741-873C-456D050EA233,2013-12-02 00:00:00.000
4034,3229,jeremy10@adventure-works.com,0A67EFF4-39D3-4C35-A63A-C11F3D68F409,2014-05-22 00:00:00.000
4035,3230,jeremy11@adventure-works.com,53E1FC09-1A78-47CD-A33E-B36C96A0DAA4,2014-03-20 00:00:00.000
4036,3231,stanley10@adventure-works.com,DE012583-F965-4F1C-99D2-B52AD7ED8D4A,2014-06-21 00:00:00.000
4037,3232,jeremiah19@adventure-works.com,BAE11917-2D9F-4C0A-B139-514A5AEA20C6,2013-08-21 00:00:00.000
4038,3233,jeremy12@adventure-works.com,F2E39CCF-9908-4A00-BC60-CBC935932374,2013-10-18 00:00:00.000
4039,3234,stanley11@adventure-works.com,592F61CA-4F19-46D7-B7A2-6A5D76413C1E,2012-12-28 00:00:00.000
4040,3235,jeremy13@adventure-works.com,34259CF6-385C-4B42-BF66-BBAB1DF07E76,2014-03-15 00:00:00.000
4041,3236,stanley12@adventure-works.com,F9CD52F2-4C56-4B9E-814C-5F5EF66973EB,2014-01-12 00:00:00.000
4042,3237,jeremiah20@adventure-works.com,45F51111-C088-4800-9915-6AF89F19900D,2013-07-16 00:00:00.000
4043,3238,stanley13@adventure-works.com,56C50B9F-BC4A-4B20-AA00-42360D569635,2011-12-28 00:00:00.000
4044,3239,jeremy14@adventure-works.com,33D9474B-BA30-4EB6-A6E1-EE229BAE8292,2013-09-17 00:00:00.000
4045,3240,jeremy15@adventure-works.com,0BBD87D1-92BC-4E8E-B772-44878F2C1E98,2013-12-06 00:00:00.000
4046,3241,stanley14@adventure-works.com,F108B76E-1BCF-46EE-A4D3-435CE26CF0E6,2013-02-14 00:00:00.000
4047,3242,stanley15@adventure-works.com,1BA5F53E-3082-4941-888E-8DEAA8ADDE0F,2014-05-27 00:00:00.000
4048,3243,stanley16@adventure-works.com,884E6484-86EE-4EE7-A016-A1BAC7B83551,2013-04-11 00:00:00.000
4049,3244,jeremiah21@adventure-works.com,4D4082D8-8270-461B-BD90-B689C4CE830A,2013-10-17 00:00:00.000
4050,3245,jeremy16@adventure-works.com,2DD74C5F-656C-4C88-924F-1FBA25175418,2011-11-07 00:00:00.000
4051,3246,stanley17@adventure-works.com,F040791A-D12B-485D-BC55-DC3CE2FEF561,2013-07-21 00:00:00.000
4052,3247,jeremy17@adventure-works.com,CA6F1B2C-0FDD-4AAA-9E0F-AA0C1B0EFA39,2013-08-20 00:00:00.000
4053,3248,jeremy18@adventure-works.com,D88CF4EE-9AAB-4202-863B-38164BB17675,2013-08-23 00:00:00.000
4054,3249,stanley18@adventure-works.com,B38793F0-3DED-4D3F-8E2B-793C993462AF,2013-09-20 00:00:00.000
4055,3250,jeremiah22@adventure-works.com,B9A3B622-E1D9-482C-8373-74A0005968E1,2013-11-02 00:00:00.000
4056,3251,jeremiah23@adventure-works.com,866BFC53-6D6C-4DD5-BBD1-42C454B609BA,2014-04-11 00:00:00.000
4057,3252,stanley19@adventure-works.com,95AF7945-ECDA-4FF4-A2CA-AE034B64A5EE,2013-07-09 00:00:00.000
4058,3253,stanley20@adventure-works.com,4CDB0BD0-00CF-4C37-8BFA-7329E3FD419F,2012-10-29 00:00:00.000
4059,3254,jeremy19@adventure-works.com,0DEE6D39-794A-47E5-9D37-F03A89E88F4F,2012-06-27 00:00:00.000
4060,3255,stanley21@adventure-works.com,56C3AC83-1630-4B65-8283-5D3EE6A8BC32,2013-09-22 00:00:00.000
4061,3256,miguel0@adventure-works.com,DEACC047-8CDB-4222-9352-CFF4782253D3,2013-12-10 00:00:00.000
4062,3257,stanley22@adventure-works.com,EB923235-51CB-4F2E-A779-5FF5648E2C18,2012-11-10 00:00:00.000
4063,3258,miguel1@adventure-works.com,9CEF4483-C5BA-4859-AD03-0BD733F39BE8,2013-09-12 00:00:00.000
4064,3259,stanley23@adventure-works.com,9417A26B-900A-4E47-B5D0-EFF59B7B57A7,2014-05-17 00:00:00.000
4065,3260,clifford0@adventure-works.com,9769094B-8F02-4449-A503-7C3DF6F56017,2013-08-31 00:00:00.000
4066,3261,miguel2@adventure-works.com,8AE599C8-B0EF-4848-913C-84C69BC45F26,2014-01-17 00:00:00.000
4067,3262,clifford1@adventure-works.com,7D60AD1A-325C-40C0-967C-49B57214AE08,2014-02-18 00:00:00.000
4068,3263,cedric33@adventure-works.com,1876EEA0-F115-438E-896F-4E7843850C62,2013-11-05 00:00:00.000
4069,3264,clifford2@adventure-works.com,407B8930-1BEA-4B1E-8B0B-8428A6080EB7,2012-06-18 00:00:00.000
4070,3265,miguel3@adventure-works.com,AA33CE15-4FB4-4956-BD93-3483F938395F,2014-05-08 00:00:00.000
4071,3266,clifford3@adventure-works.com,6F875957-01BF-4780-AD91-CA1E1B7023BE,2013-08-22 00:00:00.000
4072,3267,miguel4@adventure-works.com,10ECC20E-6C82-4540-B9B7-01FE7422E848,2011-11-02 00:00:00.000
4073,3268,miguel5@adventure-works.com,A5D8CD05-495A-44B9-8391-002098415C05,2013-11-08 00:00:00.000
4074,3269,clifford4@adventure-works.com,2CE76596-B8BE-49A1-9BBC-FCFD64786BA3,2013-04-30 00:00:00.000
4075,3270,miguel6@adventure-works.com,761D3C01-62BC-4BB1-B884-C90CE1516B12,2013-10-06 00:00:00.000
4076,3271,miguel7@adventure-works.com,F1237A00-5F17-43FC-A4C0-9975CBE87929,2013-09-02 00:00:00.000
4077,3272,miguel8@adventure-works.com,73C8938F-A6A4-4F8A-9E93-E6B87C641BEF,2013-12-26 00:00:00.000
4078,3273,clifford5@adventure-works.com,389B85C3-7576-472B-A2E5-9282B66E16CE,2014-02-28 00:00:00.000
4079,3274,miguel9@adventure-works.com,853A7119-B2C4-42A2-8256-69A154D5BC71,2013-06-09 00:00:00.000
4080,3275,clifford6@adventure-works.com,61A9CA6D-6F71-4F7E-9DF3-2BB409A58234,2014-01-24 00:00:00.000
4081,3276,miguel10@adventure-works.com,BCAEFD4B-0F8E-4108-8816-05A1E2F4D90A,2014-04-20 00:00:00.000
4082,3277,clifford7@adventure-works.com,2BE56C1D-8E0B-4831-AC91-73ACD3E5E189,2012-05-17 00:00:00.000
4083,3278,clifford8@adventure-works.com,1CB300E9-DF3A-4441-AD25-0DA8B61CFE71,2013-07-20 00:00:00.000
4084,3279,clifford9@adventure-works.com,D9F6540B-D2DA-4F8B-809E-2CDD4C5DDD28,2013-11-20 00:00:00.000
4085,3280,miguel11@adventure-works.com,0413627C-7E3E-4E77-AFD1-EF03D48FE708,2014-04-08 00:00:00.000
4086,3281,cedric34@adventure-works.com,E89C6F3F-2184-4C60-840E-4C0398FC6BD3,2014-03-31 00:00:00.000
4087,3282,clifford10@adventure-works.com,8E7A78E6-4F87-4B68-A341-52F712196184,2013-03-28 00:00:00.000
4088,3283,miguel12@adventure-works.com,B23D55BB-6162-4AAB-85B0-AFCA5657446A,2013-12-28 00:00:00.000
4089,3284,miguel13@adventure-works.com,B7DEE024-9438-4EEB-941A-7A20F27F170B,2013-07-07 00:00:00.000
4090,3285,miguel14@adventure-works.com,A7C6A58C-143E-469A-BCF4-F4D9207CB1E4,2013-02-22 00:00:00.000
4091,3286,miguel15@adventure-works.com,C0FF4B6B-7FA9-4CBC-823A-74DDA57993EA,2014-02-25 00:00:00.000
4092,3287,clifford11@adventure-works.com,4D5B2560-BF73-4134-8B02-4B0E22A4BA20,2013-07-27 00:00:00.000
4093,3288,miguel16@adventure-works.com,A63F7294-A6EE-41A9-9C9C-55F5A2F3CD71,2014-06-20 00:00:00.000
4094,3289,miguel17@adventure-works.com,E942AAFC-5871-4A18-AFE5-C4653156FE7A,2011-06-28 00:00:00.000
4095,3290,miguel18@adventure-works.com,89DAC3C3-4BBB-405B-A423-56F487A36BFF,2014-05-28 00:00:00.000
4096,3291,clifford12@adventure-works.com,0D99E75E-F900-4E7D-A759-0414ACF03A92,2013-10-08 00:00:00.000
4097,3292,miguel19@adventure-works.com,2ADF0129-ACE4-4194-86F2-45D9A386D3BF,2014-01-13 00:00:00.000
4098,3293,clifford13@adventure-works.com,78D6FBBD-9F80-446B-B877-1D68B890B667,2011-09-01 00:00:00.000
4099,3294,miguel20@adventure-works.com,75A7C1A8-F52E-4D6C-91DC-01CEC1C65B2F,2014-04-27 00:00:00.000
4100,3295,clifford14@adventure-works.com,763039DB-FC06-4215-B3AD-B852AF098F81,2013-10-04 00:00:00.000
4101,3296,miguel21@adventure-works.com,59AC3830-04BE-4248-A193-97E881212BEE,2012-06-25 00:00:00.000
4102,3297,miguel22@adventure-works.com,D5AD05D1-DCB9-453E-A81A-D2DD91F40A1A,2012-03-28 00:00:00.000
4103,3298,miguel23@adventure-works.com,BDC8AB7D-49D1-4661-A9CC-F4447061377D,2013-12-26 00:00:00.000
4104,3299,clifford15@adventure-works.com,7C81B9B4-09F3-4AE7-BDB1-5ADDCEF37115,2014-02-02 00:00:00.000
4105,3300,clifford16@adventure-works.com,3D3ED22C-6FD6-434E-87A5-4EDC421C9D6C,2014-01-28 00:00:00.000
4106,3301,miguel24@adventure-works.com,E4CB36A2-9789-467E-BC5A-520748611DB5,2013-12-06 00:00:00.000
4107,3302,clifford17@adventure-works.com,B925C2A9-E1CA-4428-9BB7-8F39D75690B0,2013-05-20 00:00:00.000
4108,3303,miguel25@adventure-works.com,110C3676-1C69-43CF-B009-DC8F42F238B8,2013-12-05 00:00:00.000
4109,3304,miguel26@adventure-works.com,D743F0D6-2D56-40FE-8DA0-4759E9D543B9,2014-05-04 00:00:00.000
4110,3305,cedric35@adventure-works.com,29F02B4E-CFC9-42F8-9072-5D51FF8010C8,2012-08-02 00:00:00.000
4111,3306,clifford18@adventure-works.com,E421BFAB-50A1-4798-B212-752398F58585,2013-08-29 00:00:00.000
4112,3307,miguel27@adventure-works.com,F62FEF42-919D-4DD2-95D7-AAA17AF6EB58,2013-05-09 00:00:00.000
4113,3308,miguel28@adventure-works.com,2DAA99B3-4A53-482C-90A5-FCCE1E46C33E,2013-07-01 00:00:00.000
4114,3309,miguel29@adventure-works.com,63B0AE0E-ED0D-4960-80A9-EDEDB683C105,2014-01-30 00:00:00.000
4115,3310,miguel30@adventure-works.com,AC8F104E-FAB0-4E40-9165-4F1A762AB638,2014-05-14 00:00:00.000
4116,3311,clifford19@adventure-works.com,6950F6C0-74A4-4D09-9537-BF070221F2A5,2013-10-30 00:00:00.000
4117,3312,miguel31@adventure-works.com,483D4A2D-FC57-4D15-9DCF-F2467FCF909C,2011-12-05 00:00:00.000
4118,3313,miguel32@adventure-works.com,43E38027-7843-4E83-92BD-3B11F310BF11,2013-10-09 00:00:00.000
4119,3314,clifford20@adventure-works.com,A112CF34-BB4B-42D6-96E0-5A913CE86270,2014-03-23 00:00:00.000
4120,3315,miguel33@adventure-works.com,42B42603-8013-4D38-A66E-F1D08B679BE4,2012-03-19 00:00:00.000
4121,3316,miguel34@adventure-works.com,47A2E80E-6541-40AE-A896-3D26825C8330,2014-06-16 00:00:00.000
4122,3317,miguel35@adventure-works.com,3A71FD49-BEC2-45A6-86AC-D3CFB7EDD73B,2011-10-08 00:00:00.000
4123,3318,harold19@adventure-works.com,68079147-470B-4732-B01E-C0A5602A526E,2014-01-05 00:00:00.000
4124,3319,miguel36@adventure-works.com,39767B2E-399A-4DAA-B437-2E41E45EAB27,2013-08-08 00:00:00.000
4125,3320,miguel37@adventure-works.com,4766F35A-C374-46A1-B999-58E779BB506F,2011-11-18 00:00:00.000
4126,3321,kurt0@adventure-works.com,264ECF41-DE0F-4B46-83A3-45CD915F3C30,2014-05-25 00:00:00.000
4127,3322,kurt1@adventure-works.com,3C4A0FB2-46D8-4AA7-8D0D-F0F75F0B9D2C,2013-07-04 00:00:00.000
4128,3323,miguel38@adventure-works.com,C265412C-BC59-40F5-A544-4DDE5C68F0D4,2014-03-19 00:00:00.000
4129,3324,miguel39@adventure-works.com,93665DDE-BAC4-4C76-9E96-3E355B70DAEC,2012-06-13 00:00:00.000
4130,3325,miguel40@adventure-works.com,5455AFAF-27EA-45B2-A1E1-E4A1C29B352B,2014-05-07 00:00:00.000
4131,3326,miguel41@adventure-works.com,110748A2-BE53-48AC-9F37-87050DEC6DD4,2013-12-30 00:00:00.000
4132,3327,kurt2@adventure-works.com,C4E5B398-5382-4B6A-9C03-CC3EA5B811FD,2013-09-19 00:00:00.000
4133,3328,miguel42@adventure-works.com,6908FD67-C2A9-472E-BF7B-E53421987643,2014-05-21 00:00:00.000
4134,3329,kurt3@adventure-works.com,E65F3258-5907-41D0-814C-8F8FF79326FB,2011-08-20 00:00:00.000
4135,3330,miguel43@adventure-works.com,B1C196D1-D2B5-47CD-BEB8-3DF11C32DB9B,2013-05-27 00:00:00.000
4136,3331,cedric36@adventure-works.com,66A8CE04-EF06-460B-9ECE-EAA69646B49D,2013-12-18 00:00:00.000
4137,3332,kurt4@adventure-works.com,D43251B3-9A1E-49A0-96C7-B915B14CAF0A,2012-11-10 00:00:00.000
4138,3333,miguel44@adventure-works.com,4880154E-1981-4EC5-A7CF-C4E5BE2F402E,2011-12-11 00:00:00.000
4139,3334,miguel45@adventure-works.com,9287D25D-1C1E-4093-965D-3CA4D4D5EE81,2014-04-26 00:00:00.000
4140,3335,kurt5@adventure-works.com,E31E119F-D730-4F65-AE90-916E410C8288,2014-03-27 00:00:00.000
4141,3336,kurt6@adventure-works.com,9FB5E764-C489-4BF1-8E50-B6C22EB05ED3,2012-09-26 00:00:00.000
4142,3337,blake0@adventure-works.com,A1C0134E-975C-4D29-9016-F13E6D3BFCC6,2011-10-07 00:00:00.000
4143,3338,blake1@adventure-works.com,A1B5135A-1A98-46E2-96C9-C93E466149B0,2014-05-04 00:00:00.000
4144,3339,blake2@adventure-works.com,12EBFDBD-071E-442D-89C6-F7F1B6524500,2014-04-22 00:00:00.000
4145,3340,kurt7@adventure-works.com,D3475AEC-C67F-4B25-A211-DEBF987C7BEE,2013-09-14 00:00:00.000
4146,3341,blake3@adventure-works.com,6B14BD64-B490-4EBD-81FB-1BF41E7BEF04,2013-07-13 00:00:00.000
4147,3342,kurt8@adventure-works.com,CF99171E-0F80-457F-A004-F09E009C2DAA,2013-11-04 00:00:00.000
4148,3343,blake4@adventure-works.com,1FFA7A72-A647-4EF0-A8A7-01AC988DF606,2013-08-20 00:00:00.000
4149,3344,blake5@adventure-works.com,950A5ACE-34E2-4477-9D0D-EE505E3CF4DF,2014-03-17 00:00:00.000
4150,3345,kurt9@adventure-works.com,BDF0E1FD-8006-427D-A18F-B786291A99AB,2012-03-29 00:00:00.000
4151,3346,blake6@adventure-works.com,E7ADC3A4-3176-494F-8EB4-0385732C34E1,2013-11-02 00:00:00.000
4152,3347,kurt10@adventure-works.com,F6326B64-3002-4CBC-907C-70D5EF0CD61E,2013-07-20 00:00:00.000
4153,3348,kurt11@adventure-works.com,E6157B41-8715-4FAB-BDEE-34FC8C926DC5,2013-07-30 00:00:00.000
4154,3349,blake7@adventure-works.com,39054FF0-4740-4159-9F64-D23B1B1C8CA3,2013-12-04 00:00:00.000
4155,3350,blake8@adventure-works.com,C9D6FFD3-FDD3-4E84-8BB1-46F52C953DFC,2013-01-03 00:00:00.000
4156,3351,kurt12@adventure-works.com,DD27515F-CD9D-47C4-A0C4-4F713A6E9076,2013-12-16 00:00:00.000
4157,3352,blake9@adventure-works.com,57109EF4-A0FB-4DCB-A85F-EF17BD2A8991,2011-09-21 00:00:00.000
4158,3353,blake10@adventure-works.com,539E6847-1816-400A-81FE-EAE4FEE69FDC,2011-12-26 00:00:00.000
4159,3354,kurt13@adventure-works.com,C15D756C-39CC-44A0-A1F4-DED9E8A4297B,2014-02-17 00:00:00.000
4160,3355,blake11@adventure-works.com,A3ADA1BB-4354-43E3-B2CA-47285131C415,2011-11-11 00:00:00.000
4161,3356,cedric37@adventure-works.com,814E34EB-96A1-4BF9-BB16-210817BD1CA8,2013-09-01 00:00:00.000
4162,3357,kurt14@adventure-works.com,37F141CA-D78B-4218-867E-C3E29384E108,2013-03-04 00:00:00.000
4163,3358,blake12@adventure-works.com,C4193082-2E2A-43F1-BD4C-BAF829A61EFB,2014-06-08 00:00:00.000
4164,3359,kurt15@adventure-works.com,CBC3767E-47D4-42A1-98C9-F2C056C1CB7E,2014-01-29 00:00:00.000
4165,3360,blake13@adventure-works.com,CBD1A9FC-3609-4AD9-A0EC-35704EFD243B,2013-11-06 00:00:00.000
4166,3361,kurt16@adventure-works.com,C17C95DB-F209-4BC3-9613-2B3839438B47,2012-06-29 00:00:00.000
4167,3362,kurt17@adventure-works.com,6E8C72BC-74FE-478B-A9C2-76E532C8D27F,2011-08-24 00:00:00.000
4168,3363,blake14@adventure-works.com,4B1AAD73-2C79-4062-BCF3-38FCB524D412,2013-09-28 00:00:00.000
4169,3364,blake15@adventure-works.com,A46CDC2B-0A29-47AA-BA11-0C484D7D4B7D,2013-11-06 00:00:00.000
4170,3365,kurt18@adventure-works.com,D93CD048-82E4-4E4B-98E2-E38ECC061E4E,2012-08-07 00:00:00.000
4171,3366,blake16@adventure-works.com,D88F0DE9-4536-4774-8710-49D5634A2551,2013-09-22 00:00:00.000
4172,3367,blake17@adventure-works.com,9E6D912F-5B4C-4EB4-A9EF-CD40A23CC689,2013-11-10 00:00:00.000
4173,3368,blake18@adventure-works.com,C59CF5DE-BA00-442C-97E5-02AF58E8302A,2014-06-14 00:00:00.000
4174,3369,kurt19@adventure-works.com,4A10D0D7-569B-43F9-B12B-437AA728118C,2014-01-03 00:00:00.000
4175,3370,blake19@adventure-works.com,EBF5C6A2-13B0-4EB6-B349-44AF36B99B5A,2014-03-08 00:00:00.000
4176,3371,blake20@adventure-works.com,D1B21401-2F04-4D8D-AEA1-E7C1FB28FDA1,2014-01-08 00:00:00.000
4177,3372,blake21@adventure-works.com,87CCBD09-8399-4B49-8D2E-3AD331214004,2013-10-08 00:00:00.000
4178,3373,blake22@adventure-works.com,734834EC-4CA1-46B4-9114-60E2D85AD291,2013-10-14 00:00:00.000
4179,3374,blake23@adventure-works.com,38F12706-AF80-4E40-8BAA-296CC2087491,2013-08-11 00:00:00.000
4180,3375,kurt20@adventure-works.com,89133A91-E4E5-4E4F-8C6D-B33BBE64B216,2014-04-12 00:00:00.000
4181,3376,kurt21@adventure-works.com,1DDFE205-AAA5-46A1-A062-E004E704F04D,2012-11-01 00:00:00.000
4182,3377,blake24@adventure-works.com,90A30DA7-AEAA-445A-8270-1439A0669D16,2013-10-23 00:00:00.000
4183,3378,blake25@adventure-works.com,3CD8A22A-5004-4AF4-BBE9-0D0C67A77BDF,2014-03-21 00:00:00.000
4184,3379,blake26@adventure-works.com,BEA16B9D-4B3C-48FF-AE13-76E76A96421D,2013-10-08 00:00:00.000
4185,3380,blake27@adventure-works.com,02D56169-13F1-49D0-B84E-683797055153,2013-08-07 00:00:00.000
4186,3381,blake28@adventure-works.com,D28F3CD5-3848-43C4-8A3D-54B1E53F89D0,2013-11-15 00:00:00.000
4187,3382,tommy0@adventure-works.com,1320F692-744D-449E-86E1-83BC15EEE975,2013-07-11 00:00:00.000
4188,3383,blake29@adventure-works.com,CA3EB2DC-9386-4541-8DA8-3286C9E831D6,2013-10-25 00:00:00.000
4189,3384,blake30@adventure-works.com,A76395CA-A708-41C8-9026-3C03EB781D08,2013-11-07 00:00:00.000
4190,3385,tommy1@adventure-works.com,880262B0-919C-40EE-B72B-8EB1338D19D3,2013-07-07 00:00:00.000
4191,3386,tommy2@adventure-works.com,7C97AF12-7A1D-4488-9E1A-C3CAD2219FD8,2013-02-04 00:00:00.000
4192,3387,blake31@adventure-works.com,3672A8B2-E99B-4994-A985-AAC1FCACEAB3,2014-05-20 00:00:00.000
4193,3388,blake32@adventure-works.com,978CDD76-F784-4516-8FDE-9588D4701C09,2013-09-26 00:00:00.000
4194,3389,blake33@adventure-works.com,7061213F-B990-4858-B93D-3A85BE4064EE,2014-04-18 00:00:00.000
4195,3390,blake34@adventure-works.com,2D73318C-302D-46A9-825D-C47CE6B52169,2013-09-04 00:00:00.000
4196,3391,blake35@adventure-works.com,BE8F998D-0379-4ED0-84BA-3EA333C6D4A2,2014-02-17 00:00:00.000
4197,3392,blake36@adventure-works.com,D3FB111D-62D7-4A37-A991-C30D9986CE43,2012-06-25 00:00:00.000
4198,3393,tommy3@adventure-works.com,792A9F0E-ECDD-4552-8703-BAF0D1E5B34F,2013-04-08 00:00:00.000
4199,3394,tommy4@adventure-works.com,476DA0E0-61B8-4EAC-9E5D-2F6C3BE457AE,2013-08-07 00:00:00.000
4200,3395,tommy5@adventure-works.com,CA162382-42C5-46ED-99D8-4927AF66CFF8,2013-07-24 00:00:00.000
4201,3396,blake37@adventure-works.com,E8637039-C77B-4AE5-A4AF-446483BB872E,2014-03-06 00:00:00.000
4202,3397,cedric38@adventure-works.com,F6867F4A-20FA-4DBB-A03E-5E1AAF2EF1F6,2013-10-05 00:00:00.000
4203,3398,tommy6@adventure-works.com,6D1CBFB3-CEFC-4487-9DE1-82C3B55D1224,2013-05-24 00:00:00.000
4204,3399,blake38@adventure-works.com,526F283E-9141-40AE-901A-FE17ACC37A54,2012-10-15 00:00:00.000
4205,3400,blake39@adventure-works.com,E5C30773-9067-4567-921E-033AAE282103,2013-08-08 00:00:00.000
4206,3401,tommy7@adventure-works.com,E67905D8-83E8-4BA3-B339-580A61A3071E,2013-06-20 00:00:00.000
4207,3402,tommy8@adventure-works.com,5DE1A565-577D-400C-A9CB-0D39E0B5D89E,2013-03-08 00:00:00.000
4208,3403,blake40@adventure-works.com,7FBFC41B-D16D-44FF-ABB7-4B92A76A7952,2013-10-17 00:00:00.000
4209,3404,blake41@adventure-works.com,73600126-24E8-4DDE-9280-932C078B4BF6,2013-09-24 00:00:00.000
4210,3405,blake42@adventure-works.com,095115F9-7307-4D9D-9AA4-0556722BE05F,2012-08-26 00:00:00.000
4211,3406,tommy9@adventure-works.com,FD75E1E7-A85F-410A-A9F4-9BD00D537AD8,2012-07-27 00:00:00.000
4212,3407,blake43@adventure-works.com,D350EC95-48D0-4A7C-A951-2F44C738B31C,2013-08-26 00:00:00.000
4213,3408,blake44@adventure-works.com,4EC92D2D-97C9-4FF2-AF39-47F4E9A752B3,2013-08-26 00:00:00.000
4214,3409,blake45@adventure-works.com,BA26BF46-600B-4370-88EE-36E3E95E5607,2013-03-19 00:00:00.000
4215,3410,blake46@adventure-works.com,753BFA2C-C1EB-4EAE-9F30-F26B7C5BAA76,2014-04-30 00:00:00.000
4216,3411,tommy10@adventure-works.com,5620B6F7-4B88-4728-A745-F76FA62559F1,2013-01-07 00:00:00.000
4217,3412,blake47@adventure-works.com,C58CE28D-FA1C-4DCD-83FB-69305CA8F507,2012-06-11 00:00:00.000
4218,3413,edward22@adventure-works.com,81B53405-212E-460B-BE02-15F5BCB5200A,2014-03-26 00:00:00.000
4219,3414,tommy11@adventure-works.com,8099B4F7-CE08-4A50-B985-40966ED9FE08,2014-01-23 00:00:00.000
4220,3415,edward23@adventure-works.com,E4846771-FA33-4AC8-8D6E-213543D0EE7E,2014-03-30 00:00:00.000
4221,3416,tommy12@adventure-works.com,89955B27-6103-4048-B00C-FE615F87F5AC,2013-07-27 00:00:00.000
4222,3417,edward24@adventure-works.com,C83DD502-0A40-4226-BB53-68DF50D30C95,2013-09-28 00:00:00.000
4223,3418,tommy13@adventure-works.com,59206263-CF13-4D07-BA96-9CC9074C2A21,2014-01-16 00:00:00.000
4224,3419,tommy14@adventure-works.com,6D93CE59-EE50-4519-89EC-8F94ACB329C2,2012-08-13 00:00:00.000
4225,3420,edward25@adventure-works.com,F9748F6A-837B-4D1A-85DC-D4B52AA57135,2014-04-25 00:00:00.000
4226,3421,warren8@adventure-works.com,BC517FF4-213D-4F96-A8DF-660F81D4AA59,2013-08-09 00:00:00.000
4227,3422,cedric39@adventure-works.com,E6245E00-5E91-42C5-8DEC-6DEE5C4A42FA,2011-11-07 00:00:00.000
4228,3423,tommy15@adventure-works.com,A2AAFAB6-E11E-4500-8D8D-411C6E94768F,2013-11-22 00:00:00.000
4229,3424,edward26@adventure-works.com,A1A9FB42-5353-437F-BB34-34A789A63709,2011-06-02 00:00:00.000
4230,3425,tommy16@adventure-works.com,132DE509-BCC6-4670-9AEB-8C774280321B,2012-11-05 00:00:00.000
4231,3426,edward27@adventure-works.com,22748EDE-6F5E-498A-996A-3D6B02D50724,2013-08-19 00:00:00.000
4232,3427,tommy17@adventure-works.com,C899697C-99DE-4DB0-B11B-BFD004668E1F,2014-05-09 00:00:00.000
4233,3428,tommy18@adventure-works.com,22D6A724-7646-4401-B3D0-1DD421C764E0,2014-05-12 00:00:00.000
4234,3429,tommy19@adventure-works.com,DFC1BBC8-24C2-4BA5-98CF-6D1AD5349E6A,2013-10-17 00:00:00.000
4235,3430,edward28@adventure-works.com,4B6D2232-2CF3-4078-B27F-5F5099452925,2011-11-24 00:00:00.000
4236,3431,edward29@adventure-works.com,1AF30E84-D0D6-4EAE-9A9D-7E7385BCB554,2012-11-12 00:00:00.000
4237,3432,terrence1@adventure-works.com,AC5C45EB-EC13-4213-ACF8-FDCED8C738ED,2013-04-25 00:00:00.000
4238,3433,terrence2@adventure-works.com,9B25AD06-10A0-4107-897F-B46FB7B46646,2014-02-24 00:00:00.000
4239,3434,edward30@adventure-works.com,A65CD6A6-8403-41F5-A198-DBDB5144FA84,2014-03-28 00:00:00.000
4240,3435,edward31@adventure-works.com,513CCC8A-AF9E-4DF4-A025-8F1068825225,2013-07-27 00:00:00.000
4241,3436,edward32@adventure-works.com,A383AE1D-4285-4240-AC18-0F6657794617,2012-09-15 00:00:00.000
4242,3437,edward33@adventure-works.com,7BBF728F-B2AE-4F24-B314-7EC9E26D0844,2013-11-05 00:00:00.000
4243,3438,terrence3@adventure-works.com,18474AD7-14A8-4337-9FA9-4FE19172C208,2012-08-20 00:00:00.000
4244,3439,terrence4@adventure-works.com,7A1E2BAF-D8B7-46A7-92FE-413D636A31BC,2014-01-18 00:00:00.000
4245,3440,edward34@adventure-works.com,0C81B5F7-3D31-472E-B203-42FFC1B3A22A,2013-06-13 00:00:00.000
4246,3441,cedric40@adventure-works.com,EAF49BA7-7B3C-4C61-8311-32CEBEADE3CC,2013-11-08 00:00:00.000
4247,3442,terrence5@adventure-works.com,971E4622-D48E-4F9D-850E-1A320A0DF6E9,2013-07-27 00:00:00.000
4248,3443,edward35@adventure-works.com,779745E7-C6D8-4F7B-84CE-6B9AB0E6072D,2013-10-14 00:00:00.000
4249,3444,terrence6@adventure-works.com,711C165C-8CB5-4E44-A42F-4F2F8AA77C05,2013-11-24 00:00:00.000
4250,3445,edward36@adventure-works.com,329D66F9-9C2B-4A69-9873-33E13DBD9664,2012-08-27 00:00:00.000
4251,3446,edward37@adventure-works.com,3D1ADB5C-6676-4AFD-91A9-BB95EE7ABE02,2014-01-20 00:00:00.000
4252,3447,terrence7@adventure-works.com,25D86BC8-BB11-4C9B-BE9E-E62A9B5D9148,2012-12-25 00:00:00.000
4253,3448,edward38@adventure-works.com,9C3D56DA-51D2-4310-96F3-01792B83CB26,2012-08-13 00:00:00.000
4254,3449,edward39@adventure-works.com,D8675584-DDC4-4085-8CA6-A66CB7194354,2014-04-05 00:00:00.000
4255,3450,terrence8@adventure-works.com,70CBE028-3584-4AD0-AF5C-AE2B5F169324,2014-02-25 00:00:00.000
4256,3451,edward40@adventure-works.com,90FDC4EB-2F11-4EB5-A323-F3BA4FCEC511,2013-12-25 00:00:00.000
4257,3452,terrence9@adventure-works.com,D22E39F6-2FF4-4CCD-8EC9-530F5B1474E9,2011-08-18 00:00:00.000
4258,3453,edward41@adventure-works.com,7C2848D5-EC3A-4229-82FF-216DD53A21AC,2013-08-06 00:00:00.000
4259,3454,edward42@adventure-works.com,37E2C200-BDED-4428-B57A-A68C19DB6844,2013-08-11 00:00:00.000
4260,3455,terrence10@adventure-works.com,F13B6CB0-3B21-4117-80B6-293DC1C8C080,2014-01-13 00:00:00.000
4261,3456,edward43@adventure-works.com,B4C96AE3-C50F-4F7C-B0F8-882E422A956E,2012-03-04 00:00:00.000
4262,3457,terrence11@adventure-works.com,37289069-932F-424D-9236-1904005B7FF1,2013-07-24 00:00:00.000
4263,3458,edward44@adventure-works.com,6EAC35A1-8BEA-4F5F-B367-A16B57BEB011,2014-02-06 00:00:00.000
4264,3459,edward45@adventure-works.com,01F073C2-00D1-45D4-99E4-06BC4CE948A1,2013-09-01 00:00:00.000
4265,3460,edward46@adventure-works.com,1CFF9419-5E37-4D46-AB86-CDED32F50145,2014-03-28 00:00:00.000
4266,3461,terrence12@adventure-works.com,5B4787C6-41C7-44B4-A9A0-ADC519BC9115,2013-09-28 00:00:00.000
4267,3462,edward47@adventure-works.com,0A3DC961-5B72-4571-ADB7-FEEE9CC43428,2014-04-10 00:00:00.000
4268,3463,edward48@adventure-works.com,6A78152D-5C7A-4A18-A601-8D91B2CC60B4,2013-06-27 00:00:00.000
4269,3464,lucas0@adventure-works.com,FEF1CC8C-4008-446D-942F-5AAA23103F97,2013-11-17 00:00:00.000
4270,3465,terrence13@adventure-works.com,D90DE677-998E-468C-985E-EDA132515474,2014-05-27 00:00:00.000
4271,3466,lucas1@adventure-works.com,9DBF77C3-E343-4037-ACB3-8E9FCB9E383D,2014-01-04 00:00:00.000
4272,3467,alvin1@adventure-works.com,5179BCBD-5DEA-484B-A31B-1CFF8633361F,2013-12-04 00:00:00.000
4273,3468,terrence14@adventure-works.com,88B04F02-87A3-478B-9D85-5E0FDF5CDBF2,2011-10-12 00:00:00.000
4274,3469,terrence15@adventure-works.com,6A2DCC33-B323-45EC-97A2-224BDD9D9E6C,2011-10-10 00:00:00.000
4275,3470,lucas2@adventure-works.com,9B5B69A5-8788-4308-BA21-B8F4C5314C08,2013-11-19 00:00:00.000
4276,3471,lucas3@adventure-works.com,168D148F-1096-4E89-AAA2-54E55430FC8C,2011-07-31 00:00:00.000
4277,3472,lucas4@adventure-works.com,D5A6B85B-9315-460E-BC55-3C5AB2FC549C,2013-08-10 00:00:00.000
4278,3473,lucas5@adventure-works.com,4E19C352-E339-4DD1-BBA2-6FBA30074003,2013-09-01 00:00:00.000
4279,3474,terrence16@adventure-works.com,01E0478B-65E2-4DB3-9B29-48981B8D4F47,2012-07-13 00:00:00.000
4280,3475,lucas6@adventure-works.com,5DD2C47E-BB66-4D02-9841-6898D807DAE2,2013-10-01 00:00:00.000
4281,3476,lucas7@adventure-works.com,873E264E-0643-45EB-BDE3-358B096A2837,2013-06-06 00:00:00.000
4282,3477,terrence17@adventure-works.com,7E4F286B-6615-4EB5-B73D-859C45B834B6,2014-05-08 00:00:00.000
4283,3478,lucas8@adventure-works.com,94474003-D007-4EF7-A2A6-A896BBB51DFE,2014-04-17 00:00:00.000
4284,3479,terrence18@adventure-works.com,914ACD0D-0546-4976-89B3-6AC90A691026,2013-02-13 00:00:00.000
4285,3480,lucas9@adventure-works.com,5FF8CBD9-3C5A-490C-9F48-605EF515C5E3,2014-01-19 00:00:00.000
4286,3481,lucas10@adventure-works.com,DD364E6E-0F4F-4C80-9B6D-04A9E826E7AE,2014-05-23 00:00:00.000
4287,3482,terrence19@adventure-works.com,307C4F31-8B87-41F4-9C34-FAE6F5DFA261,2014-04-25 00:00:00.000
4288,3483,lucas11@adventure-works.com,2F50F7F0-0547-4ACB-B9E0-F0564813678B,2014-01-13 00:00:00.000
4289,3484,lucas12@adventure-works.com,BBD11696-C396-4736-B59F-3329A705F84C,2011-07-23 00:00:00.000
4290,3485,terrence20@adventure-works.com,D3FC3C91-1A5A-42AB-AAE5-F1450424E71C,2013-10-21 00:00:00.000
4291,3486,seth0@adventure-works.com,A0F3B0C0-D1D9-4145-8C23-0D13311375A7,2012-12-08 00:00:00.000
4292,3487,seth1@adventure-works.com,CA60B028-49F8-494D-AC1F-D5DD5A4E3FFB,2013-11-12 00:00:00.000
4293,3488,terrence21@adventure-works.com,996910BE-85A6-4B38-9DA1-7BCA6A95D44B,2013-09-07 00:00:00.000
4294,3489,terrence22@adventure-works.com,D1254CB5-7549-41B1-BCC8-5FC2B838EB12,2014-03-03 00:00:00.000
4295,3490,terrence23@adventure-works.com,9A94D074-0494-4C3E-A732-0E320E5099DC,2013-02-15 00:00:00.000
4296,3491,seth2@adventure-works.com,B66B99A6-6E04-4F44-AA67-77DD01AC1EF9,2012-03-29 00:00:00.000
4297,3492,seth3@adventure-works.com,EE3AA45B-E003-4FD6-9759-CEFD88EFF9C8,2014-03-20 00:00:00.000
4298,3493,alvin2@adventure-works.com,157C0727-8D83-4AD2-B59D-2E6570A76DEB,2014-05-11 00:00:00.000
4299,3494,devon0@adventure-works.com,65BAAB76-7B51-45B7-8173-14E1933B7D02,2012-02-01 00:00:00.000
4300,3495,devon1@adventure-works.com,1AA15115-0098-463F-A572-90774C93688D,2013-09-27 00:00:00.000
4301,3496,seth4@adventure-works.com,07439293-3E10-4B36-BBAC-E57F1F18F440,2012-01-25 00:00:00.000
4302,3497,devon2@adventure-works.com,D885F310-BAB8-47A0-B346-F38179F17895,2014-02-01 00:00:00.000
4303,3498,devon3@adventure-works.com,49B1ECAD-4F48-41B8-B6AB-6E2453BC5BEC,2014-03-17 00:00:00.000
4304,3499,seth5@adventure-works.com,FF9B87D6-AF6C-4044-B31B-AB1781DE18E5,2013-05-25 00:00:00.000
4305,3500,seth6@adventure-works.com,2CF5C62F-83EC-4F63-A378-7F520B78B630,2013-12-30 00:00:00.000
4306,3501,seth7@adventure-works.com,88052D2C-6DB5-4A8D-9B24-278345B40C66,2014-05-23 00:00:00.000
4307,3502,seth8@adventure-works.com,18B8183B-F021-4EA8-9BE6-48687086C71A,2014-04-13 00:00:00.000
4308,3503,devon4@adventure-works.com,937C5401-0C1E-4D9D-B3B7-A1160B1B10E6,2012-10-23 00:00:00.000
4309,3504,seth9@adventure-works.com,6110EB72-6841-4B24-BBB9-CA0669A592E4,2012-10-19 00:00:00.000
4310,3505,seth10@adventure-works.com,54F9FDAC-087A-4645-B3F7-D170FF6B5196,2013-08-27 00:00:00.000
4311,3506,seth11@adventure-works.com,FEAE79AB-84C9-43A1-8460-8500B3D43150,2013-06-30 00:00:00.000
4312,3507,devon5@adventure-works.com,E66CF46F-6538-4483-B1F7-47F806260213,2012-11-14 00:00:00.000
4313,3508,seth12@adventure-works.com,63C501D1-5019-43AF-A925-65B9A4E2ABD0,2012-01-02 00:00:00.000
4314,3509,devon6@adventure-works.com,79121E48-401C-42F7-845E-D56773391D12,2013-11-04 00:00:00.000
4315,3510,seth13@adventure-works.com,DB4D3942-018F-4856-AAA6-2518E34F0783,2014-01-08 00:00:00.000
4316,3511,alvin3@adventure-works.com,F5F473B1-58F8-4BCF-A50F-DBFD762D3A30,2014-06-07 00:00:00.000
4317,3512,devon7@adventure-works.com,BBC33352-ABD2-4269-96EF-5B52FA3050DE,2012-11-12 00:00:00.000
4318,3513,seth14@adventure-works.com,BF0A323B-6889-47DC-9A9E-42C3BC7055AA,2013-08-25 00:00:00.000
4319,3514,seth15@adventure-works.com,7EEBF5C4-523C-4100-9C70-2BBEC59B6042,2012-04-10 00:00:00.000
4320,3515,steven8@adventure-works.com,58AEBC6D-21E6-4D6D-842F-23F0144C4F52,2014-06-07 00:00:00.000
4321,3516,devon8@adventure-works.com,66C624C1-E34E-4B5D-975F-794C708801CA,2014-04-27 00:00:00.000
4322,3517,devon9@adventure-works.com,BBC8B7CC-1F93-4F76-8757-E39009505A60,2014-06-02 00:00:00.000
4323,3518,seth16@adventure-works.com,E41DA038-98D5-4EAE-8A96-C815F35EBE99,2013-11-09 00:00:00.000
4324,3519,devon10@adventure-works.com,7F1504FD-D23D-42FC-8F4D-E19693B73EF5,2012-07-26 00:00:00.000
4325,3520,devon11@adventure-works.com,4B8CBC24-DBDD-4619-8F2C-2691CDB6A845,2013-09-03 00:00:00.000
4326,3521,seth17@adventure-works.com,CC462F57-BB35-42D9-8AC5-8203A4639AF2,2014-05-23 00:00:00.000
4327,3522,seth18@adventure-works.com,48B5941F-14F0-44A6-A15C-15CADFE5DB6C,2013-08-31 00:00:00.000
4328,3523,devon12@adventure-works.com,AF071C6F-4BD1-4641-AE27-4DC350E190B6,2014-04-03 00:00:00.000
4329,3524,seth19@adventure-works.com,FEB0427F-443C-47AF-8AB0-4136DC707817,2012-08-01 00:00:00.000
4330,3525,seth20@adventure-works.com,7E3DFCA5-55D2-4072-BB3B-7500631AA195,2011-12-01 00:00:00.000
4331,3526,devon13@adventure-works.com,C4D5A87A-66BC-4C74-99F3-7E3847438261,2012-07-19 00:00:00.000
4332,3527,seth21@adventure-works.com,6145F539-B9EB-4C89-9727-B3AB89B0C910,2014-04-01 00:00:00.000
4333,3528,seth22@adventure-works.com,BACAB315-88CE-4659-9142-EE71D264094A,2014-02-13 00:00:00.000
4334,3529,seth23@adventure-works.com,F4440B3C-8D19-4377-BB56-312FBE59AD95,2013-11-09 00:00:00.000
4335,3530,devon14@adventure-works.com,59FC239A-832C-41B3-963D-C34F74CD75C7,2014-02-22 00:00:00.000
4336,3531,seth24@adventure-works.com,DDFDA86F-CAF2-4A4D-9854-DA3B788D020A,2014-02-17 00:00:00.000
4337,3532,devon15@adventure-works.com,9A9597FF-B2D8-48C1-AE62-11B25D340530,2013-10-19 00:00:00.000
4338,3533,seth25@adventure-works.com,963C85B2-DE7E-434A-AFAF-64D2C2B6004E,2014-01-07 00:00:00.000
4339,3534,seth26@adventure-works.com,3CBB2E84-914F-4B29-B638-900780033A9C,2014-05-01 00:00:00.000
4340,3535,seth27@adventure-works.com,2BE3B9A5-A11C-4F89-8049-354E2908386C,2013-10-30 00:00:00.000
4341,3536,alvin4@adventure-works.com,C0A41BA1-CE2D-4109-8F9B-F67598082412,2013-01-30 00:00:00.000
4342,3537,seth28@adventure-works.com,6ED14578-A72D-4330-9526-64801057CF6D,2014-05-22 00:00:00.000
4343,3538,seth29@adventure-works.com,704D26C5-A81E-4B15-B005-B35C69A7E766,2013-12-21 00:00:00.000
4344,3539,devon16@adventure-works.com,82CAACCE-B0F7-4419-A6CD-B103D5DD28E8,2012-10-29 00:00:00.000
4345,3540,devon17@adventure-works.com,7B53A990-82B3-4BC1-AAD8-1E40B66783FA,2013-07-12 00:00:00.000
4346,3541,seth30@adventure-works.com,3C28EC4E-476D-47F0-905B-F8E6168AA365,2013-10-04 00:00:00.000
4347,3542,seth31@adventure-works.com,EE501076-C4E1-4879-9083-83893D58C14D,2014-02-14 00:00:00.000
4348,3543,devon18@adventure-works.com,2DF9EB1B-82C2-46AB-BAED-85933E77C1ED,2014-04-04 00:00:00.000
4349,3544,seth32@adventure-works.com,3DCFE19B-DA65-4DE7-B41E-FB620D879C9D,2013-01-24 00:00:00.000
4350,3545,seth33@adventure-works.com,0092493A-07AF-40B7-BE2E-28A333AC5470,2014-03-06 00:00:00.000
4351,3546,melvin0@adventure-works.com,3187244B-E4BD-47F5-BC66-32B1E675DF78,2011-06-20 00:00:00.000
4352,3547,seth34@adventure-works.com,93E74ED2-5A54-4159-983A-6FA5615C974A,2014-04-02 00:00:00.000
4353,3548,melvin1@adventure-works.com,CC5EB493-AE6A-43CB-A8F4-EC073248BB00,2013-10-30 00:00:00.000
4354,3549,seth35@adventure-works.com,840C6517-6137-4816-9CF7-3168E69BFF41,2014-04-13 00:00:00.000
4355,3550,seth36@adventure-works.com,4A6721EA-9C43-4F3C-9913-97F66E5C60D6,2013-09-06 00:00:00.000
4356,3551,seth37@adventure-works.com,7658382A-0A84-4090-8A93-8B4A6EE51033,2014-06-11 00:00:00.000
4357,3552,seth38@adventure-works.com,94C62BCF-E6D9-4D5E-A626-79207E2C44E4,2012-03-06 00:00:00.000
4358,3553,melvin2@adventure-works.com,874CA261-5A0E-413D-8981-48BCFC72D372,2014-05-25 00:00:00.000
4359,3554,seth39@adventure-works.com,753CDFF7-4A17-4076-8894-052B0CC756FC,2013-12-25 00:00:00.000
4360,3555,melvin3@adventure-works.com,41132F97-544B-433C-AEAA-FFDE6EE9EA23,2014-03-13 00:00:00.000
4361,3556,seth40@adventure-works.com,6FD4C83B-34F1-4709-9A14-3A90471CE0FF,2013-08-12 00:00:00.000
4362,3557,seth41@adventure-works.com,D746E5AA-43F3-404C-A72F-F00B81D71142,2012-03-29 00:00:00.000
4363,3558,seth42@adventure-works.com,6FBEBDC2-083C-4460-B33D-5A5A876B3488,2012-02-15 00:00:00.000
4364,3559,melvin4@adventure-works.com,9E32B77A-9E3A-48F7-B002-78808A52EEC1,2013-07-05 00:00:00.000
4365,3560,seth43@adventure-works.com,DC2E3FF7-912E-45FA-899A-C0DA75616DE5,2011-12-12 00:00:00.000
4366,3561,seth44@adventure-works.com,E96C1879-067F-4192-8C59-23B195DB57FF,2013-07-06 00:00:00.000
4367,3562,alvin5@adventure-works.com,9E866226-5621-43B1-A1A0-63386794565D,2013-07-15 00:00:00.000
4368,3563,melvin5@adventure-works.com,BBD0381F-3DD8-4E2C-92CF-CA2D311748C4,2014-02-26 00:00:00.000
4369,3564,melvin6@adventure-works.com,FF73AFFA-6D49-4096-9E2F-3BD0F0ABDA43,2013-04-26 00:00:00.000
4370,3565,seth45@adventure-works.com,DB99517F-2308-4C36-8340-B3C0E20AED3C,2011-11-11 00:00:00.000
4371,3566,melvin7@adventure-works.com,3278883C-2AC5-40EC-B01B-B037480EB098,2014-01-19 00:00:00.000
4372,3567,melvin8@adventure-works.com,BFE49074-1EBE-490D-B9BF-A9F7F32B7CFE,2014-05-21 00:00:00.000
4373,3568,seth46@adventure-works.com,6DFE49D5-B306-4304-9C28-02BAD5A8C782,2013-07-20 00:00:00.000
4374,3569,seth47@adventure-works.com,7A2B4C00-B282-4D94-9791-838EE1262FCC,2014-01-17 00:00:00.000
4375,3570,xavier0@adventure-works.com,FFFDEA1B-FC55-440B-96DB-4272E1843E20,2014-05-02 00:00:00.000
4376,3571,xavier1@adventure-works.com,548DADD7-F69F-4F25-888B-13305477D9BB,2013-07-25 00:00:00.000
4377,3572,melvin9@adventure-works.com,C7B35436-B19B-4854-8CC4-32CBDD9424A6,2014-03-10 00:00:00.000
4378,3573,xavier2@adventure-works.com,A874933B-0CA1-46B9-BC4A-646A2F479EF3,2013-07-20 00:00:00.000
4379,3574,xavier3@adventure-works.com,C1EDE245-5A00-4117-A545-6AAC49B50774,2013-10-06 00:00:00.000
4380,3575,melvin10@adventure-works.com,8BC414A3-1932-45E1-AA29-B7BA2529A8AE,2013-12-16 00:00:00.000
4381,3576,xavier4@adventure-works.com,4C3CD3C6-A695-449A-9CCF-2770DA23928D,2011-11-22 00:00:00.000
4382,3577,melvin11@adventure-works.com,B5926F04-6008-4BEE-B3D9-6335F9CE3F97,2011-11-28 00:00:00.000
4383,3578,xavier5@adventure-works.com,51A690A4-D410-426F-BCFB-518E3913B522,2013-09-21 00:00:00.000
4384,3579,bharat0@adventure-works.com,99DB31C1-9E1E-4DDF-AFCD-4D8991BE9EB7,2014-03-11 00:00:00.000
4385,3580,xavier6@adventure-works.com,F27E0163-D3C8-46A7-A47C-221060F0A8FA,2012-06-01 00:00:00.000
4386,3581,alvin6@adventure-works.com,74CBB81D-6140-4585-989A-D7A21EF63BDC,2013-12-07 00:00:00.000
4387,3582,melvin12@adventure-works.com,2F325888-D84D-47EF-B01B-83ADAC69252A,2013-09-16 00:00:00.000
4388,3583,osarumwense0@adventure-works.com,24F69F7B-EC64-4E53-A0C6-15FB67C2B3D8,2013-11-30 00:00:00.000
4389,3584,xavier7@adventure-works.com,8BF31848-350B-45D7-9695-50BE0C59A9E8,2013-01-14 00:00:00.000
4390,3585,xavier8@adventure-works.com,0A68AC6D-0D7C-4C6A-8612-6D68D6E7655D,2013-11-29 00:00:00.000
4391,3586,xavier9@adventure-works.com,F815C622-4A91-45E5-B06A-3250DCF127DD,2014-03-18 00:00:00.000
4392,3587,melvin13@adventure-works.com,175E00CE-E3AC-469F-B52D-45EAB46CA424,2011-12-21 00:00:00.000
4393,3588,xavier10@adventure-works.com,AC29A0B0-08F9-4F53-99C4-BB4E0568E515,2013-08-24 00:00:00.000
4394,3589,xavier11@adventure-works.com,63CDDCF5-67B1-4D22-ADA2-9F70F126AD93,2011-09-11 00:00:00.000
4395,3590,xavier12@adventure-works.com,735CC557-D45F-4C3F-B5A0-BC8EA3E7B5F1,2011-10-18 00:00:00.000
4396,3591,melvin14@adventure-works.com,5373262D-4BFC-491A-8EE5-396ED22A1258,2013-03-03 00:00:00.000
4397,3592,xavier13@adventure-works.com,9F467EC1-7D92-4304-8C2E-D7045A935AD7,2014-03-05 00:00:00.000
4398,3593,xavier14@adventure-works.com,C0FE09A9-3DB7-4899-90E3-A6F0700382CB,2014-02-25 00:00:00.000
4399,3594,melvin15@adventure-works.com,716C075B-69E0-4AA9-A92B-D270A3793EB5,2014-04-07 00:00:00.000
4400,3595,xavier15@adventure-works.com,97C535F7-B253-4EED-9223-8889FD99B428,2014-02-10 00:00:00.000
4401,3596,xavier16@adventure-works.com,D32838EB-C9F2-40C8-A75A-68558887D186,2014-06-18 00:00:00.000
4402,3597,xavier17@adventure-works.com,A851F41B-2697-46C4-ADD8-336CD8FC9381,2013-07-12 00:00:00.000
4403,3598,melvin16@adventure-works.com,7E85233D-F74D-466E-AF1A-79603B8AE965,2013-05-27 00:00:00.000
4404,3599,melvin17@adventure-works.com,2D3F6A36-440E-4018-952D-C90BE3A21E78,2014-05-09 00:00:00.000
4405,3600,melvin18@adventure-works.com,8971171C-370C-4C53-B502-F188ADEB22FF,2014-03-03 00:00:00.000
4406,3601,melvin19@adventure-works.com,F430092B-ED0B-49FE-9B38-C452386E0313,2013-08-05 00:00:00.000
4407,3602,xavier18@adventure-works.com,5C82A30D-5DB1-4658-A532-8B64912BEE26,2014-04-07 00:00:00.000
4408,3603,melvin20@adventure-works.com,6675949A-615F-4527-8165-21B62765CB8F,2014-06-09 00:00:00.000
4409,3604,xavier19@adventure-works.com,691911C5-B60F-4555-A9A1-B8397479719F,2011-07-12 00:00:00.000
4410,3605,xavier20@adventure-works.com,57F77B13-5772-476E-8178-11FE280AD2E3,2014-04-25 00:00:00.000
4411,3606,melvin21@adventure-works.com,11473598-AC6C-4400-8ADF-2C632FD92EA8,2013-11-03 00:00:00.000
4412,3607,xavier21@adventure-works.com,887A30B5-CE5D-4147-9D8B-2AB4B8E8A763,2013-08-04 00:00:00.000
4413,3608,xavier22@adventure-works.com,8832DB69-ABA1-4119-8A20-A9053C16C996,2013-09-04 00:00:00.000
4414,3609,alvin7@adventure-works.com,767144D6-9CD2-4236-B0CF-E7AECE9E4AAF,2014-01-02 00:00:00.000
4415,3610,nina0@adventure-works.com,10297813-926A-404C-BF8C-3285A7556908,2012-11-05 00:00:00.000
4416,3611,xavier23@adventure-works.com,19F2DFCD-0731-46D2-BA21-DC47C5FFE636,2013-02-08 00:00:00.000
4417,3612,nina1@adventure-works.com,BDFD2025-BB1E-45C1-8AB2-A25A7B1EAB35,2011-10-17 00:00:00.000
4418,3613,xavier24@adventure-works.com,F69FF2EC-041F-408E-9F06-E376274C23C6,2014-04-23 00:00:00.000
4419,3614,xavier25@adventure-works.com,816B0421-C4A0-4F5F-B73B-E349DE05A7BE,2014-03-23 00:00:00.000
4420,3615,nina2@adventure-works.com,9AB0D5BE-EAFA-4498-8CF8-9B09EB9AB5AA,2013-11-24 00:00:00.000
4421,3616,george5@adventure-works.com,DC162780-DE02-45C7-97B7-6F94DFF35235,2012-10-11 00:00:00.000
4422,3617,xavier26@adventure-works.com,8788D57C-D969-419A-8D64-3C0AD5334BE4,2013-10-21 00:00:00.000
4423,3618,nina3@adventure-works.com,06B921AB-BD85-4659-9B8D-1DBADAD6F472,2013-12-05 00:00:00.000
4424,3619,xavier27@adventure-works.com,2AF8DC02-CB40-4AA8-9A87-E8B8DAAB4420,2014-05-09 00:00:00.000
4425,3620,nina4@adventure-works.com,10599640-4771-448E-80CD-83D78D606DFA,2013-05-20 00:00:00.000
4426,3621,nina5@adventure-works.com,F51BE6B5-6692-4CEB-B145-A73A08A3DC02,2013-10-25 00:00:00.000
4427,3622,xavier28@adventure-works.com,6917C910-DE59-413D-8953-1D531D1827AD,2013-11-13 00:00:00.000
4428,3623,nina6@adventure-works.com,45FD28FD-107A-4BA6-8F83-24CC2E3D184C,2014-02-18 00:00:00.000
4429,3624,xavier29@adventure-works.com,B2048976-1C1F-4C90-86B7-2D530D11725F,2013-10-19 00:00:00.000
4430,3625,xavier30@adventure-works.com,67197C36-36A2-41F6-8192-C1F6314CF81C,2014-05-27 00:00:00.000
4431,3626,nina7@adventure-works.com,F056A6E4-EA7F-4FD2-BF80-6554ADB5CD29,2012-01-30 00:00:00.000
4432,3627,xavier31@adventure-works.com,73952F1D-4919-469D-A852-C356DE0FEA98,2014-06-19 00:00:00.000
4433,3628,nina8@adventure-works.com,C12105C6-48E0-4EF8-9DEB-DEDF0A00DA67,2013-04-11 00:00:00.000
4434,3629,xavier32@adventure-works.com,403D3A80-1B3B-473F-8887-A4AAA14F3DE0,2013-12-08 00:00:00.000
4435,3630,xavier33@adventure-works.com,5638C616-5B37-483D-AC54-A995E9DD0ED0,2013-07-17 00:00:00.000
4436,3631,xavier34@adventure-works.com,B8533543-F4F4-4D90-BB12-F3B245C19B2E,2013-01-29 00:00:00.000
4437,3632,xavier35@adventure-works.com,8A8BF7EA-D469-49E4-B9A4-F8201889D74C,2013-10-31 00:00:00.000
4438,3633,xavier36@adventure-works.com,4352FCF6-EF27-457B-ACA7-38C7490B83A1,2011-07-30 00:00:00.000
4439,3634,nina9@adventure-works.com,4A77BA66-5BCD-435C-85EA-52CE47BFAD5C,2013-02-01 00:00:00.000
4440,3635,xavier37@adventure-works.com,4090E75E-7280-452E-BD38-6636F434E621,2013-01-18 00:00:00.000
4441,3636,nina10@adventure-works.com,0245F27D-796F-4D68-9B1B-41BE3C8D6722,2013-09-14 00:00:00.000
4442,3637,xavier38@adventure-works.com,6B4F7DDC-DC7E-4E6E-9569-A5770AE29FA3,2014-02-12 00:00:00.000
4443,3638,xavier39@adventure-works.com,92B5AB51-48A6-4DDC-8A37-D1A89ED3F034,2013-07-08 00:00:00.000
4444,3639,nina11@adventure-works.com,85D30569-4686-460C-8E2A-0DBA46812A53,2013-07-26 00:00:00.000
4445,3640,nina12@adventure-works.com,613EE633-5541-473C-8063-B60E499FF06B,2014-03-11 00:00:00.000
4446,3641,nina13@adventure-works.com,5C3FC032-8370-4BB9-B263-5B0B0FC9D9E7,2011-11-04 00:00:00.000
4447,3642,xavier40@adventure-works.com,653506FA-E965-4287-BBB0-CA8DF8EBA06E,2013-12-11 00:00:00.000
4448,3643,nina14@adventure-works.com,ABD74EFB-376D-4D91-A729-F032A362F38B,2014-06-23 00:00:00.000
4449,3644,xavier41@adventure-works.com,696379B1-B3F2-4079-A809-417982EF107B,2013-03-19 00:00:00.000
4450,3645,xavier42@adventure-works.com,9FBAD951-0655-4CFE-97D8-0506CAE5E8C1,2014-04-04 00:00:00.000
4451,3646,nina15@adventure-works.com,80F7A790-5B77-44AB-823C-72C7F0494118,2012-08-10 00:00:00.000
4452,3647,nina16@adventure-works.com,754C2955-08D2-4979-A3A3-EDB72FD42F1D,2013-10-08 00:00:00.000
4453,3648,dalton0@adventure-works.com,AA3CE5AA-BD89-426C-9C82-779B34B85107,2013-10-21 00:00:00.000
4454,3649,dalton1@adventure-works.com,6F57B674-11ED-4DC2-8007-2B013F8CEC4C,2013-11-03 00:00:00.000
4455,3650,dalton2@adventure-works.com,D132829D-8C25-4522-A678-3DB815487179,2014-01-08 00:00:00.000
4456,3651,nina17@adventure-works.com,96D59386-6429-442B-8E44-DE1332B96498,2014-03-07 00:00:00.000
4457,3652,dalton3@adventure-works.com,B9736249-306E-4472-BE46-7E577DDCFCB1,2014-04-29 00:00:00.000
4458,3653,dalton4@adventure-works.com,521C9ABC-74B2-4301-873E-B408FEFB6AB4,2011-07-18 00:00:00.000
4459,3654,dalton5@adventure-works.com,DF24ADA6-460C-45A4-9FA1-9295409F484D,2012-11-25 00:00:00.000
4460,3655,dalton6@adventure-works.com,B7452982-E6A9-4F92-B9E4-E51B185D48D8,2014-03-11 00:00:00.000
4461,3656,warren9@adventure-works.com,83F68178-4E85-4280-9184-880D3883355B,2011-07-26 00:00:00.000
4462,3657,alvin8@adventure-works.com,BB812470-74B5-4123-A4CC-BACF5D7C5FEC,2013-09-28 00:00:00.000
4463,3658,nina18@adventure-works.com,14150165-A0D1-4E36-8826-FF1601697A0B,2013-12-16 00:00:00.000
4464,3659,nina19@adventure-works.com,BC0BE9E0-23AA-483C-B13F-0BD7FEC6756A,2012-06-18 00:00:00.000
4465,3660,dalton7@adventure-works.com,5B8EBEE9-9913-401D-9243-7AF809789947,2013-11-27 00:00:00.000
4466,3661,dalton8@adventure-works.com,98F47B39-3BE4-43B9-B8E4-DDAFE4B2317B,2012-11-05 00:00:00.000
4467,3662,dalton9@adventure-works.com,0FE80E80-A77E-4793-9128-5C58F35D3061,2013-02-18 00:00:00.000
4468,3663,dalton10@adventure-works.com,485F171E-CDAC-4E58-8769-FCF39BBAC20A,2014-05-08 00:00:00.000
4469,3664,dalton11@adventure-works.com,80E76E12-692F-4B32-B8AA-02FC8F7588C1,2014-05-15 00:00:00.000
4470,3665,nina20@adventure-works.com,D1564AAB-F1AC-468C-B883-A3C82F33DB5C,2013-02-13 00:00:00.000
4471,3666,dalton12@adventure-works.com,9540727E-FB88-4238-9B85-123008EB03EC,2013-12-28 00:00:00.000
4472,3667,nina21@adventure-works.com,B569FDE1-24A7-4C8A-A91F-0B4A686DE4E8,2013-12-17 00:00:00.000
4473,3668,dalton13@adventure-works.com,1AB8F8D5-4C94-4E96-97D8-81ACE6B40C8A,2013-08-01 00:00:00.000
4474,3669,niñia0@adventure-works.com,24A964A8-6F5F-4107-86C9-DA432498A67F,2012-02-27 00:00:00.000
4475,3670,dalton14@adventure-works.com,93937781-B95A-4C90-9E1E-DD25801A6C14,2014-05-24 00:00:00.000
4476,3671,dalton15@adventure-works.com,55A12982-6C2E-4328-B0FB-75BCD69C2ACA,2011-12-25 00:00:00.000
4477,3672,carly0@adventure-works.com,1F149784-E6C5-44C5-A37F-C402AF2D25DF,2014-01-29 00:00:00.000
4478,3673,dalton16@adventure-works.com,92143CCC-64F3-494B-90E9-88004CFFE77D,2014-02-19 00:00:00.000
4479,3674,dalton17@adventure-works.com,66E0F597-94E2-4824-9E68-22FD6FADE84A,2013-11-24 00:00:00.000
4480,3675,dalton18@adventure-works.com,A7249144-6D04-4867-8378-C7A18BDD625E,2014-02-25 00:00:00.000
4481,3676,carly1@adventure-works.com,E84C130E-E8CC-4B02-94A4-D8E013033FB6,2013-11-27 00:00:00.000
4482,3677,dalton19@adventure-works.com,9367B273-3F3F-4775-AFD8-92446A485D24,2014-03-24 00:00:00.000
4483,3678,dalton20@adventure-works.com,D7594C51-23A9-4C5A-BB33-B909CE0CACB3,2014-02-28 00:00:00.000
4484,3679,carly2@adventure-works.com,FD4E699F-6FCB-4B03-9109-05D90293D089,2013-04-04 00:00:00.000
4485,3680,dalton21@adventure-works.com,DB70F752-C8B5-410C-A070-A40313463670,2011-07-21 00:00:00.000
4486,3681,carly3@adventure-works.com,29B03900-AAA2-46CF-83F9-28B123B7948B,2014-04-04 00:00:00.000
4487,3682,dalton22@adventure-works.com,6D0E355C-3CCD-4070-B7A5-0B4934827C0A,2013-10-29 00:00:00.000
4488,3683,dalton23@adventure-works.com,A452B3C1-5146-4305-A3CE-5A67AC607402,2013-12-06 00:00:00.000
4489,3684,carly4@adventure-works.com,4ED910BB-421E-4E09-B89D-E0CD229DD142,2011-11-12 00:00:00.000
4490,3685,dalton24@adventure-works.com,25ECAC88-0E65-42ED-8E24-69C64F811719,2014-04-23 00:00:00.000
4491,3686,carly5@adventure-works.com,9DB6993B-4211-45EE-995C-BD5FB14F598B,2014-01-27 00:00:00.000
4492,3687,dalton25@adventure-works.com,2213596C-0AD8-4669-A200-0B7CE526A062,2013-11-21 00:00:00.000
4493,3688,carly6@adventure-works.com,12E2CB76-E531-4081-BCA8-B37AE3DEAF30,2013-09-16 00:00:00.000
4494,3689,carly7@adventure-works.com,A8BA6D22-7A89-4C74-A860-23723FF3FE38,2014-04-04 00:00:00.000
4495,3690,dalton26@adventure-works.com,D2837FAC-D72A-4D51-A8C0-B77332EAD9CF,2013-11-11 00:00:00.000
4496,3691,carly8@adventure-works.com,54783E26-3245-4C1C-BBE6-4BBC10C3D810,2013-08-25 00:00:00.000
4497,3692,dalton27@adventure-works.com,8A1AED0A-54CB-4D3E-88D8-BBFE7722FC91,2014-02-18 00:00:00.000
4498,3693,dalton28@adventure-works.com,D6357F37-1C21-4390-9DE3-542568EA6F5D,2013-10-05 00:00:00.000
4499,3694,carly9@adventure-works.com,10763D0D-F28B-4437-ACED-CD4BFE2A20FF,2014-06-11 00:00:00.000
4500,3695,dalton29@adventure-works.com,BD9BDFD8-B8CF-4565-AE09-DE5084D6B8BC,2011-12-11 00:00:00.000
4501,3696,dalton30@adventure-works.com,3E57CAA7-8BC6-4AD0-A963-AACB57F13156,2014-01-16 00:00:00.000
4502,3697,carly10@adventure-works.com,855EBE00-8D83-4CB4-93CB-E83DF4F5647B,2014-05-06 00:00:00.000
4503,3698,dalton31@adventure-works.com,66BA8EA2-8036-4A5B-8B15-74B361436D22,2014-04-09 00:00:00.000
4504,3699,dalton32@adventure-works.com,27E0CFFA-E0EA-47DF-921A-5AD1772271D5,2014-01-07 00:00:00.000
4505,3700,carly11@adventure-works.com,B5DED138-E864-49CB-93D0-BE1B0C5BC4BE,2012-11-21 00:00:00.000
4506,3701,dalton33@adventure-works.com,F0303855-5B33-48B6-9E17-C48D75FE7BF4,2014-05-17 00:00:00.000
4507,3702,dalton34@adventure-works.com,ED91CCB0-399D-4D7B-B819-0BD4A863F224,2014-01-04 00:00:00.000
4508,3703,carly12@adventure-works.com,B2C5E532-4C6B-4C1F-9559-4B0A52385AF3,2014-02-04 00:00:00.000
4509,3704,dalton35@adventure-works.com,C79B97AB-A0C8-4E6D-8DD3-DD8A8656EED2,2013-11-19 00:00:00.000
4510,3705,dalton36@adventure-works.com,EFEAA8AB-8A31-4A68-A36B-779DB00F26A3,2013-06-10 00:00:00.000
4511,3706,alvin9@adventure-works.com,33A784FE-A674-43F9-A036-041E1F8B597A,2013-03-31 00:00:00.000
4512,3707,carly13@adventure-works.com,D0AD1E12-0A40-4F48-82D0-599DFF99C255,2013-04-25 00:00:00.000
4513,3708,carly14@adventure-works.com,B15B2C92-1419-44B2-81F0-B9615B88D7E1,2013-11-24 00:00:00.000
4514,3709,carly15@adventure-works.com,859E4072-AC50-410D-B910-5249FFAD9457,2013-08-08 00:00:00.000
4515,3710,dalton37@adventure-works.com,F9F7645D-7CA4-474A-8506-AACC04D87C5E,2013-07-01 00:00:00.000
4516,3711,carly16@adventure-works.com,C4F53D9D-A257-4B28-82DC-7310438E65FA,2011-08-19 00:00:00.000
4517,3712,dalton38@adventure-works.com,CFC561CB-FDEE-4952-902E-31C6D5DED0BC,2014-04-20 00:00:00.000
4518,3713,dalton39@adventure-works.com,AFDA6034-1C53-420D-8A8E-A81D322B0256,2013-12-26 00:00:00.000
4519,3714,dalton40@adventure-works.com,ED3B45B4-9B03-4829-954D-92DB17509655,2014-02-24 00:00:00.000
4520,3715,carly17@adventure-works.com,A9FC5951-7284-4EFA-A4FB-EC53A567D50B,2012-08-31 00:00:00.000
4521,3716,dalton41@adventure-works.com,34942C32-EDA5-4322-9499-FD432C8C37EA,2014-03-14 00:00:00.000
4522,3717,dalton42@adventure-works.com,1AA36669-75E4-49E3-ABF7-60190FAEBE5E,2012-06-20 00:00:00.000
4523,3718,carly18@adventure-works.com,E465A803-2839-4E3A-AA75-1CD3827CDFAB,2013-11-10 00:00:00.000
4524,3719,carly19@adventure-works.com,8F3934B8-4A17-4568-B79D-7CA5167901E3,2013-09-20 00:00:00.000
4525,3720,dalton43@adventure-works.com,0531544D-08A6-4F0A-BDE3-B104810285AD,2013-08-17 00:00:00.000
4526,3721,carly20@adventure-works.com,8C3D88F7-1BE3-4C54-9A42-85C8D07EFE4B,2012-03-27 00:00:00.000
4527,3722,dalton44@adventure-works.com,F43F6960-86FA-492C-A9CF-F248CAD3E1DB,2012-04-13 00:00:00.000
4528,3723,dalton45@adventure-works.com,16FC8A99-DC30-4E2D-B695-A6B9D6D983A9,2013-01-26 00:00:00.000
4529,3724,jeremiah24@adventure-works.com,CAA4D20E-3058-41AD-A59A-BA8907FCFA25,2013-08-24 00:00:00.000
4530,3725,alvin10@adventure-works.com,7A7A9980-5921-4685-B8F3-F686F9B58E4E,2014-06-13 00:00:00.000
4531,3726,mindy4@adventure-works.com,D7969B6E-5191-490A-8696-7CCC4D984904,2014-02-17 00:00:00.000
4532,3727,jeremiah25@adventure-works.com,FA0A13DD-F2E9-4A65-9069-B2A30E3B08BD,2013-07-04 00:00:00.000
4533,3728,mindy5@adventure-works.com,A67F96D1-D7A0-42D8-94E7-F9A2251EC705,2013-12-23 00:00:00.000
4534,3729,jeremiah26@adventure-works.com,EC10ADE5-C1DE-430C-920E-6A372DF352C5,2014-04-30 00:00:00.000
4535,3730,mindy6@adventure-works.com,00550047-6AE7-4CC0-ADCB-0B4D69B7021D,2012-07-13 00:00:00.000
4536,3731,jeremy20@adventure-works.com,25BE78E0-C2A0-42F2-9B10-94BEE3EEF4BB,2014-02-22 00:00:00.000
4537,3732,mindy7@adventure-works.com,C0ACF576-1258-4419-8BE0-E3DCB928E1C0,2014-06-18 00:00:00.000
4538,3733,mindy8@adventure-works.com,9AD2990A-05B2-4DBE-B591-A59AEACFCE29,2013-10-04 00:00:00.000
4539,3734,richard9@adventure-works.com,28003255-191F-459B-AB42-BC3BD84A17EE,2014-06-16 00:00:00.000
4540,3735,richard10@adventure-works.com,BBA15639-C300-4461-A73B-0A542FF26D90,2012-01-05 00:00:00.000
4541,3736,mindy9@adventure-works.com,0D88C72D-050D-4F79-A875-97C49DDDB359,2012-03-01 00:00:00.000
4542,3737,richard11@adventure-works.com,4DCE3BE1-BB31-4034-B6D5-17F9E9710D42,2014-02-26 00:00:00.000
4543,3738,mindy10@adventure-works.com,E7ABD111-EEB0-4A98-A298-CD88F67AEC6E,2014-06-15 00:00:00.000
4544,3739,mindy11@adventure-works.com,FB656849-9D36-489D-9EAF-6DC3701400F4,2013-11-11 00:00:00.000
4545,3740,richard12@adventure-works.com,65FCC3C3-9B8E-4826-A75C-A7CF16B5B957,2012-11-16 00:00:00.000
4546,3741,mindy12@adventure-works.com,892ED816-FDED-4D09-A58E-049514093A22,2012-09-28 00:00:00.000
4547,3742,mindy13@adventure-works.com,D79DE519-2C01-4E46-ACEE-90B4E3E489C3,2014-04-02 00:00:00.000
4548,3743,alvin11@adventure-works.com,5319388A-D014-41E5-99A6-39CB0A79046F,2012-11-09 00:00:00.000
4549,3744,mindy14@adventure-works.com,3A747980-6544-4F1D-B6AF-387999659221,2013-07-26 00:00:00.000
4550,3745,mindy15@adventure-works.com,F9013D1B-D081-42A5-A7EF-4FF3C8870259,2014-06-01 00:00:00.000
4551,3746,richard13@adventure-works.com,D34D5583-EBA1-4334-9CB4-BF4C2934B401,2013-08-14 00:00:00.000
4552,3747,mindy16@adventure-works.com,4AF27B49-BCEE-41A9-8833-D32E59A9FBE9,2012-05-18 00:00:00.000
4553,3748,richard14@adventure-works.com,E6332AF3-3C8D-48C5-9022-323BDC3D7B1A,2013-10-15 00:00:00.000
4554,3749,richard15@adventure-works.com,B0C42865-0EA1-4F6E-872C-0CFB8FC8EFC3,2014-04-15 00:00:00.000
4555,3750,mindy17@adventure-works.com,C14A828F-C4F9-4023-8733-A1C25454F92C,2013-11-22 00:00:00.000
4556,3751,richard16@adventure-works.com,58F2AE22-27FD-4717-B5DF-184829471E97,2013-02-09 00:00:00.000
4557,3752,richard17@adventure-works.com,C5C6B60D-4B63-48BF-AD11-0CEEB4EE0464,2013-11-27 00:00:00.000
4558,3753,mindy18@adventure-works.com,1F8A3D3B-6FC6-40DA-BF70-60F95DDA4FBF,2013-11-18 00:00:00.000
4559,3754,richard18@adventure-works.com,F9A512F9-0845-44C6-BD0F-1C2557AB15D8,2014-03-18 00:00:00.000
4560,3755,richard19@adventure-works.com,7A7E018E-46BB-42C9-93C5-FCCE6E59204E,2014-04-25 00:00:00.000
4561,3756,mindy19@adventure-works.com,334072F9-817B-464F-8ADF-82C9F94CA405,2013-05-20 00:00:00.000
4562,3757,mindy20@adventure-works.com,9D26A64B-D7C6-4A45-B5AF-9FCA6B3DF1DA,2013-04-07 00:00:00.000
4563,3758,richard20@adventure-works.com,978ADA3F-48D3-401F-B087-59CD2071E123,2014-03-28 00:00:00.000
4564,3759,mindy21@adventure-works.com,3FC55232-5CEB-4EBE-88BD-620DB378E50B,2014-05-27 00:00:00.000
4565,3760,mindy22@adventure-works.com,1076CE92-D221-4643-AA64-830106A32FBB,2013-11-10 00:00:00.000
4566,3761,richard21@adventure-works.com,A47A605E-4E12-4828-AFFC-F7BE72F28AA6,2013-10-01 00:00:00.000
4567,3762,alvin12@adventure-works.com,194CAF61-F3B3-40B3-8C28-4645A4335EDD,2013-02-13 00:00:00.000
4568,3763,mindy23@adventure-works.com,4E0C1E93-4D2C-4531-9F75-25188973DE73,2013-11-07 00:00:00.000
4569,3764,richard22@adventure-works.com,4FDB6133-870F-4394-904B-BFB55A385CB1,2014-05-06 00:00:00.000
4570,3765,richard23@adventure-works.com,810656C2-D493-4D16-B893-1E0D65E8DE68,2014-05-19 00:00:00.000
4571,3766,mindy24@adventure-works.com,2F898086-1EAA-47A3-8385-8034642F2556,2013-05-23 00:00:00.000
4572,3767,mindy25@adventure-works.com,55ABBC1C-271F-4816-9510-C80A9DB016E4,2011-11-12 00:00:00.000
4573,3768,richard24@adventure-works.com,4578D59F-E209-432D-8531-9723CE78BE54,2013-12-07 00:00:00.000
4574,3769,mindy26@adventure-works.com,C332B569-15AE-433B-ADA6-F38120D0395A,2012-09-12 00:00:00.000
4575,3770,richard25@adventure-works.com,BE115A7C-DB60-4445-B58D-F6DAB63E6075,2013-09-23 00:00:00.000
4576,3771,kate0@adventure-works.com,CB65CF92-CF10-4843-8804-BC468768AFF7,2014-03-17 00:00:00.000
4577,3772,richard26@adventure-works.com,18056849-657F-4A22-9D5F-B111D4F4D47A,2013-10-07 00:00:00.000
4578,3773,richard27@adventure-works.com,F2AA9727-2C5F-43D0-91D7-3A11653826B7,2013-03-21 00:00:00.000
4579,3774,kate1@adventure-works.com,9AB00634-70F6-4C64-B1D3-99A0F13D9D0D,2013-04-10 00:00:00.000
4580,3775,richard28@adventure-works.com,C2ED5F71-1C0C-48D3-BAE9-1FACE3C6664B,2013-06-15 00:00:00.000
4581,3776,richard29@adventure-works.com,566E3CC5-EE13-46EA-887A-1482ABB2027B,2014-01-01 00:00:00.000
4582,3777,richard30@adventure-works.com,7060BAE6-8648-409C-9673-D751A4BBA726,2014-05-04 00:00:00.000
4583,3778,kate2@adventure-works.com,B937D428-85AD-4B64-9EFE-1C5458580E36,2014-06-30 00:00:00.000
4584,3779,richard31@adventure-works.com,AD339F36-34FE-417B-AAC4-1BD479759D60,2011-11-05 00:00:00.000
4585,3780,richard32@adventure-works.com,C713DC38-73C9-4A5D-A9E8-8B2AC4FECD2A,2013-08-10 00:00:00.000
4586,3781,kate3@adventure-works.com,7F85737C-2325-4545-B401-83B8DD8CE27D,2013-06-18 00:00:00.000
4587,3782,richard33@adventure-works.com,CDFD12ED-3844-49E2-96B7-563CFD5CD1F3,2014-06-21 00:00:00.000
4588,3783,richard34@adventure-works.com,92B531AC-39BA-4242-8247-11778B574CF6,2013-12-14 00:00:00.000
4589,3784,alvin13@adventure-works.com,E856B3F8-2746-4143-AA55-104808928F64,2011-10-30 00:00:00.000
4590,3785,kate4@adventure-works.com,8FF679C5-7C1C-47DF-B50C-BDBA0E061B18,2013-09-29 00:00:00.000
4591,3786,richard35@adventure-works.com,E9EC2B2E-7D0A-4D5D-99A1-F92DFCF26D54,2013-09-28 00:00:00.000
4592,3787,richard36@adventure-works.com,FEE5032D-3D80-4A9D-BE17-2F4379482838,2011-12-04 00:00:00.000
4593,3788,richard37@adventure-works.com,D8BAFB2B-7E84-49DF-A24C-1E0FB0225E91,2013-09-13 00:00:00.000
4594,3789,richard38@adventure-works.com,2EC5F2A6-0044-4ACF-AAC8-706C2CFE2B80,2014-04-22 00:00:00.000
4595,3790,kate5@adventure-works.com,1F4F2495-682E-4C6C-BFCB-51C5CA140E87,2013-07-25 00:00:00.000
4596,3791,kate6@adventure-works.com,0DAD2374-E6A8-4152-ADEC-7039DCAA29BF,2014-03-15 00:00:00.000
4597,3792,richard39@adventure-works.com,EF12AB17-B64F-4507-B2E7-52112FD1F10F,2013-11-10 00:00:00.000
4598,3793,kate7@adventure-works.com,BD6BC99B-2366-4600-B55F-C93FAC177000,2012-07-29 00:00:00.000
4599,3794,kate8@adventure-works.com,495EF484-C251-457B-B17F-81632DDAACEA,2013-11-13 00:00:00.000
4600,3795,marcus0@adventure-works.com,D9A1F088-2DE4-4380-8C1F-938DD52C3400,2014-05-08 00:00:00.000
4601,3796,kate9@adventure-works.com,B3F06191-BA2E-4C7B-B8BC-32ECD580964D,2014-02-06 00:00:00.000
4602,3797,marcus1@adventure-works.com,0B4CB8F2-A17E-4FD8-9A36-DDEA5E74175A,2013-07-03 00:00:00.000
4603,3798,marcus2@adventure-works.com,7888A1D8-E997-473B-8612-CB11FF352584,2013-12-24 00:00:00.000
4604,3799,kate10@adventure-works.com,AA4E2579-3531-4C5D-BA4B-D58A53752ED4,2013-09-07 00:00:00.000
4605,3800,alvin14@adventure-works.com,4030C263-952E-4B10-905F-8CC885EF20BB,2013-09-05 00:00:00.000
4606,3801,kate11@adventure-works.com,F536CED9-14DC-49DF-8178-2021F4AF91CC,2013-03-22 00:00:00.000
4607,3802,marcus3@adventure-works.com,0043D712-43D5-44FA-8F9A-960D45224EB6,2013-10-25 00:00:00.000
4608,3803,marcus4@adventure-works.com,41FD1147-5DAA-4C07-B597-1E6CE20298B9,2014-01-20 00:00:00.000
4609,3804,marcus5@adventure-works.com,B025768D-E58B-43D8-9570-17DDCCC92E75,2013-08-07 00:00:00.000
4610,3805,kate12@adventure-works.com,0357B2DA-8B0B-40A6-900E-82A61889939F,2014-03-24 00:00:00.000
4611,3806,marcus6@adventure-works.com,7059762E-259D-4FF6-94D2-912C997CB34C,2013-04-06 00:00:00.000
4612,3807,marcus7@adventure-works.com,8001C173-F136-4303-B5DF-EC5D2F817AD5,2012-06-11 00:00:00.000
4613,3808,marcus8@adventure-works.com,203EB27B-11A0-4FE6-AEFD-A2B9F134F160,2013-08-06 00:00:00.000
4614,3809,kate13@adventure-works.com,58AC019E-4BA4-4AE7-BDC4-59B49FBCA35F,2013-06-08 00:00:00.000
4615,3810,marcus9@adventure-works.com,C394013B-1AB0-417E-BE14-F2A45015713A,2013-12-05 00:00:00.000
4616,3811,marcus10@adventure-works.com,2664E441-22A7-45BD-9D3E-2B0B751424E9,2014-05-10 00:00:00.000
4617,3812,kate14@adventure-works.com,A5C0F418-B14F-4BB2-B76D-30936F5DCDD6,2012-10-23 00:00:00.000
4618,3813,marcus11@adventure-works.com,77684728-7FE3-4292-A5DD-927F9EEAF569,2013-07-22 00:00:00.000
4619,3814,kate15@adventure-works.com,F89BA106-B67D-4A32-B989-B25CD452344F,2014-06-28 00:00:00.000
4620,3815,kate16@adventure-works.com,7E663FB8-BC5B-46A4-9790-A06C7130129A,2013-07-28 00:00:00.000
4621,3816,marcus12@adventure-works.com,8FC77CB5-8904-4106-A08E-5BCBA96712E7,2014-04-08 00:00:00.000
4622,3817,marcus13@adventure-works.com,2C04EACC-5F7C-47CB-A028-39104019C522,2013-10-09 00:00:00.000
4623,3818,kate17@adventure-works.com,EC3C6F84-EC31-4674-9A0C-94D6B613ABC6,2012-08-29 00:00:00.000
4624,3819,marcus14@adventure-works.com,5AF4E753-37FA-4D27-AA22-62A62CD093F4,2013-09-18 00:00:00.000
4625,3820,kate18@adventure-works.com,73B44802-9749-497E-9444-35B665AFD466,2012-02-21 00:00:00.000
4626,3821,marcus15@adventure-works.com,ADFC310C-CDEA-42E9-B3B6-3E9FC1D5A32C,2013-11-14 00:00:00.000
4627,3822,kate19@adventure-works.com,373BFD29-5AA6-42CD-BAFB-96702E585C5E,2012-04-14 00:00:00.000
4628,3823,marcus16@adventure-works.com,D48D6497-5D4C-4923-BB0B-A56051D6442D,2013-10-09 00:00:00.000
4629,3824,donna1@adventure-works.com,4902C7D8-378B-4C6E-AE4C-F023C096B60E,2013-07-05 00:00:00.000
4630,3825,marcus17@adventure-works.com,FCE72433-C0FB-41DD-80D6-AB2E392BA341,2014-03-09 00:00:00.000
4631,3826,marcus18@adventure-works.com,AF328B4B-8E70-430C-90A1-EA7E39AACA5F,2012-10-12 00:00:00.000
4632,3827,donna2@adventure-works.com,BD304C70-2504-4BC3-A99E-9FF9170FAE61,2012-08-01 00:00:00.000
4633,3828,marcus19@adventure-works.com,142D4086-84AB-435F-B2A4-DFFE64E1214A,2013-01-21 00:00:00.000
4634,3829,marcus20@adventure-works.com,BCE40890-C1D8-4EA0-A35B-A585B6D6D8CC,2014-05-18 00:00:00.000
4635,3830,marcus21@adventure-works.com,8FE349DF-CF6A-4F95-BEC1-53465949E6AC,2014-06-23 00:00:00.000
4636,3831,donna3@adventure-works.com,9C84EB9D-D00B-4B52-B433-36AF2AEE3A36,2012-01-18 00:00:00.000
4637,3832,donna4@adventure-works.com,5483F607-0F97-436C-85BA-CF21F2596541,2013-09-27 00:00:00.000
4638,3833,marcus22@adventure-works.com,4CF3055D-7CC6-4BC6-9396-D6FD07D649E6,2013-12-15 00:00:00.000
4639,3834,marcus23@adventure-works.com,78179CA6-EED8-4616-AD38-C36F1462132D,2014-03-13 00:00:00.000
4640,3835,marcus24@adventure-works.com,1734BA46-4BE6-4B19-9716-44D0BA310B96,2013-10-27 00:00:00.000
4641,3836,marcus25@adventure-works.com,C2D0A7D1-A707-46DA-994A-37A156E38AA1,2013-10-31 00:00:00.000
4642,3837,marcus26@adventure-works.com,69ACCFF5-8A67-416A-B5EF-944526FB8C03,2013-07-06 00:00:00.000
4643,3838,marcus27@adventure-works.com,6A67BC76-4274-45DA-AB84-8D4399361285,2011-11-28 00:00:00.000
4644,3839,donna5@adventure-works.com,427CCE10-CC9F-471D-AE02-FF2DE33D48AB,2013-11-27 00:00:00.000
4645,3840,marcus28@adventure-works.com,32E9BC37-58A9-404E-A813-403CA6267F93,2014-03-28 00:00:00.000
4646,3841,marcus29@adventure-works.com,E988D53E-09CF-4F52-8CFF-90243AC369FF,2014-05-09 00:00:00.000
4647,3842,donna6@adventure-works.com,728E1DC0-FA13-44C0-B227-5115EBD4393F,2013-09-03 00:00:00.000
4648,3843,marcus30@adventure-works.com,A5D73BE0-69C5-4B8E-BDD7-19283DAC6301,2012-07-06 00:00:00.000
4649,3844,donna7@adventure-works.com,7C592018-B446-430E-B687-BECBCEFE180B,2012-10-08 00:00:00.000
4650,3845,marcus31@adventure-works.com,E52A5FAD-C860-4695-AFF3-7998C28E099B,2014-06-12 00:00:00.000
4651,3846,donna8@adventure-works.com,28ABE05D-AB81-48C8-BA5A-F4049D15E9AB,2014-05-02 00:00:00.000
4652,3847,alvin15@adventure-works.com,2DFE1BC9-254A-4F44-8164-F498445EC68D,2013-11-13 00:00:00.000
4653,3848,donna9@adventure-works.com,469E2702-4BF5-4CA2-BD5E-0CE22B3A5E7E,2012-04-17 00:00:00.000
4654,3849,donna10@adventure-works.com,86639FEE-5D16-46EA-8CCB-4D519E721698,2013-11-24 00:00:00.000
4655,3850,marcus32@adventure-works.com,AD6233E9-0BDA-43F0-82EB-61DF2B9BA02C,2014-01-04 00:00:00.000
4656,3851,marcus33@adventure-works.com,E9D0EA59-F27E-4D74-92EB-CEEAB9535059,2013-07-24 00:00:00.000
4657,3852,donna11@adventure-works.com,68F4C899-DC6B-458D-85A1-242D50F480F6,2013-01-21 00:00:00.000
4658,3853,marcus34@adventure-works.com,AB474EAE-1AEF-4F17-8134-A28160029BF2,2013-07-19 00:00:00.000
4659,3854,donna12@adventure-works.com,70214D5E-4F1D-42C1-B09A-13308FFA8BD6,2014-05-17 00:00:00.000
4660,3855,marcus35@adventure-works.com,0CFAA750-2D7A-43E2-A9DC-03A6DC6BB3A5,2014-03-11 00:00:00.000
4661,3856,donna13@adventure-works.com,48BA5EC4-20F5-438D-9D79-00401F2C30AB,2014-06-27 00:00:00.000
4662,3857,marcus36@adventure-works.com,77220EEC-41D6-4FA6-B4BF-F02998ACE07E,2014-01-22 00:00:00.000
4663,3858,donna14@adventure-works.com,AB1A3922-4B65-4B9C-BC77-49BF75767EF3,2013-07-23 00:00:00.000
4664,3859,marcus37@adventure-works.com,08EF844B-8953-4072-B287-9C4730C24813,2013-04-30 00:00:00.000
4665,3860,marcus38@adventure-works.com,5487D60A-23FE-4C90-8773-63EA6335A4ED,2013-09-04 00:00:00.000
4666,3861,marcus39@adventure-works.com,2281EEA8-6A21-487D-9B02-7829CC5BBDD5,2013-03-15 00:00:00.000
4667,3862,marcus40@adventure-works.com,52BC866E-2F19-4AA8-8AAD-0458A2E1781C,2014-03-19 00:00:00.000
4668,3863,donna15@adventure-works.com,32A9B2B9-2FD0-409E-8965-88AEDAF27207,2013-08-23 00:00:00.000
4669,3864,marcus41@adventure-works.com,1B335CC0-3E25-42AD-9613-46E659884AC3,2014-04-08 00:00:00.000
4670,3865,marcus42@adventure-works.com,223D3CE9-F002-4C9B-85CB-7245A872DDD8,2013-08-22 00:00:00.000
4671,3866,warren10@adventure-works.com,B789E972-05F4-47E1-8C7C-DC44EA1E6080,2012-10-19 00:00:00.000
4672,3867,donna16@adventure-works.com,CB6234EB-F085-4317-BD42-F9E173EBFB01,2014-03-15 00:00:00.000
4673,3868,marcus43@adventure-works.com,2EFEF5C5-09E7-4940-B191-F14F4A731CD9,2014-05-01 00:00:00.000
4674,3869,donna17@adventure-works.com,5330EEDC-B7AF-4545-8FC1-5CA742A35005,2014-01-24 00:00:00.000
4675,3870,donna18@adventure-works.com,A08F1093-B520-48A6-933D-3BE879683F0E,2013-12-15 00:00:00.000
4676,3871,marcus44@adventure-works.com,D66EAEA0-FE67-4FD9-BA6E-D6F4FAD97B3A,2014-04-08 00:00:00.000
4677,3872,marcus45@adventure-works.com,F4C2D3B8-33A1-45D3-9EA0-2D1523E118D8,2013-08-01 00:00:00.000
4678,3873,donna19@adventure-works.com,FA4E9143-09B8-4F1A-ADE6-C89F45B69593,2013-09-04 00:00:00.000
4679,3874,donna20@adventure-works.com,65EB1374-822E-4FA1-977B-887A282C57B4,2011-10-28 00:00:00.000
4680,3875,marcus46@adventure-works.com,10326A48-468A-4008-B058-A29C95ED7402,2013-12-26 00:00:00.000
4681,3876,marcus47@adventure-works.com,2350D272-9112-4D73-A37E-FA96F55D6A3A,2013-11-10 00:00:00.000
4682,3877,marcus48@adventure-works.com,3BD83AC0-3D2C-4FCF-8297-8B3B59880458,2013-06-24 00:00:00.000
4683,3878,jodi0@adventure-works.com,65F1C031-B215-422A-9109-E531D2AD9E05,2013-09-06 00:00:00.000
4684,3879,ian1@adventure-works.com,4CF9D8C9-83A2-4991-B206-F4203CC98189,2014-04-23 00:00:00.000
4685,3880,jodi1@adventure-works.com,44D91001-3A0D-469A-B737-9BB647CAC2AA,2013-05-17 00:00:00.000
4686,3881,ian2@adventure-works.com,27B89FE4-87A2-490E-AD53-2A73AAC3FFA7,2014-03-16 00:00:00.000
4687,3882,jodi2@adventure-works.com,C363B7BA-8636-477B-858A-5184B5538B25,2013-07-05 00:00:00.000
4688,3883,ian3@adventure-works.com,6DCCAD33-4532-438A-B572-0391827E7D91,2014-03-26 00:00:00.000
4689,3884,jodi3@adventure-works.com,B84A1CDF-957C-4F4D-BD5B-D0464430BD20,2014-03-27 00:00:00.000
4690,3885,jodi4@adventure-works.com,F42A08ED-A0A7-4861-BBE5-5099111971CD,2014-01-04 00:00:00.000
4691,3886,ian4@adventure-works.com,F340F162-85E7-48C7-A617-6B73978EF59A,2014-05-22 00:00:00.000
4692,3887,alvin16@adventure-works.com,A77222A7-DBA9-4F81-A678-8556A2180125,2014-03-23 00:00:00.000
4693,3888,jodi5@adventure-works.com,673991E2-D250-48B4-93BE-11EA546E9F64,2013-11-15 00:00:00.000
4694,3889,ian5@adventure-works.com,F98C45B9-6FD3-4091-9804-FDB54B1C3C5F,2014-03-31 00:00:00.000
4695,3890,ian6@adventure-works.com,40101196-5C60-4988-AA53-AE64AE37FB27,2014-01-30 00:00:00.000
4696,3891,jodi6@adventure-works.com,1F96BA75-F7FF-4825-AABB-C3CCB5A0EF7E,2014-02-15 00:00:00.000
4697,3892,ian7@adventure-works.com,62B00B39-BF7F-447D-A5F1-C6F136E9E08F,2013-12-11 00:00:00.000
4698,3893,ian8@adventure-works.com,CFB81875-189B-496C-AF3B-3E9114001DDA,2012-01-26 00:00:00.000
4699,3894,jodi7@adventure-works.com,2BA062E6-5596-4BB8-964A-407A998B96A3,2012-08-28 00:00:00.000
4700,3895,ian9@adventure-works.com,DC65474D-7BCB-4F5C-9449-15FDFE0409E7,2014-05-03 00:00:00.000
4701,3896,jodi8@adventure-works.com,9E1A701B-FE2B-4C3E-B8AA-DB8B14403473,2013-10-07 00:00:00.000
4702,3897,jodi9@adventure-works.com,19681E62-AE1D-4782-9065-DC227F621944,2011-10-23 00:00:00.000
4703,3898,jodi10@adventure-works.com,4398BDE8-3D61-449E-87BF-BAEABC8AFA0F,2012-12-15 00:00:00.000
4704,3899,ian10@adventure-works.com,68D2A6D0-1B43-4C17-8CFD-D737D9A75D11,2013-10-15 00:00:00.000
4705,3900,ian11@adventure-works.com,3CE0E82B-D39F-4659-922F-87BB2894AE35,2013-11-05 00:00:00.000
4706,3901,jodi11@adventure-works.com,7A93FB79-2D04-46B7-8C39-407EAFBCD8A8,2014-04-01 00:00:00.000
4707,3902,ian12@adventure-works.com,EA579EE0-1CDA-4BA2-AC1C-0859D53C42EA,2013-09-05 00:00:00.000
4708,3903,jodi12@adventure-works.com,A2829D0D-DB90-41CA-89DC-F368328ED6D1,2013-09-11 00:00:00.000
4709,3904,jodi13@adventure-works.com,EFF987A1-ED10-47A3-A047-6983FCF020E1,2014-04-15 00:00:00.000
4710,3905,alvin17@adventure-works.com,E880C5C8-EA5F-4329-925E-D57E80D003F5,2013-12-22 00:00:00.000
4711,3906,jodi14@adventure-works.com,B0B0AE45-D8C8-43F2-ABC3-289EC518B85E,2013-10-23 00:00:00.000
4712,3907,ian13@adventure-works.com,E8A827DA-7C0F-42D4-8CE7-CCDE2FCD6B40,2013-01-13 00:00:00.000
4713,3908,jodi15@adventure-works.com,E8D09638-988F-46C5-8324-252221552348,2011-12-03 00:00:00.000
4714,3909,ian14@adventure-works.com,A0852960-E1B4-409E-9202-BE6DCA98FD26,2012-02-14 00:00:00.000
4715,3910,jodi16@adventure-works.com,0321094E-3D17-4011-9257-7945A712B798,2012-11-25 00:00:00.000
4716,3911,jodi17@adventure-works.com,769EFCBB-01C3-4C07-B896-B29AA44C9A06,2013-09-06 00:00:00.000
4717,3912,jodi18@adventure-works.com,2D0F61C0-C44E-434E-A3FE-5FD77D5C9330,2014-01-23 00:00:00.000
4718,3913,jodi19@adventure-works.com,F0423160-D2F1-4EA5-ABF8-7ADA04EABCCD,2013-08-17 00:00:00.000
4719,3914,jodi20@adventure-works.com,FBADC892-7D9E-4EE9-91F9-17B929155FB2,2012-03-31 00:00:00.000
4720,3915,ian15@adventure-works.com,452D50A8-00A4-4B3D-95CC-D2C79189B1D2,2012-07-30 00:00:00.000
4721,3916,jodi21@adventure-works.com,52B21156-36CE-4F0C-81B0-E7B9D6B3D935,2014-03-31 00:00:00.000
4722,3917,ian16@adventure-works.com,CF6B4717-C4CB-4719-83A9-1791CAC6011A,2014-04-30 00:00:00.000
4723,3918,ian17@adventure-works.com,AE63E588-04D8-42AD-B04A-09C75753B63E,2014-03-07 00:00:00.000
4724,3919,jodi22@adventure-works.com,A4031125-303E-4512-A736-0870B25C7FE6,2014-05-18 00:00:00.000
4725,3920,ian18@adventure-works.com,D6AFECF2-A7F7-4B84-9DEC-FDAFD7E70AC9,2012-05-09 00:00:00.000
4726,3921,ian19@adventure-works.com,65448C80-FDC7-4393-BD7A-578A12F2000E,2012-05-24 00:00:00.000
4727,3922,alvin18@adventure-works.com,A155D340-94DA-4818-9CF7-470D258BAD8A,2013-11-23 00:00:00.000
4728,3923,trisha0@adventure-works.com,2BB55D97-0A72-4DA7-9112-7C6055B3F221,2013-05-01 00:00:00.000
4729,3924,ian20@adventure-works.com,5FC3B622-B2FC-4530-97D8-51ECD2972E75,2014-04-06 00:00:00.000
4730,3925,trisha1@adventure-works.com,4473222A-2FCD-4CB6-ADB2-30EB77D5C19B,2014-05-24 00:00:00.000
4731,3926,ian21@adventure-works.com,0C868E3A-93E1-40A1-AE3D-4EDDF2346FC3,2013-07-26 00:00:00.000
4732,3927,ian22@adventure-works.com,827D2B64-35CA-4EE3-8099-D999FB724F64,2013-11-29 00:00:00.000
4733,3928,trisha2@adventure-works.com,946C3AFF-7B03-4EEF-86F0-D2D3EC38EA7D,2012-02-25 00:00:00.000
4734,3929,trisha3@adventure-works.com,CB1EB9CF-86DC-424B-B63E-C18F8B00F3C0,2012-07-30 00:00:00.000
4735,3930,ian23@adventure-works.com,10B62147-E477-4CF3-9AAB-8EC88E996E8F,2013-05-05 00:00:00.000
4736,3931,ian24@adventure-works.com,41FC4329-D691-44F2-AE42-497AD1CABC25,2014-05-17 00:00:00.000
4737,3932,trisha4@adventure-works.com,2AD268ED-2CEC-4A32-862A-9885A066772A,2014-03-19 00:00:00.000
4738,3933,trisha5@adventure-works.com,2A3DC920-538B-45CE-B6B9-48FB6586D06D,2013-09-18 00:00:00.000
4739,3934,ian25@adventure-works.com,7A97F01A-1703-495E-898A-FA0847B1F277,2013-01-14 00:00:00.000
4740,3935,trisha6@adventure-works.com,44E59ECC-8E56-4FB1-AEBF-263575F985CB,2011-07-19 00:00:00.000
4741,3936,ian26@adventure-works.com,048E0687-B23C-40EF-8609-CB60242CF79A,2014-04-14 00:00:00.000
4742,3937,ian27@adventure-works.com,76AB080A-7CD3-44D6-A34E-DF556620BD82,2014-03-28 00:00:00.000
4743,3938,trisha7@adventure-works.com,8F801338-7E4D-412C-9873-3D92D9527923,2013-12-05 00:00:00.000
4744,3939,trisha8@adventure-works.com,14342964-BB6B-4735-912E-F5FF3E275B7B,2014-03-29 00:00:00.000
4745,3940,ian28@adventure-works.com,59C4394F-6B8F-438A-83C5-1E3637FC1E3E,2012-12-12 00:00:00.000
4746,3941,ian29@adventure-works.com,B38C5191-7D78-4E42-BCA4-C145AC4A78C5,2013-08-04 00:00:00.000
4747,3942,ian30@adventure-works.com,BC598285-B9BB-4403-A434-CDAE9D3861C1,2014-03-16 00:00:00.000
4748,3943,alvin19@adventure-works.com,B63CD316-B89E-4E06-AC2D-950C659D9EDF,2011-11-19 00:00:00.000
4749,3944,trisha9@adventure-works.com,027535C0-6DB4-40D1-AE23-11765A48A368,2013-08-23 00:00:00.000
4750,3945,ian31@adventure-works.com,5145B5AE-BD7B-42F9-9D7A-C6EC4BFF0294,2013-02-26 00:00:00.000
4751,3946,ian32@adventure-works.com,851E4C2E-32B5-4339-8C07-9ACB1D6C5885,2014-06-13 00:00:00.000
4752,3947,trisha10@adventure-works.com,AD29846B-A1A0-4878-9F14-A60148D54783,2012-06-01 00:00:00.000
4753,3948,trisha11@adventure-works.com,6A7D843C-77A8-4C69-83FD-905DC401B9EF,2014-05-18 00:00:00.000
4754,3949,trisha12@adventure-works.com,23AD6C0F-06DB-4C0D-8974-E9B1164E0766,2013-10-11 00:00:00.000
4755,3950,trisha13@adventure-works.com,6FE3D931-3BA3-4A63-8865-B6FCE6A95F8B,2013-08-18 00:00:00.000
4756,3951,ian33@adventure-works.com,20C039CD-7379-4CA6-A950-3BC1C37D58FD,2014-05-25 00:00:00.000
4757,3952,trisha14@adventure-works.com,D16DBFBC-6BE7-4C74-8CC3-2D81DA80BF83,2014-01-19 00:00:00.000
4758,3953,ian34@adventure-works.com,BF694950-C262-4543-9C83-BF8E52FD4B8C,2014-04-07 00:00:00.000
4759,3954,ian35@adventure-works.com,74EC0617-1AE7-475D-BA7D-57BC50BA0830,2014-03-31 00:00:00.000
4760,3955,trisha15@adventure-works.com,D739E660-B140-46EA-89A3-23018A810951,2014-06-05 00:00:00.000
4761,3956,ian36@adventure-works.com,B77ADB73-0D0D-4BB6-AAA6-3397858D05C7,2014-04-27 00:00:00.000
4762,3957,trisha16@adventure-works.com,86BFF4C4-B306-4C74-976B-F6DBC1A54F53,2014-02-17 00:00:00.000
4763,3958,ian37@adventure-works.com,C98D1B97-3749-46A7-98E8-4D381B326C65,2014-04-20 00:00:00.000
4764,3959,trisha17@adventure-works.com,2894F035-486B-4C57-A4C4-893D34517D4D,2013-03-05 00:00:00.000
4765,3960,alvin20@adventure-works.com,3110233A-3B44-4CD0-A9F9-5EB050A287A9,2013-07-13 00:00:00.000
4766,3961,bianca0@adventure-works.com,97865D83-8A04-4B9D-B9DF-56A551F1FEBF,2013-10-01 00:00:00.000
4767,3962,bianca1@adventure-works.com,930D6975-B765-4C7F-86C2-4768F1F935E6,2014-06-26 00:00:00.000
4768,3963,ian38@adventure-works.com,E649BBF8-4959-4B1A-956D-489184CE5D10,2011-12-10 00:00:00.000
4769,3964,ian39@adventure-works.com,4683880F-D07D-4AC2-91BC-D1304A1BFD5B,2014-05-04 00:00:00.000
4770,3965,lucas13@adventure-works.com,C4CA5220-6D3B-44D7-89BA-89844F3AA950,2013-09-21 00:00:00.000
4771,3966,bianca2@adventure-works.com,30B1A612-5A26-411D-B93A-ED294A342C96,2014-05-10 00:00:00.000
4772,3967,lucas14@adventure-works.com,09B1A7AD-73EC-48DE-8117-0C22954E9730,2013-10-17 00:00:00.000
4773,3968,lucas15@adventure-works.com,3BCFCCF9-170E-4FEA-9A48-AE6074B14DE8,2014-01-18 00:00:00.000
4774,3969,lucas16@adventure-works.com,487E8AAA-C1EE-4DA4-AA55-CF393DFA4441,2014-02-27 00:00:00.000
4775,3970,bianca3@adventure-works.com,8B9DCA6B-D606-4B60-A34E-3E5B03B2F3CE,2013-08-30 00:00:00.000
4776,3971,bianca4@adventure-works.com,66354DE5-81CD-4C97-AAD7-4E890A9A1AFC,2014-02-22 00:00:00.000
4777,3972,bianca5@adventure-works.com,303E558E-260E-4788-80B2-60EA91B1D30E,2013-07-22 00:00:00.000
4778,3973,lucas17@adventure-works.com,6225F464-5FA4-48A5-9820-A9F4443A9C79,2014-02-11 00:00:00.000
4779,3974,bianca6@adventure-works.com,C50005A6-3739-487F-8DD2-81523C4049E8,2013-10-14 00:00:00.000
4780,3975,lucas18@adventure-works.com,A9F05050-2A0B-435E-81AC-46D3FDA354FB,2014-05-25 00:00:00.000
4781,3976,bianca7@adventure-works.com,0D8A31A0-5CAE-47D0-BE07-B074834077E9,2011-10-01 00:00:00.000
4782,3977,lucas19@adventure-works.com,74F3B25C-FE61-4A86-A7C6-A4312299C8CD,2013-02-18 00:00:00.000
4783,3978,lucas20@adventure-works.com,14FF7913-6169-4339-9783-76814C9A8023,2014-02-02 00:00:00.000
4784,3979,lucas21@adventure-works.com,2FE31FF2-6844-4826-8931-EB33521D72AA,2013-08-20 00:00:00.000
4785,3980,lucas22@adventure-works.com,AF6A8456-BBA0-446F-8305-B81D277739ED,2013-07-18 00:00:00.000
4786,3981,lucas23@adventure-works.com,E7A93B7E-89F2-4A6B-B4B5-FAF4CCC5A180,2013-09-05 00:00:00.000
4787,3982,lucas24@adventure-works.com,EB712141-3782-43DB-9225-514DC6D08B17,2012-07-27 00:00:00.000
4788,3983,alvin21@adventure-works.com,2F5857F2-5774-4836-9A60-00F861419752,2013-12-10 00:00:00.000
4789,3984,bianca8@adventure-works.com,94820821-7F13-4D0E-B168-4271A6DC7AC9,2012-12-27 00:00:00.000
4790,3985,lucas25@adventure-works.com,D96DD2B6-9D09-4453-B7F1-019FFB0A9929,2013-12-08 00:00:00.000
4791,3986,bianca9@adventure-works.com,FEF79D9F-6C07-458C-8B5A-FED41292E449,2013-04-12 00:00:00.000
4792,3987,lucas26@adventure-works.com,E4D3D85B-7DA1-4C79-A4C5-15CE51EDFB1C,2014-03-17 00:00:00.000
4793,3988,lucas27@adventure-works.com,243B0589-5E46-4582-BFE5-8DCED44F8837,2011-09-12 00:00:00.000
4794,3989,lucas28@adventure-works.com,CE59F5EA-72EB-40AC-A0D9-1E0BB27DEAA1,2011-08-01 00:00:00.000
4795,3990,lucas29@adventure-works.com,C275D180-3BE1-4FF6-BB26-35C9DDB218D6,2014-03-14 00:00:00.000
4796,3991,bianca10@adventure-works.com,B273EB3C-60BF-49CB-9A6E-16DB791F5D49,2013-11-02 00:00:00.000
4797,3992,lucas30@adventure-works.com,797144A9-6C6B-450A-A095-E8758B226254,2013-04-27 00:00:00.000
4798,3993,bianca11@adventure-works.com,68DF9445-1AEF-41D3-B567-85C8D3D8E308,2012-11-10 00:00:00.000
4799,3994,lucas31@adventure-works.com,B7DBB36F-CFEA-4FF9-8D34-D1D74D2D45D9,2014-05-25 00:00:00.000
4800,3995,bianca12@adventure-works.com,A872CF67-2FF4-4D70-969A-C4DDE0724893,2013-07-27 00:00:00.000
4801,3996,lucas32@adventure-works.com,4CB0FD38-F36D-4F46-A9AF-09310044748C,2013-10-30 00:00:00.000
4802,3997,bianca13@adventure-works.com,EF821E17-7C52-4D15-97D7-A7C3EDF97DF7,2013-01-20 00:00:00.000
4803,3998,lucas33@adventure-works.com,7CDFE22A-B08D-4F0D-83A7-65D3DDC31CF0,2014-03-10 00:00:00.000
4804,3999,lucas34@adventure-works.com,B6F55103-FD80-4EE0-AC67-A84BE71D7505,2013-12-08 00:00:00.000
4805,4000,bianca14@adventure-works.com,86916CD8-C7A0-48DB-B4AD-841A10F83201,2012-04-15 00:00:00.000
4806,4001,lucas35@adventure-works.com,55BD0381-9219-49C3-AF4C-1BA6106BBF59,2012-01-10 00:00:00.000
4807,4002,lucas36@adventure-works.com,2ABBC625-25E2-4984-B1D9-1B357DF72200,2013-10-12 00:00:00.000
4808,4003,lucas37@adventure-works.com,70266607-8F5B-418B-90D0-866514708364,2013-08-11 00:00:00.000
4809,4004,alvin22@adventure-works.com,E5E8654E-043C-4C69-BE63-C80858AF4634,2011-07-11 00:00:00.000
4810,4005,bianca15@adventure-works.com,C7E12A40-6B95-4899-AFD9-9E0D36C23041,2013-09-27 00:00:00.000
4811,4006,lucas38@adventure-works.com,015F6507-AB52-4FF1-B423-2E2EF53625DD,2014-05-09 00:00:00.000
4812,4007,lucas39@adventure-works.com,182034F5-0FB9-436D-8C9F-6CE900BBF666,2013-07-20 00:00:00.000
4813,4008,lucas40@adventure-works.com,6245F8D8-23AE-47C7-8616-19A0478770DE,2013-12-16 00:00:00.000
4814,4009,lucas41@adventure-works.com,A05B074E-09D7-4E4B-B0C4-5E41F78F4C71,2013-09-12 00:00:00.000
4815,4010,lucas42@adventure-works.com,57D3E121-DBF4-4F03-A914-5511E1152FEF,2013-07-18 00:00:00.000
4816,4011,lucas43@adventure-works.com,EB5DA906-349C-472A-B6C2-171B9D1234D6,2013-08-08 00:00:00.000
4817,4012,bianca16@adventure-works.com,3A7981A7-44E3-4F5A-88DA-5BED61777340,2011-06-26 00:00:00.000
4818,4013,lucas44@adventure-works.com,18F1B284-AFC0-4C6F-B931-792506500629,2014-03-20 00:00:00.000
4819,4014,lucas45@adventure-works.com,5DB0076A-3803-4895-9F64-F476185D38C1,2011-06-05 00:00:00.000
4820,4015,bianca17@adventure-works.com,ED17F717-E18C-4F24-8F15-56DE9B835E9F,2014-06-30 00:00:00.000
4821,4016,lucas46@adventure-works.com,EA3E57AF-3D3A-4555-9B59-43343B25C3B7,2013-07-21 00:00:00.000
4822,4017,bianca18@adventure-works.com,19F56D34-1CB7-4E8A-8167-760B4CE1644F,2012-09-08 00:00:00.000
4823,4018,lucas47@adventure-works.com,E1B90135-B4C0-4C28-BF93-390C6255C5B0,2014-03-22 00:00:00.000
4824,4019,lucas48@adventure-works.com,8EE967C9-C3D0-45FD-A9A9-8DB3F4F77485,2013-09-13 00:00:00.000
4825,4020,jackson0@adventure-works.com,96A192E6-B290-4134-A517-D64D8ADA2C41,2014-04-03 00:00:00.000
4826,4021,jackson1@adventure-works.com,501BD90C-F775-4D47-8652-B59B2050E8DF,2014-02-23 00:00:00.000
4827,4022,cara0@adventure-works.com,5A8FEE58-E215-4B0A-8327-9FD59AAF9C41,2013-11-23 00:00:00.000
4828,4023,jackson2@adventure-works.com,39B83937-253B-4C7E-BADB-C1BEE003798E,2014-01-04 00:00:00.000
4829,4024,cara1@adventure-works.com,B75031F1-F3B8-4896-BF71-B8813782A280,2013-10-16 00:00:00.000
4830,4025,jackson3@adventure-works.com,B79E082A-B3DA-47BF-8371-55941D3F6AB2,2013-09-24 00:00:00.000
4831,4026,cara2@adventure-works.com,463BF542-F735-448F-B2AA-C17EAD8A96E3,2014-04-26 00:00:00.000
4832,4027,jackson4@adventure-works.com,C8A731D9-E1D5-4648-9705-C334C5F1314A,2013-04-01 00:00:00.000
4833,4028,alvin23@adventure-works.com,F5CBF3B9-5C6B-4324-B734-EA182E13D49A,2013-08-16 00:00:00.000
4834,4029,jackson5@adventure-works.com,0432B48E-19B1-4BB4-B70E-9D70E9DDFDD3,2012-07-14 00:00:00.000
4835,4030,cara3@adventure-works.com,1B54AE8B-6D78-467D-89B9-B12BC254BBD1,2014-02-13 00:00:00.000
4836,4031,charles3@adventure-works.com,AE5A67A8-E84D-407C-8E0F-587868344FC9,2014-05-15 00:00:00.000
4837,4032,cara4@adventure-works.com,BBE7CF41-5A16-4D10-BA1B-D965115DA62D,2013-07-17 00:00:00.000
4838,4033,charles4@adventure-works.com,0FEC895A-DF42-4847-9DE5-4F20D4E929A0,2013-10-31 00:00:00.000
4839,4034,charles5@adventure-works.com,E69583FE-D062-45B1-B3E0-57D12C5C14EF,2014-04-02 00:00:00.000
4840,4035,cara5@adventure-works.com,D54A633A-8173-4B2A-89EE-61CA5B3C0454,2013-07-08 00:00:00.000
4841,4036,cara6@adventure-works.com,9A24E4FB-5B10-42E2-B4AA-67AC9E359C1B,2014-03-28 00:00:00.000
4842,4037,charles6@adventure-works.com,C5D37E06-7B90-4E41-9059-D92D5274E9E5,2014-01-26 00:00:00.000
4843,4038,charles7@adventure-works.com,7D5B3A5E-679B-48EF-81E7-1F0ECE145DDB,2013-01-20 00:00:00.000
4844,4039,cara7@adventure-works.com,49ED6287-936B-4724-B92E-8701C4DA8F79,2013-09-06 00:00:00.000
4845,4040,charles8@adventure-works.com,306BF2A8-6007-4198-9E63-82F73C7AACA3,2014-01-01 00:00:00.000
4846,4041,cara8@adventure-works.com,DA9E9CB0-7316-4F4E-9B7D-F7D9593E97D9,2013-01-01 00:00:00.000
4847,4042,charles9@adventure-works.com,4BA8E466-C6F6-461A-AF57-64CA88BB9D43,2014-01-14 00:00:00.000
4848,4043,charles10@adventure-works.com,2372D6BE-444C-4862-822E-932EAEF47DE2,2011-09-22 00:00:00.000
4849,4044,alvin24@adventure-works.com,3AE25BF7-EF29-46A2-B786-71022B61D744,2013-07-19 00:00:00.000
4850,4045,cara9@adventure-works.com,7C189A1E-F128-4AA7-89B0-46065FEE455E,2011-10-05 00:00:00.000
4851,4046,charles11@adventure-works.com,F42238AF-9C7A-4247-8978-90F22361FCD7,2011-08-03 00:00:00.000
4852,4047,charles12@adventure-works.com,E2AE6043-E3DA-4BC4-9011-7783F64AF31F,2011-08-02 00:00:00.000
4853,4048,charles13@adventure-works.com,DB6D1468-CF65-4B61-93AD-E91C503D03A9,2012-09-25 00:00:00.000
4854,4049,charles14@adventure-works.com,4AF16296-A607-4ACB-BC82-65285EC0C6CC,2012-06-13 00:00:00.000
4855,4050,charles15@adventure-works.com,D2B9AD17-D25C-45D8-B631-D44BD9246143,2013-07-05 00:00:00.000
4856,4051,cara10@adventure-works.com,88C7A8A9-7314-414B-8D60-207166731658,2013-04-02 00:00:00.000
4857,4052,charles16@adventure-works.com,A9A31D27-209B-43EC-B019-CF609871AA86,2012-10-21 00:00:00.000
4858,4053,cara11@adventure-works.com,46D55076-61BB-4FA0-9AF5-B36658A26D9D,2013-07-12 00:00:00.000
4859,4054,charles17@adventure-works.com,1162EEDA-0492-483D-8A9D-181999C7E4EA,2011-09-07 00:00:00.000
4860,4055,charles18@adventure-works.com,D37CC043-A5B1-4675-9AB3-C94DE3BBE260,2013-12-01 00:00:00.000
4861,4056,cara12@adventure-works.com,549A8EEE-7E67-4A85-B5C7-5A6D0116E042,2011-07-14 00:00:00.000
4862,4057,cara13@adventure-works.com,5CDBD03D-CBB0-4922-A9F1-AE63EFF8922C,2013-11-17 00:00:00.000
4863,4058,charles19@adventure-works.com,ACE1D9D5-4972-4154-9277-BE334F010DE4,2012-11-10 00:00:00.000
4864,4059,cara14@adventure-works.com,31A40EA5-57B0-433B-ADF5-E119059714FD,2013-08-18 00:00:00.000
4865,4060,charles20@adventure-works.com,0C15A853-0D86-4A5F-A25D-107443282336,2013-09-18 00:00:00.000
4866,4061,charles21@adventure-works.com,4A95D7BC-A249-4734-901E-AB7501BBF0D0,2014-04-14 00:00:00.000
4867,4062,cara15@adventure-works.com,DEB596F4-09E3-4CB0-A77E-5DF5E0B753DA,2013-12-05 00:00:00.000
4868,4063,cara16@adventure-works.com,569D51E7-2B4A-4076-AD20-794CCD319476,2012-04-07 00:00:00.000
4869,4064,charles22@adventure-works.com,5E884CDC-5A15-4003-9114-B4C79ECEC19D,2014-06-28 00:00:00.000
4870,4065,charles23@adventure-works.com,9BE1ED67-0741-421F-A67F-8582F18A68A0,2014-02-04 00:00:00.000
4871,4066,cara17@adventure-works.com,2B577E10-46DE-4F60-A103-134AE520C0E1,2013-09-13 00:00:00.000
4872,4067,charles24@adventure-works.com,6A7A3ED6-6248-42A1-B76A-3925D03D39F8,2012-09-05 00:00:00.000
4873,4068,charles25@adventure-works.com,D837F536-EC31-4B2C-B033-472588651265,2014-03-25 00:00:00.000
4874,4069,charles26@adventure-works.com,0D08C7C3-62CD-4FEF-B6E9-E40ADCB06061,2013-09-11 00:00:00.000
4875,4070,charles27@adventure-works.com,3BE704D9-8818-4322-9E89-A48305742449,2013-09-05 00:00:00.000
4876,4071,warren11@adventure-works.com,CF19A6B4-D56B-48BB-8CD1-C7AD8523B973,2013-10-02 00:00:00.000
4877,4072,warren12@adventure-works.com,AB2DB074-C558-451B-BD70-A541B699BAF9,2013-03-10 00:00:00.000
4878,4073,alvin25@adventure-works.com,E8761604-CC29-4BAA-B00E-E7228F484F56,2013-07-06 00:00:00.000
4879,4074,cara18@adventure-works.com,B552B57A-EB7D-4B53-B4CC-4766DCA50C45,2012-04-28 00:00:00.000
4880,4075,charles28@adventure-works.com,41B52591-DDB4-4C0F-8CE5-8EDF7C2DFED1,2013-12-29 00:00:00.000
4881,4076,charles29@adventure-works.com,4DB81B14-127E-48D7-8C46-C5F7711EB21B,2014-05-12 00:00:00.000
4882,4077,norimichi0@adventure-works.com,5C8EAECC-37FC-4393-A519-F5FD26191475,2014-04-18 00:00:00.000
4883,4078,cara19@adventure-works.com,51BD0448-2D75-4521-BBC7-169929CF75F3,2013-07-19 00:00:00.000
4884,4079,charles30@adventure-works.com,6245DC9A-A6B6-463B-B824-AC202C336E1D,2014-01-13 00:00:00.000
4885,4080,charles31@adventure-works.com,5CDA3C13-FA1C-4CAF-86D0-164E51F64B10,2013-08-06 00:00:00.000
4886,4081,martha1@adventure-works.com,61E5E38F-3D90-471E-9CF8-3C56E0389C7D,2013-03-12 00:00:00.000
4887,4082,charles32@adventure-works.com,4066D8BF-8A6D-4FD9-B794-20669B4BF208,2014-04-27 00:00:00.000
4888,4083,charles33@adventure-works.com,7B79EDCF-B6FC-4072-8B11-CD92EBEFE27B,2014-05-22 00:00:00.000
4889,4084,martha2@adventure-works.com,2B2F1431-491E-4A51-8428-2957E8156E55,2011-10-12 00:00:00.000
4890,4085,charles34@adventure-works.com,12209867-FFED-4145-AAC7-7E6BCB03FDD3,2014-02-11 00:00:00.000
4891,4086,charles35@adventure-works.com,57308555-F440-4079-97C9-63B5664A725B,2013-07-07 00:00:00.000
4892,4087,charles36@adventure-works.com,8F8B4754-004D-400E-BCD4-D9F3062852C6,2012-11-27 00:00:00.000
4893,4088,martha3@adventure-works.com,03E527FB-F8B8-4911-A5AF-06B328B488B8,2011-11-14 00:00:00.000
4894,4089,charles37@adventure-works.com,7E8E23B6-F100-4822-8B96-62AF9C71D34E,2012-02-23 00:00:00.000
4895,4090,martha4@adventure-works.com,DF7E1A33-0A6F-4F6C-A1BC-525864756623,2013-11-11 00:00:00.000
4896,4091,charles38@adventure-works.com,9C52ED33-53C0-45A9-9A88-E86B0C7630C4,2013-09-30 00:00:00.000
4897,4092,charles39@adventure-works.com,0841584F-3589-4A35-8E5E-399FD502780C,2014-05-07 00:00:00.000
4898,4093,martha5@adventure-works.com,5054B267-9A14-442F-8009-A277FD2E9CD1,2014-01-28 00:00:00.000
4899,4094,charles40@adventure-works.com,3A39E927-5F58-444D-AF63-F12BAAB47871,2013-08-03 00:00:00.000
4900,4095,charles41@adventure-works.com,0DF8E3F1-A4BA-4755-BC79-CB8126E1345C,2013-12-11 00:00:00.000
4901,4096,martha6@adventure-works.com,6D3F704B-2CC8-45E2-913F-45DA7EEB1023,2013-09-20 00:00:00.000
4902,4097,charles42@adventure-works.com,968F96A0-A88E-442E-BC65-AE0B0C1EF3F9,2012-05-07 00:00:00.000
4903,4098,alvin26@adventure-works.com,6173B29B-F312-48A7-8C40-B4D48BF2D94D,2013-08-09 00:00:00.000
4904,4099,martha7@adventure-works.com,83077FE6-9877-408F-96B0-F348DF7D99E8,2014-01-13 00:00:00.000
4905,4100,charles43@adventure-works.com,BED370D8-A4F2-4CAA-BBFC-A87F594D44E8,2014-02-07 00:00:00.000
4906,4101,martha8@adventure-works.com,5684C9AE-1430-4666-8F9F-FD3FA979461B,2013-09-29 00:00:00.000
4907,4102,charles44@adventure-works.com,15DD67E8-8D90-4DB1-BF79-8656DF72D882,2012-05-19 00:00:00.000
4908,4103,martha9@adventure-works.com,B14F6E02-F390-4EF8-976C-60C778B57751,2012-09-11 00:00:00.000
4909,4104,charles45@adventure-works.com,9196DE63-088F-481B-ACB7-1330D8A90291,2014-05-27 00:00:00.000
4910,4105,devin0@adventure-works.com,260FF66D-5E36-41C5-8FB8-BDE75DD8FDE7,2011-10-08 00:00:00.000
4911,4106,martha10@adventure-works.com,D460BB62-698A-4DE2-BF24-405641B00083,2013-07-21 00:00:00.000
4912,4107,devin1@adventure-works.com,28E2A53A-AE26-4FCD-9B2C-BB621199FFDB,2013-05-27 00:00:00.000
4913,4108,martha11@adventure-works.com,6704467D-F0C6-4188-A60B-5DE1DCE57EBB,2013-08-08 00:00:00.000
4914,4109,devin2@adventure-works.com,91FDB5AA-2654-4D66-AF07-ED437C1B7FCC,2011-10-02 00:00:00.000
4915,4110,devin3@adventure-works.com,4C2E9E26-BB56-48A3-AC73-A568DA2A4C67,2014-04-05 00:00:00.000
4916,4111,martha12@adventure-works.com,EAB48EEE-C3E9-4298-92C0-B1F07C2D0535,2011-06-02 00:00:00.000
4917,4112,devin4@adventure-works.com,75988942-61A9-40EA-AC57-E0B90EB7A533,2013-10-16 00:00:00.000
4918,4113,martha13@adventure-works.com,14143FB4-D26B-41C1-9D0B-56D5A72E7EF0,2014-03-09 00:00:00.000
4919,4114,devin5@adventure-works.com,AC06215B-E179-409D-A66E-93B1F7106305,2014-01-28 00:00:00.000
4920,4115,devin6@adventure-works.com,BFE1F7AD-5E0B-47D3-984C-658D75624CED,2014-01-16 00:00:00.000
4921,4116,devin7@adventure-works.com,87BF30FA-8FEE-47B2-BAC9-2D6904A620FF,2012-05-11 00:00:00.000
4922,4117,martha14@adventure-works.com,1A9905B3-655F-406C-A29B-4E916122E094,2013-07-01 00:00:00.000
4923,4118,devin8@adventure-works.com,D8282897-5FB5-4F62-A453-1C20165E7EA4,2013-06-02 00:00:00.000
4924,4119,martha15@adventure-works.com,977D4252-9014-4121-AC7A-FFB913F09722,2013-09-14 00:00:00.000
4925,4120,alvin27@adventure-works.com,41FFB235-CE33-4657-A668-D946AA94E7F0,2014-04-28 00:00:00.000
4926,4121,martha16@adventure-works.com,B1F22A4D-251B-4B0B-B783-FEC5BB5A5540,2011-06-16 00:00:00.000
4927,4122,devin9@adventure-works.com,6512816D-41B5-40D7-AF66-1E0806A5C1A7,2013-07-23 00:00:00.000
4928,4123,martha17@adventure-works.com,B10FAD0E-9943-4982-9E9C-57258195A67B,2013-07-26 00:00:00.000
4929,4124,devin10@adventure-works.com,D1A7750F-F9E1-45D9-87CE-6E29AAB6FA7D,2014-03-16 00:00:00.000
4930,4125,martha18@adventure-works.com,F662DEF3-2EDA-48DC-BCF4-57961C21BF6C,2013-12-21 00:00:00.000
4931,4126,martha19@adventure-works.com,CCECDBC5-6926-4B27-88DD-1E9E9CEFBF3E,2014-04-03 00:00:00.000
4932,4127,martha20@adventure-works.com,E15113DC-D7A8-4CCD-A63D-8995F4CFA1A2,2012-09-19 00:00:00.000
4933,4128,devin11@adventure-works.com,0F3E27FD-DB76-45FE-AF6C-0E94DD69880C,2013-08-16 00:00:00.000
4934,4129,devin12@adventure-works.com,23E56702-D483-4D54-A42F-8BDFA28D39B1,2013-08-15 00:00:00.000
4935,4130,devin13@adventure-works.com,639DD3D8-732B-40B8-A0E0-490B8277BB2B,2013-10-07 00:00:00.000
4936,4131,martha21@adventure-works.com,CE036422-8B8D-4ADB-A35B-18B0A2669BDF,2013-08-03 00:00:00.000
4937,4132,devin14@adventure-works.com,20E1DBB4-52A8-4766-A31E-D0C5BBBE0BB3,2012-12-30 00:00:00.000
4938,4133,devin15@adventure-works.com,67636591-1984-46BD-818E-8538DB837625,2013-08-02 00:00:00.000
4939,4134,devin16@adventure-works.com,0506721B-FBC5-414F-A040-2529C918C8B7,2012-03-26 00:00:00.000
4940,4135,martha22@adventure-works.com,DF4BEB7D-2A47-4350-B6C1-307D8102B922,2011-11-18 00:00:00.000
4941,4136,devin17@adventure-works.com,9582F499-DAE2-4DF9-99BB-0F1140BB0997,2013-11-04 00:00:00.000
4942,4137,rosa0@adventure-works.com,45CBE69C-3505-4B17-BD55-A413C44BB247,2012-02-20 00:00:00.000
4943,4138,rosa1@adventure-works.com,18EBCD19-9EED-4FD3-8507-D69AAC477BD3,2012-04-14 00:00:00.000
4944,4139,devin18@adventure-works.com,42FCA834-5EAD-420F-995B-DD723C28EC97,2013-08-15 00:00:00.000
4945,4140,devin19@adventure-works.com,41481218-D0B7-4AF9-B8C0-B68B0A488DE2,2014-04-08 00:00:00.000
4946,4141,alvin28@adventure-works.com,733EB17C-CBA0-4E23-8649-53FB4C6CCA6C,2013-07-07 00:00:00.000
4947,4142,rosa2@adventure-works.com,F68683B4-528B-4A56-8F31-1F289266950F,2013-01-20 00:00:00.000
4948,4143,rosa3@adventure-works.com,7CD042D7-968F-4175-9345-A2B0D1472FB1,2014-03-29 00:00:00.000
4949,4144,rosa4@adventure-works.com,2C8F081D-4E99-465B-8316-B1CC1FEDB275,2014-05-14 00:00:00.000
4950,4145,don4@adventure-works.com,2155CDB2-448A-4353-B86C-FB944A769E1F,2014-04-12 00:00:00.000
4951,4146,rosa5@adventure-works.com,7D633AD0-FAE9-4626-8CE1-AA5BBDC15143,2014-03-29 00:00:00.000
4952,4147,devin20@adventure-works.com,FA11C4FD-47A4-4800-A355-702C1890C491,2012-10-31 00:00:00.000
4953,4148,rosa6@adventure-works.com,4A195226-58A0-439C-9EB1-1FEC2596E5E2,2013-03-11 00:00:00.000
4954,4149,devin21@adventure-works.com,8768C04C-317D-4A5A-9B94-8E8C3CD21C99,2013-12-27 00:00:00.000
4955,4150,devin22@adventure-works.com,431B2F87-6AE1-40E0-ACF0-8CA417DAC575,2013-07-29 00:00:00.000
4956,4151,rosa7@adventure-works.com,A501EB62-2E2E-4772-AC10-E497BCB59D94,2012-08-01 00:00:00.000
4957,4152,rosa8@adventure-works.com,2427BCA2-22A6-4CAF-B67F-25FB35C2BA39,2013-03-07 00:00:00.000
4958,4153,devin23@adventure-works.com,7293DC4D-1B54-4E37-914B-AA903F9E1A20,2013-07-26 00:00:00.000
4959,4154,devin24@adventure-works.com,0339CE47-8CBD-4A37-85D8-B82022A69609,2014-01-06 00:00:00.000
4960,4155,rosa9@adventure-works.com,BD23C3AD-A7C9-4E23-A2AD-412269E09581,2014-04-05 00:00:00.000
4961,4156,devin25@adventure-works.com,0D88AF11-1007-4CE0-9E37-FBFC6DE4C204,2013-09-28 00:00:00.000
4962,4157,rosa10@adventure-works.com,064D774D-FBCE-4EAE-8E8F-B4F9D731065B,2013-05-01 00:00:00.000
4963,4158,rosa11@adventure-works.com,7FB10A8B-8BC4-4858-8BE5-C9429A8EF0D0,2014-03-24 00:00:00.000
4964,4159,david35@adventure-works.com,09369414-A057-47E0-BC68-061693A93803,2014-04-05 00:00:00.000
4965,4160,alvin29@adventure-works.com,48E4005E-9594-47CA-997B-2A16D2E9F33D,2014-02-20 00:00:00.000
4966,4161,rosa12@adventure-works.com,154A2A85-8E05-4EB2-93D2-78D8568BF613,2011-07-22 00:00:00.000
4967,4162,devin26@adventure-works.com,8A415308-9620-46BD-9527-D190BA0146D4,2013-08-03 00:00:00.000
4968,4163,devin27@adventure-works.com,65219710-E3DA-49A8-A28F-03A7D6A89D1A,2013-10-29 00:00:00.000
4969,4164,devin28@adventure-works.com,DA84536C-047F-440D-B2D4-BFDBB8713033,2012-10-17 00:00:00.000
4970,4165,devin29@adventure-works.com,3926768D-0CD0-4444-8986-299656CC8287,2014-05-06 00:00:00.000
4971,4166,rosa13@adventure-works.com,F153E1A6-0B8E-4798-B759-972537DF7B8B,2014-02-24 00:00:00.000
4972,4167,devin30@adventure-works.com,F18B7444-F4AD-4DBB-B574-5B99563C7A67,2013-09-28 00:00:00.000
4973,4168,devin31@adventure-works.com,1F4AE477-6AB6-4F80-88FF-62974CE667FA,2011-11-25 00:00:00.000
4974,4169,devin32@adventure-works.com,E73F0441-1D53-4470-B3B3-ADB3A0A0DE50,2012-02-02 00:00:00.000
4975,4170,rosa14@adventure-works.com,40A2E0F6-F9D6-4017-A82E-1E640379E771,2014-01-28 00:00:00.000
4976,4171,rosa15@adventure-works.com,AABED30D-4B63-4EBC-BFE4-0C42C7AF1D8D,2014-02-25 00:00:00.000
4977,4172,devin33@adventure-works.com,65AC9CF2-71DD-4E6F-9465-9141B2B9C640,2014-02-16 00:00:00.000
4978,4173,rosa16@adventure-works.com,4FD22944-C01D-4740-B958-1CAE66C9C79B,2012-02-18 00:00:00.000
4979,4174,rosa17@adventure-works.com,CAEC7D27-8601-4E8D-A43A-EE362FCA52C6,2013-05-06 00:00:00.000
4980,4175,devin34@adventure-works.com,465CC804-0B17-421C-A090-4A6D2445BF7B,2014-05-17 00:00:00.000
4981,4176,devin35@adventure-works.com,94DC0252-99E4-4C50-85B2-BD0BDA3C449D,2012-03-30 00:00:00.000
4982,4177,rosa18@adventure-works.com,D4DF00E0-A9A5-4D6C-AA27-5D6FC1095475,2012-04-20 00:00:00.000
4983,4178,devin36@adventure-works.com,C3AA5F61-61BD-4733-AEEF-3DF358B99F12,2014-01-26 00:00:00.000
4984,4179,rosa19@adventure-works.com,3E51C2A6-A1D5-49CB-A3A3-04E5309F87C6,2011-06-08 00:00:00.000
4985,4180,devin37@adventure-works.com,E617889D-DE88-4303-A45C-A8C20874787C,2014-04-16 00:00:00.000
4986,4181,alvin30@adventure-works.com,60E62C39-8DAB-420C-A3F7-0DD7FF471BD8,2012-11-21 00:00:00.000
4987,4182,rosa20@adventure-works.com,36631BDE-37D7-4F8F-808E-4422DCC4D52F,2011-11-02 00:00:00.000
4988,4183,rosa21@adventure-works.com,03FE00D9-E70B-4731-BA3E-9005E52AB69C,2014-05-08 00:00:00.000
4989,4184,devin38@adventure-works.com,80AF8C7F-D612-4BF4-AEB3-C428BD94F11C,2013-10-19 00:00:00.000
4990,4185,rosa22@adventure-works.com,FFF7AB1D-DDB6-4293-89C4-AB34DCD7C13D,2013-09-23 00:00:00.000
4991,4186,devin39@adventure-works.com,07B2398A-FE97-4E50-9DEF-029E776822E6,2013-02-01 00:00:00.000
4992,4187,devin40@adventure-works.com,8FB81328-0499-4D11-A984-37017CF662DF,2013-12-01 00:00:00.000
4993,4188,rosa23@adventure-works.com,AED6022C-A996-4BBD-AB63-7FE6812A9184,2011-12-19 00:00:00.000
4994,4189,devin41@adventure-works.com,7C30F261-4C1E-4218-B3E5-1D253039C70A,2013-10-06 00:00:00.000
4995,4190,devin42@adventure-works.com,BBD0ABF3-64B5-46EC-9BFF-452455D19291,2011-11-14 00:00:00.000
4996,4191,eduardo0@adventure-works.com,0FDAC9F0-F25E-424C-86F9-12A0CB927F25,2013-08-23 00:00:00.000
4997,4192,suzanne1@adventure-works.com,6CC17F2D-FFE5-492D-9F60-53F3F9AC52F6,2013-07-29 00:00:00.000
4998,4193,eduardo1@adventure-works.com,9B04EDBD-0AFF-4FE8-8B79-13F2A7BCD472,2014-01-12 00:00:00.000
4999,4194,suzanne2@adventure-works.com,A7CA1DDF-5C20-48E0-BD80-C89EC400EDF9,2011-12-08 00:00:00.000
5000,4195,suzanne3@adventure-works.com,E5414294-F99A-4A51-9F8B-31F0E4191701,2013-11-01 00:00:00.000
5001,4196,suzanne4@adventure-works.com,B5D03D2F-1E3E-492B-9C1E-55F6637643FE,2013-05-01 00:00:00.000
5002,4197,eduardo2@adventure-works.com,A04F47BA-79C0-475F-971D-2D5B2210AC2F,2012-05-30 00:00:00.000
5003,4198,suzanne5@adventure-works.com,24842F99-6469-4FAB-ABE2-6540782F5B5F,2012-01-08 00:00:00.000
5004,4199,suzanne6@adventure-works.com,E50DE858-A1A2-4945-8684-165F62C9EF03,2013-11-02 00:00:00.000
5005,4200,alvin31@adventure-works.com,EC0D21A3-E1EA-4A27-8BFD-5FA14FE7D12F,2014-01-23 00:00:00.000
5006,4201,suzanne7@adventure-works.com,2EE8B3FE-83F6-4EC1-B0EF-C59C0B43B874,2013-12-29 00:00:00.000
5007,4202,eduardo3@adventure-works.com,F7D2543F-C0CF-42AE-9EAA-F3EEB776F5F4,2014-01-06 00:00:00.000
5008,4203,suzanne8@adventure-works.com,F604C824-1087-421F-9C6E-D723AD34E105,2013-11-02 00:00:00.000
5009,4204,eduardo4@adventure-works.com,7211486F-671F-4DE1-AE37-244741785B31,2014-01-20 00:00:00.000
5010,4205,suzanne9@adventure-works.com,7F00978B-C53E-411A-98CB-F1D3D2F0A442,2013-07-03 00:00:00.000
5011,4206,eduardo5@adventure-works.com,245C68EC-697D-4D15-9B92-F8522A7BA4AC,2013-07-04 00:00:00.000
5012,4207,suzanne10@adventure-works.com,33287369-0458-4CFC-A0F8-847B97DD7904,2012-10-08 00:00:00.000
5013,4208,eduardo6@adventure-works.com,2D853201-99FF-4CB0-BCD4-054A8EAB298F,2014-04-22 00:00:00.000
5014,4209,eduardo7@adventure-works.com,357D2229-8C54-4B98-A1D6-183C4E47691E,2013-03-02 00:00:00.000
5015,4210,suzanne11@adventure-works.com,2E327340-F047-43A1-ADA1-DD35A073D35B,2013-08-07 00:00:00.000
5016,4211,eduardo8@adventure-works.com,3189DAC3-3080-45CB-960C-A31A613371D1,2013-06-30 00:00:00.000
5017,4212,eduardo9@adventure-works.com,D3EF2BB0-FB88-4E07-8145-030BF7FBC9CD,2013-10-30 00:00:00.000
5018,4213,eduardo10@adventure-works.com,BE82A28C-02EC-469C-A43D-50FC32EA2336,2013-09-08 00:00:00.000
5019,4214,eduardo11@adventure-works.com,8BA56E5F-5CB5-4A53-BF63-6ABC66A83576,2012-07-30 00:00:00.000
5020,4215,eduardo12@adventure-works.com,946161B0-6A1F-497E-944F-9C29157F2D03,2011-10-05 00:00:00.000
5021,4216,suzanne12@adventure-works.com,5B9D4CB3-5433-4A74-8FCC-B2E8E2A96610,2011-07-06 00:00:00.000
5022,4217,eduardo13@adventure-works.com,A4690FF9-2F7D-4B64-8014-8512E1F545FA,2013-06-04 00:00:00.000
5023,4218,eduardo14@adventure-works.com,DF635969-8AA3-4D42-851C-E39FCC242F72,2014-05-28 00:00:00.000
5024,4219,suzanne13@adventure-works.com,EEAE7DAF-DD3E-4F3D-A620-3EB9F7A72ABC,2013-10-27 00:00:00.000
5025,4220,eduardo15@adventure-works.com,71C50E6B-0041-41E3-85A2-36F61DDC0F5A,2014-05-11 00:00:00.000
5026,4221,suzanne14@adventure-works.com,674300F7-6A69-4523-966F-B529D38B010E,2013-05-24 00:00:00.000
5027,4222,suzanne15@adventure-works.com,65A90DC0-3926-417A-BB89-745F5D6A3DB0,2013-03-06 00:00:00.000
5028,4223,eduardo16@adventure-works.com,0DDEF2D7-016A-4809-AC14-97F5FD04341C,2014-05-13 00:00:00.000
5029,4224,alvin32@adventure-works.com,11273CB0-B755-473F-8878-C53FC3DC9B49,2012-01-20 00:00:00.000
5030,4225,suzanne16@adventure-works.com,9083192A-2DE6-4FA8-B221-C1B1A806D5CA,2014-03-01 00:00:00.000
5031,4226,eduardo17@adventure-works.com,9DC2E435-5D98-408F-B0DB-F3CB3D3B533B,2012-09-20 00:00:00.000
5032,4227,eduardo18@adventure-works.com,331A0EE4-88AA-4D97-8AED-0B2124D9EFBB,2011-09-13 00:00:00.000
5033,4228,suzanne17@adventure-works.com,3E08B43B-2C58-4D4F-A98E-0F9052A0A76A,2013-11-03 00:00:00.000
5034,4229,eduardo19@adventure-works.com,95B778C2-240E-4743-8A2A-9B89CB3AB47A,2013-11-30 00:00:00.000
5035,4230,eduardo20@adventure-works.com,77C213AD-0366-4FC0-9124-FBEA517F937E,2011-08-31 00:00:00.000
5036,4231,suzanne18@adventure-works.com,A55E40D7-9C29-4865-A016-89D7349F00B0,2014-05-21 00:00:00.000
5037,4232,eduardo21@adventure-works.com,AD84AB3C-AB52-45AD-8259-AC8175577B7F,2014-01-07 00:00:00.000
5038,4233,suzanne19@adventure-works.com,53794EB0-8E3D-4750-88A4-8A6FA8957B33,2013-09-05 00:00:00.000
5039,4234,eduardo22@adventure-works.com,2C54845E-709B-47B2-90B7-C0AF84C8048E,2014-06-25 00:00:00.000
5040,4235,suzanne20@adventure-works.com,04F73D95-AE33-4D3F-86E3-1DDD7C56E6A2,2013-07-18 00:00:00.000
5041,4236,eduardo23@adventure-works.com,EF9DBEAD-C96C-409F-BF2C-BB775632146A,2013-11-14 00:00:00.000
5042,4237,eduardo24@adventure-works.com,550A641F-F200-4EB3-99E2-9E083E87E3A8,2012-05-19 00:00:00.000
5043,4238,eduardo25@adventure-works.com,E1BEE266-0FBA-4FF5-AE37-809286A7B7D1,2014-03-17 00:00:00.000
5044,4239,suzanne21@adventure-works.com,86CA4996-E335-4E96-8096-F2CD5A9C7101,2012-11-27 00:00:00.000
5045,4240,suzanne22@adventure-works.com,93107AA3-F994-431C-96DF-302AC7F3D6D6,2013-02-04 00:00:00.000
5046,4241,eduardo26@adventure-works.com,ECBC01F9-FF64-4CB3-9FF0-6DB165664C2F,2013-08-14 00:00:00.000
5047,4242,eduardo27@adventure-works.com,5555CC9C-2A8A-4682-B1D1-48E9BE41F603,2014-05-26 00:00:00.000
5048,4243,suzanne23@adventure-works.com,E29AB7C5-D238-4FB2-B15D-3055FB38F2A0,2011-09-27 00:00:00.000
5049,4244,suzanne24@adventure-works.com,8496832F-BA80-4782-9AA3-4D29300C9889,2013-12-28 00:00:00.000
5050,4245,eduardo28@adventure-works.com,10340EEC-FF0D-42C2-9EA9-63BE9051FDEB,2011-09-28 00:00:00.000
5051,4246,andres0@adventure-works.com,3E043D8D-3343-42D6-9409-1B707077C1AE,2012-06-04 00:00:00.000
5052,4247,andres1@adventure-works.com,83F9263D-B12D-4B6D-89E5-ADFEC9091816,2013-09-03 00:00:00.000
5053,4248,eduardo29@adventure-works.com,C768BF2E-0E80-4212-B3B0-B180DDE7654D,2012-11-01 00:00:00.000
5054,4249,andres2@adventure-works.com,1982EB89-6B96-483F-BBC6-7ADB6094786E,2013-12-19 00:00:00.000
5055,4250,eduardo30@adventure-works.com,51F51A19-BB7F-4238-8973-1920170CFF2F,2013-10-14 00:00:00.000
5056,4251,eduardo31@adventure-works.com,4E7C2AF1-6110-4681-B8CF-D63A205A5E93,2014-05-04 00:00:00.000
5057,4252,eduardo32@adventure-works.com,5AB158EF-DFA7-4C23-BAF5-80D134750E0A,2014-01-24 00:00:00.000
5058,4253,eduardo33@adventure-works.com,24138AC5-1AB1-40FF-A367-7940F323DF89,2013-08-06 00:00:00.000
5059,4254,kern0@adventure-works.com,E4EAA8F0-BD0E-432A-B5DF-6D1FF763268F,2012-12-25 00:00:00.000
5060,4255,eduardo34@adventure-works.com,0B107800-ED05-4881-A2FF-C49BED41C354,2014-02-08 00:00:00.000
5061,4256,eduardo35@adventure-works.com,16BCA900-BAE7-491E-970F-B7FD547C4A84,2013-08-17 00:00:00.000
5062,4257,andres3@adventure-works.com,AD801955-930F-45BC-95A8-1CB04D3BBC60,2011-11-23 00:00:00.000
5063,4258,eduardo36@adventure-works.com,C5530300-9276-4080-855C-CBA46C596C87,2011-12-11 00:00:00.000
5064,4259,eduardo37@adventure-works.com,19898D79-013D-4E9E-ABCD-6949EEF7531E,2014-05-09 00:00:00.000
5065,4260,eduardo38@adventure-works.com,7924A103-6275-40FD-9DB9-59F64A96A8DF,2013-12-10 00:00:00.000
5066,4261,eduardo39@adventure-works.com,4F569565-DEED-4F47-B96D-C61DFAEB4245,2013-08-25 00:00:00.000
5067,4262,andres4@adventure-works.com,5B8A4678-B0A7-4702-9168-A5E31D806364,2012-06-09 00:00:00.000
5068,4263,eduardo40@adventure-works.com,3C9F700A-7E55-4292-A34D-D0FEFDB42D0D,2014-05-20 00:00:00.000
5069,4264,eduardo41@adventure-works.com,AD10700F-F542-4EB1-8D35-950B9E7B267C,2013-08-22 00:00:00.000
5070,4265,andres5@adventure-works.com,A8C6C638-5CC8-48A0-AF04-B9C5F2D8AF5E,2011-06-21 00:00:00.000
5071,4266,eduardo42@adventure-works.com,957BD406-3B13-42D3-B578-C9EC663BA109,2014-01-02 00:00:00.000
5072,4267,alvin33@adventure-works.com,B3F4096A-1167-4B27-B31A-3BE296A7848B,2012-01-19 00:00:00.000
5073,4268,andres6@adventure-works.com,A1F89291-2F46-421D-9456-2667DEEA5971,2014-01-19 00:00:00.000
5074,4269,andres7@adventure-works.com,8794E62D-0401-4E66-9E15-2B9547459B25,2011-08-19 00:00:00.000
5075,4270,eduardo43@adventure-works.com,C3E42975-9106-4605-8DAE-B535C5CAFD21,2014-05-26 00:00:00.000
5076,4271,richard40@adventure-works.com,7D5DB148-9D0C-414E-B0D5-DC30D5845236,2014-01-03 00:00:00.000
5077,4272,andres8@adventure-works.com,FFAC3141-1CF6-4481-8E23-872B9F7D446D,2014-05-19 00:00:00.000
5078,4273,richard41@adventure-works.com,513E8BD7-AE36-447B-AAFB-B01AA7CBEA82,2014-05-15 00:00:00.000
5079,4274,richard42@adventure-works.com,27DE3C3F-D58F-42A1-9922-6E11BEE71F92,2013-07-06 00:00:00.000
5080,4275,andres9@adventure-works.com,40B39120-8A53-4DFD-9538-88CEB42771D7,2012-10-28 00:00:00.000
5081,4276,richard43@adventure-works.com,EB1C595F-2763-4EBD-8F5B-E59989661C80,2013-10-29 00:00:00.000
5082,4277,richard44@adventure-works.com,66905267-0AA2-4784-B283-46BD46D98403,2014-03-05 00:00:00.000
5083,4278,andres10@adventure-works.com,8F132D5B-EE02-42B2-AF56-0CD7509E0237,2014-01-03 00:00:00.000
5084,4279,richard45@adventure-works.com,E5655B26-9F7E-4456-93F4-B5FA397CACFF,2013-06-13 00:00:00.000
5085,4280,andres11@adventure-works.com,856C64E5-8455-43F9-AC1B-3F6541DFBF8E,2012-06-28 00:00:00.000
5086,4281,richard46@adventure-works.com,1109F726-A838-4000-947B-717E4311F631,2013-09-06 00:00:00.000
5087,4282,andres12@adventure-works.com,DEF5C841-6990-4E35-89F3-18043127B686,2013-08-25 00:00:00.000
5088,4283,andres13@adventure-works.com,47F73882-D587-49FE-9F08-CF8FF0ED3FBE,2014-02-06 00:00:00.000
5089,4284,richard47@adventure-works.com,91953B25-5199-4E6D-8B77-9B841C7489C1,2014-02-23 00:00:00.000
5090,4285,richard48@adventure-works.com,8BFF4DA6-A066-4034-8898-593B5CB03B0F,2013-10-29 00:00:00.000
5091,4286,andres14@adventure-works.com,66EA449A-C374-48F2-9430-78FBAA6C3AD2,2011-11-13 00:00:00.000
5092,4287,richard49@adventure-works.com,8F64366A-FD1B-4E70-9C6D-51A201C14C34,2013-12-17 00:00:00.000
5093,4288,richard50@adventure-works.com,ABB53E36-1C4C-4720-B771-5287D8F03313,2012-12-08 00:00:00.000
5094,4289,richard51@adventure-works.com,8D38D21A-53C2-485E-89B8-56CC351A291C,2013-04-04 00:00:00.000
5095,4290,richard52@adventure-works.com,67EEE524-D497-40A7-B4E0-A75F837380B9,2013-09-10 00:00:00.000
5096,4291,warren13@adventure-works.com,59EC0A58-D22B-4F6E-A8E8-3BAE1975B144,2014-02-08 00:00:00.000
5097,4292,alvin34@adventure-works.com,A36F5B71-C300-4266-B52D-8B5948254061,2013-10-02 00:00:00.000
5098,4293,andres15@adventure-works.com,62E6CD90-3402-475A-97D1-3B8571C8C742,2014-05-18 00:00:00.000
5099,4294,richard53@adventure-works.com,778D4D1E-4649-4D31-A7A5-646D4BED231D,2014-01-22 00:00:00.000
5100,4295,andres16@adventure-works.com,038CEFB1-0348-47D4-B63D-65EBD25C1D00,2013-08-12 00:00:00.000
5101,4296,richard54@adventure-works.com,1B771411-7838-4067-BF2D-E3FD9CFBBB7E,2014-04-11 00:00:00.000
5102,4297,richard55@adventure-works.com,ED89643C-E0FD-4878-ACEE-2FBF9946D3D3,2013-12-09 00:00:00.000
5103,4298,luke1@adventure-works.com,7774B419-FD09-46BC-8E3B-37BAA0DD5B94,2014-05-06 00:00:00.000
5104,4299,ralph0@adventure-works.com,9639FB1F-04DF-4725-81E5-5A2C83911B3A,2013-08-30 00:00:00.000
5105,4300,luke2@adventure-works.com,D6C19734-270C-49DC-93DD-86794EBCE54D,2014-01-12 00:00:00.000
5106,4301,luke3@adventure-works.com,5EF6E45F-1AC1-4B21-9687-2823506568E1,2013-07-04 00:00:00.000
5107,4302,luke4@adventure-works.com,B65C63E1-F8EB-43EF-9150-836AFABCA52B,2013-10-20 00:00:00.000
5108,4303,luke5@adventure-works.com,6FD20B7C-FEC1-4C93-ABBC-DAA4303181E4,2013-07-18 00:00:00.000
5109,4304,luke6@adventure-works.com,222A5348-0FBC-4D3C-A34C-75B89D278161,2014-05-27 00:00:00.000
5110,4305,andres17@adventure-works.com,983BDB19-5EA3-494B-B989-222892500151,2012-12-07 00:00:00.000
5111,4306,luke7@adventure-works.com,18ACD128-F1A2-43C2-A054-FE60880B3236,2013-09-13 00:00:00.000
5112,4307,luke8@adventure-works.com,C27CC645-96C8-40BC-9A19-3394E0F9C589,2013-06-18 00:00:00.000
5113,4308,luke9@adventure-works.com,638395E0-8BD3-4A8C-A8BF-9C1E0AFEA17B,2013-09-17 00:00:00.000
5114,4309,andrés18@adventure-works.com,425AF4F8-CB2E-432C-981C-841CC418108F,2011-09-11 00:00:00.000
5115,4310,karl0@adventure-works.com,BB234F00-3B58-4365-9482-19B0FCD80710,2012-10-30 00:00:00.000
5116,4311,luke10@adventure-works.com,2C6CABB8-F529-439C-8F4E-0F3DA5B09476,2013-11-01 00:00:00.000
5117,4312,karl1@adventure-works.com,49FFBD30-88B7-4D23-A950-C6DDA17981B6,2014-06-14 00:00:00.000
5118,4313,luke11@adventure-works.com,96EEC5CB-9876-4A4A-8602-B7234EF0D4DA,2013-07-01 00:00:00.000
5119,4314,karl2@adventure-works.com,6F1FF9BB-2834-47E3-82DB-B3CC21760D65,2013-03-16 00:00:00.000
5120,4315,luke12@adventure-works.com,942391E0-BBEC-4515-A356-D5A90E22ADC0,2014-02-25 00:00:00.000
5121,4316,luke13@adventure-works.com,1E136763-0696-4A2D-9A84-1D7342A4ACF0,2014-05-06 00:00:00.000
5122,4317,luke14@adventure-works.com,5EA14112-8CB1-4574-BBDB-0B88248130C1,2011-11-12 00:00:00.000
5123,4318,luke15@adventure-works.com,948EB088-D56C-4D14-B660-1E8C2FE1A357,2014-05-17 00:00:00.000
5124,4319,karl3@adventure-works.com,15BB2326-9E70-49A4-8762-BF5517D4C9D0,2013-11-18 00:00:00.000
5125,4320,luke16@adventure-works.com,5D3E3966-5796-478F-911F-060D3A7C2FD3,2014-05-23 00:00:00.000
5126,4321,luke17@adventure-works.com,148A6E02-7E24-4C86-B741-60C9A0A7BEAD,2013-03-24 00:00:00.000
5127,4322,karl4@adventure-works.com,CBD7AA4D-F477-4C0A-9E91-8AB5693C45F5,2013-07-21 00:00:00.000
5128,4323,alvin35@adventure-works.com,21277FE4-8764-4FA1-8F52-8237E61C6AF3,2012-12-28 00:00:00.000
5129,4324,karl5@adventure-works.com,645301D9-2904-46F5-92B9-89EDA5298D27,2012-12-30 00:00:00.000
5130,4325,karl6@adventure-works.com,D9211BCA-19F9-4240-95D3-566E137EE043,2014-05-10 00:00:00.000
5131,4326,karl7@adventure-works.com,04FA397D-2109-4A3F-8AF5-E09CE9FC2B62,2013-11-02 00:00:00.000
5132,4327,luke18@adventure-works.com,53E3C5B3-D2E2-484E-A2E1-B3C885E1E24B,2013-07-15 00:00:00.000
5133,4328,karl8@adventure-works.com,BA078063-D2DD-4368-9229-5E39C042C5CE,2013-01-17 00:00:00.000
5134,4329,luke19@adventure-works.com,FCED727C-C7C0-4A8B-87CF-54F12D289299,2013-09-20 00:00:00.000
5135,4330,luke20@adventure-works.com,F06EA69B-28FD-46A9-A033-D335099FE3EA,2014-02-11 00:00:00.000
5136,4331,luke21@adventure-works.com,FEDC2488-9AAA-4AE3-960A-7F728B5A37C3,2013-08-18 00:00:00.000
5137,4332,jordan0@adventure-works.com,CE018D8C-C471-4C74-8C99-27AB12DC7A44,2013-09-23 00:00:00.000
5138,4333,karl9@adventure-works.com,A19AA851-F730-4ED0-8BED-09E6DEC3B82E,2013-02-15 00:00:00.000
5139,4334,jordan1@adventure-works.com,5752CDE9-4E79-46CA-9462-BC8A5351B7DB,2012-01-05 00:00:00.000
5140,4335,jordan2@adventure-works.com,BB0E0D28-DD61-4DD8-A031-39A4CD6F571D,2013-08-27 00:00:00.000
5141,4336,karl10@adventure-works.com,83248844-D341-4A47-B9D1-185C00A6D34D,2014-01-15 00:00:00.000
5142,4337,jordan3@adventure-works.com,37B97002-0B17-4827-B510-C2808A6994DB,2013-12-13 00:00:00.000
5143,4338,jordan4@adventure-works.com,1B6DF81A-6739-434D-895B-A02F1DD4547C,2014-02-07 00:00:00.000
5144,4339,karl11@adventure-works.com,68C83EF9-D79E-44C9-ABBC-6C14A8C7F697,2014-04-19 00:00:00.000
5145,4340,karl12@adventure-works.com,6CD08260-21B4-43D0-B301-3BFC8B248CBD,2013-09-21 00:00:00.000
5146,4341,jordan5@adventure-works.com,423F0F6F-CC89-41BA-B8F6-A576B3F8169E,2014-03-08 00:00:00.000
5147,4342,jordan6@adventure-works.com,1D083FE3-E9FC-4811-9FF3-37FEDDF1A2E2,2012-01-06 00:00:00.000
5148,4343,jordan7@adventure-works.com,549E49CF-D4B1-4539-A7CF-3622E1B707AC,2013-07-15 00:00:00.000
5149,4344,karl13@adventure-works.com,DE588009-EB0A-46BC-A6B3-380867B95337,2014-03-17 00:00:00.000
5150,4345,jordan8@adventure-works.com,505037E3-FFD6-42E5-90BC-80074AD313D2,2014-01-29 00:00:00.000
5151,4346,jordan9@adventure-works.com,A72A55C0-D437-48E9-A304-DE3AC4CAAF96,2013-07-18 00:00:00.000
5152,4347,jordan10@adventure-works.com,ABA79A5C-DA72-4CA0-8893-310DA2C8D2D2,2014-04-17 00:00:00.000
5153,4348,karl14@adventure-works.com,8D08F0A1-AF95-4917-BC01-C5B3A1E5E738,2012-11-05 00:00:00.000
5154,4349,jordan11@adventure-works.com,9CB4A5A2-4C64-4602-BBD8-A48DA19984D6,2013-06-10 00:00:00.000
5155,4350,karl15@adventure-works.com,3A643B8A-7CA0-499B-B2CF-2FB54D315B30,2012-11-08 00:00:00.000
5156,4351,jordan12@adventure-works.com,5EE09FB1-DC3F-4CFD-BFDB-25733FC2BEE8,2014-03-01 00:00:00.000
5157,4352,jordan13@adventure-works.com,C8F18AAD-070B-496A-9726-44D7B1F18BAB,2012-07-29 00:00:00.000
5158,4353,jordan14@adventure-works.com,FBFDDD20-A263-49DE-ABC8-4CDFEDD1C9C1,2014-05-01 00:00:00.000
5159,4354,karl16@adventure-works.com,9C8CDEF0-ED3D-43BF-B013-DE71BAED463B,2014-02-18 00:00:00.000
5160,4355,jordan15@adventure-works.com,7082D20B-7405-4387-ABBB-B5F1E1751169,2014-04-09 00:00:00.000
5161,4356,karl17@adventure-works.com,550581A8-BCE3-4AC1-9EBD-C8288EFD6FEC,2014-01-12 00:00:00.000
5162,4357,karl18@adventure-works.com,6A5E9551-C1F9-4745-9762-64D8DB5E981A,2011-07-29 00:00:00.000
5163,4358,jordan16@adventure-works.com,F158EB86-E910-413F-8F57-4CA99862A56E,2013-07-08 00:00:00.000
5164,4359,jordan17@adventure-works.com,AB454E86-3F4F-482F-8AE1-FC1B3C188C7D,2014-03-23 00:00:00.000
5165,4360,jordan18@adventure-works.com,941ADBFC-551B-4266-9746-B90557CAC184,2013-07-12 00:00:00.000
5166,4361,jordan19@adventure-works.com,BD18A07A-1871-4FA0-80D1-5DC371D96F92,2014-04-29 00:00:00.000
5167,4362,karl19@adventure-works.com,2DA579C4-DB10-47C0-9E7C-87DAD07A6E73,2014-06-17 00:00:00.000
5168,4363,karl20@adventure-works.com,015739C5-5044-4BBD-9CBB-741E2C35E91E,2013-10-24 00:00:00.000
5169,4364,jordan20@adventure-works.com,C28E2A10-08C3-41C5-BCC2-014EE515414E,2014-05-28 00:00:00.000
5170,4365,jordan21@adventure-works.com,CD28583A-CFA8-4DBE-9DFC-9EA17AE35674,2013-11-02 00:00:00.000
5171,4366,jordan22@adventure-works.com,25D28084-1582-44C1-8341-5A2C180D6021,2013-07-31 00:00:00.000
5172,4367,karl21@adventure-works.com,9B262BB8-A66E-4059-91A9-BB31F118C9DD,2013-09-01 00:00:00.000
5173,4368,jordan23@adventure-works.com,379B9D6C-A54E-48FB-9764-1A9124902938,2013-12-17 00:00:00.000
5174,4369,jordan24@adventure-works.com,28F75418-C2F5-4613-ABA8-636449D72651,2013-12-23 00:00:00.000
5175,4370,alvin36@adventure-works.com,717B4EFB-0393-4342-8CA0-DDE4E5D0005F,2013-10-20 00:00:00.000
5176,4371,leonard1@adventure-works.com,B735F6A1-6707-4FE9-95E2-C6EB202BD156,2014-05-22 00:00:00.000
5177,4372,jordan25@adventure-works.com,4A854AA4-8E6F-4A96-A318-5C17A1CCC5B2,2014-04-19 00:00:00.000
5178,4373,jordan26@adventure-works.com,27367F9E-9609-493A-B196-25094A96560C,2014-04-17 00:00:00.000
5179,4374,leonard2@adventure-works.com,9AB9CCDB-52EC-4F51-B26F-A46A99598DD7,2013-07-15 00:00:00.000
5180,4375,jordan27@adventure-works.com,ABE245F3-A776-439B-ADB6-161F1BF8F312,2012-09-09 00:00:00.000
5181,4376,jordan28@adventure-works.com,4F4A2099-4E05-4F4D-9A8B-F40D67C4858A,2014-01-07 00:00:00.000
5182,4377,jack4@adventure-works.com,30A9D791-5952-4FC1-A697-276FCD495B15,2011-12-25 00:00:00.000
5183,4378,leonard3@adventure-works.com,F6AA55FD-8957-44DA-99D4-21D93C21DDE9,2013-03-16 00:00:00.000
5184,4379,jack5@adventure-works.com,E22A5567-ACD8-4378-859D-871358BBC043,2014-04-06 00:00:00.000
5185,4380,jack6@adventure-works.com,9F82E189-07DC-4142-8F28-7998A802D0C0,2013-12-19 00:00:00.000
5186,4381,leonard4@adventure-works.com,60826595-B92B-4FA4-814B-5BFC9DD5CFF0,2013-12-15 00:00:00.000
5187,4382,jack7@adventure-works.com,A6F68142-AF6C-486D-A82B-2AE1151A6137,2013-11-06 00:00:00.000
5188,4383,leonard5@adventure-works.com,31ADDB52-079E-4870-90B1-18159A800237,2013-08-12 00:00:00.000
5189,4384,jack8@adventure-works.com,495DBB48-8B72-445E-83AB-E9DCB433BCE7,2013-09-29 00:00:00.000
5190,4385,leonard6@adventure-works.com,866EA7C5-B6D8-44B4-9D4B-EF1B9C4D2DD5,2013-02-12 00:00:00.000
5191,4386,jack9@adventure-works.com,133031B1-3F9A-4FA5-8096-22500BA81D3D,2013-11-19 00:00:00.000
5192,4387,jack10@adventure-works.com,A0F31C07-F0F1-4E2F-8553-AD2FD1116901,2013-08-10 00:00:00.000
5193,4388,jack11@adventure-works.com,D559C52F-668A-4548-80C4-9CA5A5A3BAA1,2013-12-31 00:00:00.000
5194,4389,jack12@adventure-works.com,8E4717E7-63C0-4B27-A7F1-AC6C7358C0F2,2014-01-28 00:00:00.000
5195,4390,jack13@adventure-works.com,95DA2E27-602F-4A1F-8AEF-5A22571CB063,2013-11-17 00:00:00.000
5196,4391,leonard7@adventure-works.com,DEA88185-7803-43C1-A498-D3243D9E9909,2014-05-08 00:00:00.000
5197,4392,jack14@adventure-works.com,2C9917B2-FA7E-4C16-84F6-5F09EF6FFF08,2014-02-21 00:00:00.000
5198,4393,jack15@adventure-works.com,4967333A-05B2-4C24-95F1-E7BA6F34D19A,2014-01-22 00:00:00.000
5199,4394,leonard8@adventure-works.com,1E79B265-9862-4D21-90D5-67BC57945500,2013-10-23 00:00:00.000
5200,4395,jack16@adventure-works.com,72F4D7BA-C0C6-4A7B-8354-3BB94E4A2D8F,2014-03-19 00:00:00.000
5201,4396,jack17@adventure-works.com,4556E8C8-DD95-4D41-9474-65155DE84458,2014-05-18 00:00:00.000
5202,4397,jack18@adventure-works.com,55F6A028-A297-4D13-8BF6-5E273C1A1DE8,2013-07-30 00:00:00.000
5203,4398,leonard9@adventure-works.com,FB45F96D-31BE-4091-8A2D-99586867D557,2014-05-19 00:00:00.000
5204,4399,jack19@adventure-works.com,E5952467-F11C-4048-A124-2EE0D39B36A9,2014-01-11 00:00:00.000
5205,4400,leonard10@adventure-works.com,28C31C3E-64A3-4619-BD46-BAC356D91516,2012-09-11 00:00:00.000
5206,4401,jack20@adventure-works.com,29F72A62-6E38-4832-843A-958F1FF0CB60,2014-05-12 00:00:00.000
5207,4402,leonard11@adventure-works.com,4ECE2FA3-92D0-49E2-9AC2-68DD272DE62F,2014-01-21 00:00:00.000
5208,4403,jack21@adventure-works.com,70C48B2E-2A18-43B0-90A9-7CF808CC55DB,2013-10-08 00:00:00.000
5209,4404,jack22@adventure-works.com,24F37C42-ADCD-4243-8743-7A82986F0D50,2014-01-31 00:00:00.000
5210,4405,jack23@adventure-works.com,203FD949-20C7-4338-9A09-2CE4346143A2,2014-04-04 00:00:00.000
5211,4406,leonard12@adventure-works.com,F57A937D-EF01-441C-86AB-0EB401A17E67,2014-05-21 00:00:00.000
5212,4407,leonard13@adventure-works.com,C0F1ACF1-2434-4BAA-8FB6-3D9281A45DD8,2012-11-12 00:00:00.000
5213,4408,jack24@adventure-works.com,AE4D722B-A18C-4EA1-B26E-C7F4157E6BE5,2012-01-02 00:00:00.000
5214,4409,leonard14@adventure-works.com,7BE3542F-072B-4B51-B0DC-F29C6899A771,2012-12-12 00:00:00.000
5215,4410,jack25@adventure-works.com,0AE1AAF7-6E73-4AD6-8FE6-CD22474EA677,2014-01-01 00:00:00.000
5216,4411,jack26@adventure-works.com,68346358-9A43-46AE-A63C-DA4BCFBE366F,2014-02-14 00:00:00.000
5217,4412,jack27@adventure-works.com,C251558D-5FC1-4CF2-BE8F-343A9D156131,2013-01-13 00:00:00.000
5218,4413,leonard15@adventure-works.com,7659D0D3-80E3-41EC-9B85-933961258713,2014-04-03 00:00:00.000
5219,4414,jack28@adventure-works.com,1F71E3BB-6573-450C-B680-AAF35DE159A4,2014-06-09 00:00:00.000
5220,4415,leonard16@adventure-works.com,22E34EE3-57BF-44AD-B373-FE664B4849E9,2014-03-18 00:00:00.000
5221,4416,leonard17@adventure-works.com,BD879F53-46B6-41F8-918B-113A4D6B49E0,2013-12-25 00:00:00.000
5222,4417,jack29@adventure-works.com,F31E86B9-6297-4705-A4AE-707599F55FB0,2014-03-19 00:00:00.000
5223,4418,jack30@adventure-works.com,90E24773-E23E-4C51-8232-E0D9C510E20D,2014-05-08 00:00:00.000
5224,4419,jack31@adventure-works.com,283A0E69-6B39-4152-80D7-84DD88A60A77,2011-11-28 00:00:00.000
5225,4420,leonard18@adventure-works.com,6B079AC8-CD43-48BD-A78D-BEED64F20F12,2013-09-10 00:00:00.000
5226,4421,leonard19@adventure-works.com,0357BFD7-B570-479B-A751-EC78C40620E6,2013-12-13 00:00:00.000
5227,4422,jack32@adventure-works.com,D1E52DF0-8B1F-4DCE-A10F-1108F28A22B5,2013-09-14 00:00:00.000
5228,4423,jack33@adventure-works.com,AA3ADBDA-ADB0-41F3-A700-721A7027D923,2012-08-20 00:00:00.000
5229,4424,alvin37@adventure-works.com,F926DD6B-1157-4351-A6CC-50149F8600A8,2013-09-23 00:00:00.000
5230,4425,leonard20@adventure-works.com,9E53AAB8-2A74-45D0-889C-81A4E8B2F6F5,2013-02-08 00:00:00.000
5231,4426,adam2@adventure-works.com,51E25A43-2906-4347-BB4C-208035E73026,2011-09-07 00:00:00.000
5232,4427,leonard21@adventure-works.com,CA42BD06-60C3-4F64-9F9D-DE21C98D04E1,2013-12-27 00:00:00.000
5233,4428,leonard22@adventure-works.com,1D634395-A79B-49BF-AFDC-9713727D0E4E,2013-10-07 00:00:00.000
5234,4429,adam3@adventure-works.com,021C845F-9131-4FFA-AE0E-F4DAD5135536,2013-10-26 00:00:00.000
5235,4430,leonard23@adventure-works.com,332F8D17-BB31-4537-A9FD-0E9539EF5DCE,2014-02-25 00:00:00.000
5236,4431,adam4@adventure-works.com,C9EA06A4-BC39-4D16-92B8-61F67B4562BA,2013-04-22 00:00:00.000
5237,4432,leonard24@adventure-works.com,DF769351-17D0-4B62-89B8-6B6AF712CFB6,2013-01-30 00:00:00.000
5238,4433,adam5@adventure-works.com,339B359B-AA0C-4A4A-A8DC-BDE5A18E454C,2011-11-27 00:00:00.000
5239,4434,adam6@adventure-works.com,0BADD179-183B-49CB-98AB-34BFB3C1F05D,2013-01-03 00:00:00.000
5240,4435,adam7@adventure-works.com,7B7D75CB-3834-4D73-9CAD-B2E6D2FFD0E0,2014-05-01 00:00:00.000
5241,4436,nicolas0@adventure-works.com,5985F783-D417-43B9-8DF7-DB2FEAAFB283,2013-07-24 00:00:00.000
5242,4437,adam8@adventure-works.com,7871CF21-73E9-493D-B25D-6DDBC4A0C2B2,2013-11-02 00:00:00.000
5243,4438,adam9@adventure-works.com,965E6A64-4FE9-4FB8-9B20-77EA273F9BAC,2013-09-15 00:00:00.000
5244,4439,adam10@adventure-works.com,CD1DD522-E87F-41D0-A240-5FF1677EA55F,2011-07-31 00:00:00.000
5245,4440,adam11@adventure-works.com,82291E84-DC9C-4C12-8178-1720AC6CE118,2014-05-26 00:00:00.000
5246,4441,adam12@adventure-works.com,F5DEC9A4-EE85-4725-9292-94B7801479B9,2014-04-15 00:00:00.000
5247,4442,nicolas1@adventure-works.com,ECB497D6-0CC8-4E59-A92F-F4E059C84F67,2013-12-06 00:00:00.000
5248,4443,adam13@adventure-works.com,00D757C1-F157-4F5F-B41C-7D33240534C0,2013-11-21 00:00:00.000
5249,4444,nicolas2@adventure-works.com,0C7380E6-3158-48A4-89D6-B7A388E1D91B,2012-09-24 00:00:00.000
5250,4445,adam14@adventure-works.com,D2673EBA-536E-402F-9A73-A5B002E6DF79,2014-02-23 00:00:00.000
5251,4446,adam15@adventure-works.com,F7BD5BA6-7B86-45BB-88E0-D6F234C50398,2014-05-19 00:00:00.000
5252,4447,alvin38@adventure-works.com,4E0A8991-A445-4F58-BC5A-DEA06A035040,2014-03-11 00:00:00.000
5253,4448,nicolas3@adventure-works.com,8C616069-5848-41A9-B34C-613017D6CB62,2013-09-21 00:00:00.000
5254,4449,adam16@adventure-works.com,7999AAE2-8500-454D-B64A-CE9EB914053A,2014-04-26 00:00:00.000
5255,4450,adam17@adventure-works.com,8F285812-5349-42CE-8A0C-C068E1105411,2014-01-08 00:00:00.000
5256,4451,adam18@adventure-works.com,FE619D95-A53C-49D3-914B-9FBEC2726517,2014-01-06 00:00:00.000
5257,4452,adam19@adventure-works.com,80420C81-02F4-46F0-BA2F-5A1640B1C7FE,2014-05-25 00:00:00.000
5258,4453,adam20@adventure-works.com,37840EF7-D880-4E21-841B-FB9323702233,2013-06-17 00:00:00.000
5259,4454,nicolas4@adventure-works.com,8C424AD8-F42F-4A26-B1FD-E7FA769AB28A,2014-01-14 00:00:00.000
5260,4455,adam21@adventure-works.com,EF131F30-DE7C-4ABD-B819-CC695331A35B,2013-10-09 00:00:00.000
5261,4456,nicolas5@adventure-works.com,B1D3319B-80A0-4CC3-B111-423046EB18F9,2012-10-20 00:00:00.000
5262,4457,adam22@adventure-works.com,AE6E695E-5331-4AEB-A4D5-8845F29CC77D,2013-06-23 00:00:00.000
5263,4458,nicolas6@adventure-works.com,0987E3F3-0877-4F29-A8DF-B36486937230,2013-07-24 00:00:00.000
5264,4459,adam23@adventure-works.com,A1888DAE-CAC3-42CD-BBF3-CB13EA022278,2014-01-25 00:00:00.000
5265,4460,nicolas7@adventure-works.com,66DA09BD-98D9-4AB6-A05F-F7C7DE1C13D8,2013-05-24 00:00:00.000
5266,4461,nicolas8@adventure-works.com,CDBDAE95-98CB-44B5-82E3-0EBA9734400A,2014-03-22 00:00:00.000
5267,4462,adam24@adventure-works.com,C64794AF-4CA0-4EB4-8DBD-EB60E93D568E,2013-07-17 00:00:00.000
5268,4463,adam25@adventure-works.com,6555A5AB-6EFA-4CDF-B9A1-63CE5DC447CA,2013-01-21 00:00:00.000
5269,4464,nicolas9@adventure-works.com,C352CEF3-A5FC-48C2-AC03-C27AC49938F0,2013-09-20 00:00:00.000
5270,4465,adam26@adventure-works.com,9D0DB551-0005-4C99-879F-143653AB5B9A,2012-11-05 00:00:00.000
5271,4466,nicolas10@adventure-works.com,74FBA0AF-823A-489F-9D57-DC9280B9980E,2014-01-16 00:00:00.000
5272,4467,adam27@adventure-works.com,83C8B7F9-AB8C-449F-8F9E-32FCB7FC84C5,2014-01-10 00:00:00.000
5273,4468,adam28@adventure-works.com,C99C978E-DC7B-4AFA-829C-035C5CE90A5F,2012-07-03 00:00:00.000
5274,4469,eric12@adventure-works.com,906350F7-A373-4260-B6EA-8FD47A6871A9,2014-06-08 00:00:00.000
5275,4470,nicolas11@adventure-works.com,C570FBA5-6308-4CE1-9510-69B1B126F6AC,2013-08-12 00:00:00.000
5276,4471,eric13@adventure-works.com,6841D6E1-AD8D-4B5A-A0ED-62D757B5F950,2014-01-05 00:00:00.000
5277,4472,eric14@adventure-works.com,2709E80E-29ED-4E82-A281-DBA64289A423,2014-05-02 00:00:00.000
5278,4473,alvin39@adventure-works.com,2B59C097-0ACD-4E48-AA52-071F52528502,2013-09-25 00:00:00.000
5279,4474,nicolas12@adventure-works.com,32C9D0FA-C17A-44A6-B827-EDDF0130B86C,2013-05-10 00:00:00.000
5280,4475,nicolas13@adventure-works.com,B41E8370-2ABD-4B20-8BC8-650EAC7F6C22,2013-11-12 00:00:00.000
5281,4476,eric15@adventure-works.com,8EFB1614-F4C5-4D42-8997-9AE3B084E8A7,2012-12-13 00:00:00.000
5282,4477,eric16@adventure-works.com,F2A07048-1F29-4E47-8E28-B2EA9BB26FE7,2013-08-21 00:00:00.000
5283,4478,nicolas14@adventure-works.com,E8BC46EA-7B72-4849-AA89-3674654159E4,2012-04-06 00:00:00.000
5284,4479,eric17@adventure-works.com,B6828A61-224D-46C5-B536-AC5037BFE25F,2014-03-15 00:00:00.000
5285,4480,nicolas15@adventure-works.com,3F8C0CD6-64FE-46C4-ABE6-AA158DAB86D9,2013-02-24 00:00:00.000
5286,4481,nicolas16@adventure-works.com,2F5AB2E1-CFF8-45EE-86CA-081E0704C01B,2011-09-29 00:00:00.000
5287,4482,eric18@adventure-works.com,5B05E60E-7A66-429A-BD05-DDE84812A098,2014-04-07 00:00:00.000
5288,4483,eric19@adventure-works.com,EF28DD38-071D-4BB9-B3EC-255E7B620FFB,2013-11-06 00:00:00.000
5289,4484,nicolas17@adventure-works.com,A7482300-7A4A-4546-9549-12CDDF456D35,2014-01-30 00:00:00.000
5290,4485,nicolas18@adventure-works.com,F670C274-F9E7-496C-A77B-58B6D66DB0DA,2014-03-11 00:00:00.000
5291,4486,eric20@adventure-works.com,1A7A44BF-91E8-46CA-AD46-B1ACDD2BBF4A,2011-10-07 00:00:00.000
5292,4487,nicolas19@adventure-works.com,01C21613-B1E1-40FC-B94E-0BA2C40A3328,2014-02-24 00:00:00.000
5293,4488,eric21@adventure-works.com,C035D118-2226-44FB-9EFF-C95478CB0565,2014-04-19 00:00:00.000
5294,4489,nicolas20@adventure-works.com,D8EA51FB-1BA3-4787-A153-EDE9DE62E44A,2012-04-24 00:00:00.000
5295,4490,eric22@adventure-works.com,FFDBB0E0-84BA-43EB-B952-F153D806B0DC,2011-11-03 00:00:00.000
5296,4491,eric23@adventure-works.com,44E6CA5B-CAC8-4415-8F5C-5651142F0502,2012-01-24 00:00:00.000
5297,4492,alvin40@adventure-works.com,E179A5C3-5AA0-452A-9B84-6A4650C7EC10,2014-03-31 00:00:00.000
5298,4493,dale0@adventure-works.com,B7CDFB74-A0D9-4174-A5C8-E9C671E96939,2013-03-22 00:00:00.000
5299,4494,eric24@adventure-works.com,A8C7D552-C8E2-4330-82B9-487A1885E37F,2014-02-27 00:00:00.000
5300,4495,dale1@adventure-works.com,FD273921-C5FB-48E4-ACFE-B0EF3369346E,2014-03-31 00:00:00.000
5301,4496,dale2@adventure-works.com,04976D81-178A-4E7D-866B-99379C021751,2013-07-15 00:00:00.000
5302,4497,eric25@adventure-works.com,F782C68A-2A07-487C-86F6-3A7C81B37D5A,2013-10-20 00:00:00.000
5303,4498,dale3@adventure-works.com,0CF1058D-198A-4139-9A3B-08F3ADD1582A,2013-08-30 00:00:00.000
5304,4499,eric26@adventure-works.com,90A9D7C0-B1FB-4529-B5BD-333CBF61D6E7,2011-08-06 00:00:00.000
5305,4500,eric27@adventure-works.com,C33355BB-DD64-4142-BF42-3280119DD428,2014-05-14 00:00:00.000
5306,4501,dale4@adventure-works.com,579E4D41-7F88-4D2F-9D8B-4793CA44B08F,2013-06-28 00:00:00.000
5307,4502,eric28@adventure-works.com,9997ACAF-D1CA-4C12-9A49-7CBD9A72AA51,2012-04-03 00:00:00.000
5308,4503,eric29@adventure-works.com,E12C5FFD-2EDE-46E2-9700-103474A9F63C,2014-04-30 00:00:00.000
5309,4504,eric30@adventure-works.com,6630C1E6-007B-4DE7-9FD1-07D86E15C78D,2013-10-27 00:00:00.000
5310,4505,dale5@adventure-works.com,4CB2258F-E706-4FD1-8B6A-45060172B275,2013-06-12 00:00:00.000
5311,4506,eric31@adventure-works.com,501E5655-1DF6-4478-BA89-28CD30794544,2014-04-16 00:00:00.000
5312,4507,dale6@adventure-works.com,349C2762-5085-48EE-BC1C-E53F5C896918,2014-02-16 00:00:00.000
5313,4508,eric32@adventure-works.com,CBD6BE02-B8DA-4CB7-9CB9-5C82CBE3C34C,2013-12-01 00:00:00.000
5314,4509,eric33@adventure-works.com,E1632BAE-EC0B-4DFB-99C8-A61D173E615A,2012-11-30 00:00:00.000
5315,4510,eric34@adventure-works.com,74B2D632-0F33-4DA5-8B53-9ACACB9B8F40,2014-03-01 00:00:00.000
5316,4511,dale7@adventure-works.com,05020259-03F1-415D-A53C-D3D0FEE93A3D,2014-04-02 00:00:00.000
5317,4512,eric35@adventure-works.com,AFF30B0C-86C9-4CDF-906A-52D811E9F258,2014-03-22 00:00:00.000
5318,4513,alvin41@adventure-works.com,9F408811-4DC3-4246-AB90-D73D94FFE58B,2013-04-01 00:00:00.000
5319,4514,eric36@adventure-works.com,8B053D75-97D7-4743-8173-8703974F082E,2013-08-14 00:00:00.000
5320,4515,eric37@adventure-works.com,08650F6F-B9EE-4A13-AB47-AD055DA86A47,2013-08-16 00:00:00.000
5321,4516,eric38@adventure-works.com,8FB532E6-5E4E-491C-B813-181F569A1005,2013-09-22 00:00:00.000
5322,4517,eric39@adventure-works.com,A962B2C0-5F22-4BDC-8F66-34B41C32E5AD,2013-08-15 00:00:00.000
5323,4518,dale8@adventure-works.com,9B78EC71-0427-46DD-B52C-B5E98197CA33,2013-07-11 00:00:00.000
5324,4519,eric40@adventure-works.com,977A84FB-5201-460D-9EDD-036D97154903,2014-01-12 00:00:00.000
5325,4520,jackson6@adventure-works.com,077CFDD5-0752-4F43-BBC6-0C2C24D9A6F2,2013-05-23 00:00:00.000
5326,4521,jackson7@adventure-works.com,4918059E-F921-48DD-BE99-B58F54D94584,2011-10-18 00:00:00.000
5327,4522,dale9@adventure-works.com,0F2FAC98-E6E3-4930-8A97-15F172F6A248,2014-04-23 00:00:00.000
5328,4523,jackson8@adventure-works.com,361A6CDA-9030-48B2-AB12-E7FB911930E8,2013-05-22 00:00:00.000
5329,4524,dale10@adventure-works.com,68B40B83-ADEB-4924-890A-7A8E55B8FEB3,2014-02-04 00:00:00.000
5330,4525,jackson9@adventure-works.com,C03F3FF5-F2D8-447B-B79D-85AAC57EA0D0,2012-07-11 00:00:00.000
5331,4526,jackson10@adventure-works.com,D2425E7B-43C5-4BD3-96E7-33FFB279EFCE,2014-05-07 00:00:00.000
5332,4527,dale11@adventure-works.com,A9DE4E1B-0B3B-46AC-9EA9-E3531E299996,2013-07-30 00:00:00.000
5333,4528,jackson11@adventure-works.com,3F894552-06DA-4718-9A8B-2AFA192E4D0D,2012-10-06 00:00:00.000
5334,4529,dale12@adventure-works.com,F95F8C41-66AE-4FD8-B073-F943825D231C,2011-08-03 00:00:00.000
5335,4530,jackson12@adventure-works.com,110CE188-77E9-4826-966C-1D3AA6C1F355,2014-02-12 00:00:00.000
5336,4531,jackson13@adventure-works.com,0E14A64A-CC1E-49F1-9582-3EF0B18861A5,2014-01-19 00:00:00.000
5337,4532,dale13@adventure-works.com,54E697DF-B908-4028-B8E4-0FE68CFE02FA,2013-08-30 00:00:00.000
5338,4533,jackson14@adventure-works.com,C8CBF3F4-5F39-4D09-B70D-6979F04FC46D,2014-03-17 00:00:00.000
5339,4534,dale14@adventure-works.com,7550BEB0-C3F7-4893-BB05-7F60C31EE189,2012-07-20 00:00:00.000
5340,4535,jackson15@adventure-works.com,7629DB8D-5B15-4640-BB7E-4CC65E8509C7,2013-07-06 00:00:00.000
5341,4536,dale15@adventure-works.com,0E860203-4D7A-4C11-BE2F-3A3BDC944FC5,2013-09-04 00:00:00.000
5342,4537,jackson16@adventure-works.com,D9EB682B-C135-4AAF-B2DD-267A26BB6E85,2014-05-20 00:00:00.000
5343,4538,jackson17@adventure-works.com,66DA6AB1-92A4-42BB-BCDC-70F9FD575B5B,2014-05-05 00:00:00.000
5344,4539,damien0@adventure-works.com,4D68D40A-80F1-4F9D-96FA-7464CAAA244F,2013-02-24 00:00:00.000
5345,4540,alvin42@adventure-works.com,09DDECAB-3677-4F53-A67E-C6A4696D877C,2014-03-24 00:00:00.000
5346,4541,dale16@adventure-works.com,9416A161-08E2-4620-8D58-ECAE080EE682,2013-12-06 00:00:00.000
5347,4542,jackson18@adventure-works.com,9BC13193-65C3-427F-842E-CB79EEF49794,2014-04-16 00:00:00.000
5348,4543,jackson19@adventure-works.com,CF6A5BD8-7FF9-4173-9FBB-B5135D985DE5,2013-09-19 00:00:00.000
5349,4544,dale17@adventure-works.com,70F53815-AE3D-4C5F-A758-285E9619B2A9,2012-04-02 00:00:00.000
5350,4545,dale18@adventure-works.com,A6378277-AB85-4E80-8139-B4C04D52C7AB,2014-04-17 00:00:00.000
5351,4546,dale19@adventure-works.com,DE041168-01A8-4163-993D-BEC55077CAB2,2014-04-27 00:00:00.000
5352,4547,jackson20@adventure-works.com,5A223EAE-74DD-4A86-A32D-0A86FF49ABF8,2013-10-30 00:00:00.000
5353,4548,dale20@adventure-works.com,D5D4B789-55F6-4CAF-80C5-62ECF28DB769,2011-11-09 00:00:00.000
5354,4549,jackson21@adventure-works.com,CCAE0D6F-0CF0-4ACC-AA3F-3EEABEBEA979,2013-03-12 00:00:00.000
5355,4550,micah0@adventure-works.com,834FC60A-924A-48DB-BBD3-E80780957D7C,2012-08-01 00:00:00.000
5356,4551,jackson22@adventure-works.com,B23C3F6F-862F-43DA-B863-E684BFE65A49,2014-05-26 00:00:00.000
5357,4552,jackson23@adventure-works.com,EA2AC045-DF5C-4CF9-A7B1-1CA218E43164,2014-04-14 00:00:00.000
5358,4553,micah1@adventure-works.com,16506E74-CB4B-4B4E-9600-C48B2636B670,2013-05-17 00:00:00.000
5359,4554,jackson24@adventure-works.com,CD4F17F2-9F7E-4FF1-9634-96E5C9459C8B,2013-10-21 00:00:00.000
5360,4555,micah2@adventure-works.com,2925935E-A683-4873-990C-B06A37A9BFC5,2013-02-16 00:00:00.000
5361,4556,jackson25@adventure-works.com,EA3C7FBB-0431-4D18-893C-5FC146312A48,2012-09-06 00:00:00.000
5362,4557,jackson26@adventure-works.com,6EF0D2BE-0385-467B-864E-397ECF85F51C,2014-05-08 00:00:00.000
5363,4558,micah3@adventure-works.com,4BBB38C6-725F-4AC5-81D6-F109DA11DBA0,2014-05-24 00:00:00.000
5364,4559,jackson27@adventure-works.com,E6236964-6A57-47BE-B3CB-A9CACD2BCB9F,2012-08-22 00:00:00.000
5365,4560,jackson28@adventure-works.com,18C165D4-B0DC-4C51-8291-5E68F44DD147,2011-06-15 00:00:00.000
5366,4561,micah4@adventure-works.com,773BEC65-2C9C-4207-A35D-E0C5238B6D82,2014-03-12 00:00:00.000
5367,4562,alvin43@adventure-works.com,F594BBF9-D173-4AEB-AAA6-293B7F6F161E,2013-09-05 00:00:00.000
5368,4563,micah5@adventure-works.com,59C8B2B7-D9A1-4F91-8F19-DC8EFC53914A,2013-03-05 00:00:00.000
5369,4564,elijah0@adventure-works.com,2115B27A-B97B-44A3-9DC9-479373BE5FA1,2011-07-03 00:00:00.000
5370,4565,micah6@adventure-works.com,E1AEEB31-80FE-4DF5-8D54-D5A57EC1218D,2013-09-30 00:00:00.000
5371,4566,micah7@adventure-works.com,3560FA86-5009-4CC0-BF4F-DE264986AE72,2014-05-13 00:00:00.000
5372,4567,micah8@adventure-works.com,A55E8F21-9D5B-44A7-A632-46A45E5B1CC9,2012-09-20 00:00:00.000
5373,4568,elijah1@adventure-works.com,6175FD3B-821F-462C-BCB2-CF6E37A87479,2012-01-31 00:00:00.000
5374,4569,micah9@adventure-works.com,93E19CEE-93DE-4AEC-9281-3B0C5F74C4B4,2011-11-19 00:00:00.000
5375,4570,elijah2@adventure-works.com,F051B100-90C2-4087-9478-0CEB31170BD0,2013-12-06 00:00:00.000
5376,4571,elijah3@adventure-works.com,FCD97F6F-D16F-401B-B290-071CFBBBA5B9,2013-08-21 00:00:00.000
5377,4572,micah10@adventure-works.com,A6C6AD8A-FEE5-439A-8F33-C94DA5885138,2011-09-28 00:00:00.000
5378,4573,elijah4@adventure-works.com,1967F295-87E2-48F9-86BA-DACB112E3B99,2013-10-30 00:00:00.000
5379,4574,elijah5@adventure-works.com,F3547429-7D9A-4D65-BB82-F17DD3117F87,2013-03-28 00:00:00.000
5380,4575,elijah6@adventure-works.com,034B36A5-A452-46F7-A2E8-B195C1FF8418,2014-03-20 00:00:00.000
5381,4576,jason2@adventure-works.com,1AE2C30E-15D3-4BA5-8725-8C070BA5F4B5,2013-02-10 00:00:00.000
5382,4577,jake0@adventure-works.com,7A85BD94-BAB7-4626-812A-29BB96C0A473,2014-04-30 00:00:00.000
5383,4578,jason3@adventure-works.com,65FB76FA-5D44-4ED6-A316-1BAFA9586FE9,2014-01-24 00:00:00.000
5384,4579,jason4@adventure-works.com,A4F24B57-A00B-46B1-8286-A7DD1281A938,2012-04-23 00:00:00.000
5385,4580,jake1@adventure-works.com,934311E1-18FE-48B1-9F29-735D575EAD69,2012-07-13 00:00:00.000
5386,4581,jason5@adventure-works.com,F7178D9A-8A74-48B6-A8A3-51D5F577EB28,2014-05-10 00:00:00.000
5387,4582,jason6@adventure-works.com,A8ED23A9-4349-436C-80A4-1928A1678B24,2014-06-16 00:00:00.000
5388,4583,jake2@adventure-works.com,09DC6B8D-5DDB-44B0-ADBD-15FC47544B98,2012-10-09 00:00:00.000
5389,4584,jason7@adventure-works.com,0A57A397-81BC-4342-A1C6-9D40009B6EEE,2014-02-24 00:00:00.000
5390,4585,jessie1@adventure-works.com,BC9D5759-E17C-465B-89F5-E1A8F83EC6D5,2013-03-16 00:00:00.000
5391,4586,jake3@adventure-works.com,6F0C2A93-7120-4F64-905E-B4872D7C4A47,2013-10-18 00:00:00.000
5392,4587,jason8@adventure-works.com,1BDDB870-B522-4135-BF09-F0FD168F8326,2013-10-15 00:00:00.000
5393,4588,jake4@adventure-works.com,A23C649F-6F0C-4630-A312-F015603C741A,2014-04-29 00:00:00.000
5394,4589,jake5@adventure-works.com,4EDF87B0-6F07-4924-88F1-50BC0944EDB9,2013-05-14 00:00:00.000
5395,4590,jake6@adventure-works.com,00F34057-13AA-477F-8395-2FE29151E509,2013-09-11 00:00:00.000
5396,4591,jason9@adventure-works.com,9DA17C45-A89A-4F2A-BC92-062169A223E4,2013-12-24 00:00:00.000
5397,4592,jake7@adventure-works.com,459E28B3-FB71-4EA6-99F3-92834DBAEB10,2014-02-17 00:00:00.000
5398,4593,jason10@adventure-works.com,E4D2B505-4704-4D3E-A2F4-B84D13AACCDF,2013-07-24 00:00:00.000
5399,4594,jason11@adventure-works.com,97F6BE97-4823-44EB-926D-CB56E0D03DED,2011-09-03 00:00:00.000
5400,4595,jake8@adventure-works.com,8D942CB0-F812-49EB-8A14-2B2F3DF31E76,2013-03-07 00:00:00.000
5401,4596,jason12@adventure-works.com,A88ABC8B-5333-4D80-8F80-7C68CCDE3CEB,2014-03-04 00:00:00.000
5402,4597,jason13@adventure-works.com,FEACA9A8-B909-4E27-9B0E-6C18C1153D8A,2012-06-08 00:00:00.000
5403,4598,jason14@adventure-works.com,8DD54036-C0CE-4500-9784-57EC6CBBC245,2012-06-19 00:00:00.000
5404,4599,jake9@adventure-works.com,AAB5C7F9-8784-45CD-9927-D8C92A1786E2,2013-11-05 00:00:00.000
5405,4600,jason15@adventure-works.com,F9043AD4-F6BC-4830-B182-A4FDAC935A16,2012-09-01 00:00:00.000
5406,4601,jason16@adventure-works.com,CC2EB956-BDCD-48C1-B43A-DB8A812A6F39,2014-01-16 00:00:00.000
5407,4602,jake10@adventure-works.com,F6C96C6D-E467-4BA9-9A75-5859EC1B7DE6,2014-03-30 00:00:00.000
5408,4603,jason17@adventure-works.com,80E7F8C8-987C-415F-9FD9-11EAA2E3C71E,2013-06-06 00:00:00.000
5409,4604,jason18@adventure-works.com,431E6FF0-5213-4888-B193-7CC07919FB39,2013-07-10 00:00:00.000
5410,4605,jason19@adventure-works.com,E84A1DEE-1905-4EE2-88EF-21C3AB4EF9F5,2013-07-01 00:00:00.000
5411,4606,jason20@adventure-works.com,65777530-DBCB-48B3-9699-839EA72C14C0,2014-03-04 00:00:00.000
5412,4607,jason21@adventure-works.com,6F7C305C-B214-4DBD-9280-6588C5C75896,2013-09-04 00:00:00.000
5413,4608,jason22@adventure-works.com,3A064C37-7652-4D55-B71D-A338E121FD13,2014-03-29 00:00:00.000
5414,4609,jason23@adventure-works.com,B0F973CB-A45B-468B-B756-F7F939095E8F,2014-05-26 00:00:00.000
5415,4610,jessie2@adventure-works.com,6E78D63D-56A5-446D-85A6-B4C44F109CAD,2013-02-04 00:00:00.000
5416,4611,jake11@adventure-works.com,3A896E16-D984-42AF-9610-3AC7A7DCF977,2013-01-07 00:00:00.000
5417,4612,jason24@adventure-works.com,8FA3E278-71D9-4388-9215-8EAF7EA887D2,2012-11-24 00:00:00.000
5418,4613,jason25@adventure-works.com,2671E544-A7D4-42CE-B65E-D692A153C8CD,2014-01-11 00:00:00.000
5419,4614,jake12@adventure-works.com,CB70BAA4-B0B6-4D74-9D37-8365B71743A7,2014-03-18 00:00:00.000
5420,4615,jake13@adventure-works.com,84538CE7-A3BA-4F6D-931B-9FE051521362,2013-11-22 00:00:00.000
5421,4616,jason26@adventure-works.com,C8C3489F-3342-4F03-AE60-2B31C2E5DA40,2014-05-05 00:00:00.000
5422,4617,jason27@adventure-works.com,AEDCEEEE-BE89-4B9D-BFB1-F8AA0A3A77CC,2014-04-29 00:00:00.000
5423,4618,jason28@adventure-works.com,EA36C859-4715-43C0-9989-02F85E67A75A,2013-07-09 00:00:00.000
5424,4619,jake14@adventure-works.com,00E84E3C-B6E5-4B55-B7DC-27046A1EE73A,2013-12-18 00:00:00.000
5425,4620,jake15@adventure-works.com,25BC8211-14FA-4ADC-8ADA-F5DA6FDF91D2,2013-07-02 00:00:00.000
5426,4621,jake16@adventure-works.com,2F4BB3D9-F694-4DCF-9468-5C60683F497A,2014-05-18 00:00:00.000
5427,4622,luis2@adventure-works.com,B65FA5B7-84A2-4BFD-8F3A-1F003AEACF63,2014-01-01 00:00:00.000
5428,4623,luis3@adventure-works.com,45813D7B-EA52-4E3C-B142-E4CDED5A9F57,2013-08-03 00:00:00.000
5429,4624,jake17@adventure-works.com,350FA38D-374A-4070-9662-1FD302D00C6F,2012-11-14 00:00:00.000
5430,4625,jake18@adventure-works.com,8FBBAA39-89E7-4E84-99D4-60E495A4201F,2013-12-11 00:00:00.000
5431,4626,luis4@adventure-works.com,2803278F-F422-44E7-8D81-3E224074AD4C,2013-02-05 00:00:00.000
5432,4627,jessie3@adventure-works.com,5DBE5E47-D3BF-409F-AD4B-B770C932C238,2011-10-13 00:00:00.000
5433,4628,jake19@adventure-works.com,BF65F6C5-293D-489D-A70A-1CBAA5069513,2013-07-19 00:00:00.000
5434,4629,luis5@adventure-works.com,CB5AC6D9-D6A2-4D7F-8DB4-242EBD34F7F5,2013-10-15 00:00:00.000
5435,4630,jake20@adventure-works.com,3E1BCDA6-5E29-47CB-BFE9-6A6FB4FF2235,2013-09-23 00:00:00.000
5436,4631,luis6@adventure-works.com,A46FBEE0-19DF-45D5-852C-9146492CCB79,2014-01-04 00:00:00.000
5437,4632,jake21@adventure-works.com,39FF9B21-9E4F-4F59-9012-B44C294A145E,2013-03-10 00:00:00.000
5438,4633,luis7@adventure-works.com,9A05C08F-A29F-4B41-8145-6FFB5C9A5034,2013-12-17 00:00:00.000
5439,4634,luis8@adventure-works.com,4B375B2E-2E58-4213-8FB0-40B0B79894B2,2013-09-25 00:00:00.000
5440,4635,luis9@adventure-works.com,5D8A1806-5730-4936-B0F2-98871092D25E,2014-03-04 00:00:00.000
5441,4636,eugene4@adventure-works.com,11D8E9CF-C098-4577-BA9C-51277C237854,2013-10-05 00:00:00.000
5442,4637,luis10@adventure-works.com,FB57DCA2-DB90-4FB4-B504-103C943BE21E,2013-11-09 00:00:00.000
5443,4638,eugene5@adventure-works.com,0753141F-9FB2-4C12-8A7F-3CBA69F6D604,2014-03-25 00:00:00.000
5444,4639,luis11@adventure-works.com,AAE016B1-97BD-4966-8808-B5A118145876,2013-09-20 00:00:00.000
5445,4640,eugene6@adventure-works.com,7F9DD956-41A9-41C4-A137-C65C202E20CD,2013-12-26 00:00:00.000
5446,4641,luis12@adventure-works.com,E092AF46-2BC9-4C49-93D7-E858114DE991,2013-07-04 00:00:00.000
5447,4642,luis13@adventure-works.com,1EFA25B5-366F-4018-BDD0-A75C5A712DF7,2013-10-18 00:00:00.000
5448,4643,eugene7@adventure-works.com,EF6F5524-B0A7-42F7-9489-CC57C2E9B1FA,2014-03-12 00:00:00.000
5449,4644,luis14@adventure-works.com,0DEBFEA5-452E-4C2F-B116-73DF01B576D0,2013-06-27 00:00:00.000
5450,4645,luis15@adventure-works.com,3CAB8D14-E12E-4B68-90CE-139C3DDF1F58,2014-05-30 00:00:00.000
5451,4646,eugene8@adventure-works.com,EE034698-45CD-4AEB-9535-5B1E490D65F4,2011-10-20 00:00:00.000
5452,4647,luis16@adventure-works.com,81B4AD0D-CF1E-4A36-AFE8-1FDE4FF51529,2013-06-30 00:00:00.000
5453,4648,eugene9@adventure-works.com,84FAB635-EAE2-404A-8733-F6EF45E8E6BF,2013-11-01 00:00:00.000
5454,4649,eugene10@adventure-works.com,74F60C20-7C26-4D45-9829-A7B966D893FF,2011-06-17 00:00:00.000
5455,4650,luis17@adventure-works.com,41F90321-C1C8-44CE-9094-CD4B7A17CAF5,2013-07-21 00:00:00.000
5456,4651,jessie4@adventure-works.com,3D97D5A4-E1E9-4175-9E6C-FF0C95949259,2012-11-13 00:00:00.000
5457,4652,eugene11@adventure-works.com,31942EF6-80A4-4BC2-B10F-F421C6E40730,2013-06-10 00:00:00.000
5458,4653,luis18@adventure-works.com,E0A312F9-C4ED-4A12-B403-1A7FB98006C5,2013-07-18 00:00:00.000
5459,4654,luis19@adventure-works.com,7E391401-A725-46CD-9729-75D3D01E7BC4,2013-10-20 00:00:00.000
5460,4655,eugene12@adventure-works.com,BB4F712A-5F1B-4A4C-A8C2-6FFE14C8E6CE,2013-07-16 00:00:00.000
5461,4656,luis20@adventure-works.com,6FEC389A-F5E0-4206-98E6-A6146793A8D8,2013-10-27 00:00:00.000
5462,4657,eugene13@adventure-works.com,D3C1D938-6BD7-48B9-952F-EE25A7D04012,2012-06-29 00:00:00.000
5463,4658,luis21@adventure-works.com,308DBFAA-CACF-4685-980C-1B26F417019D,2013-07-23 00:00:00.000
5464,4659,luis22@adventure-works.com,944E0CB7-7CC0-494B-8D8B-77F4F84F3A62,2013-10-13 00:00:00.000
5465,4660,eugene14@adventure-works.com,DD6465BF-ED18-4A9B-A8F7-8419872AB1A9,2012-11-04 00:00:00.000
5466,4661,luis23@adventure-works.com,26E8B8B8-410B-4F86-ACDA-59CEC8A914B8,2013-07-30 00:00:00.000
5467,4662,eugene15@adventure-works.com,C9F3BCA7-C0EE-4A48-9B14-9C04FBCD5B99,2014-05-09 00:00:00.000
5468,4663,luis24@adventure-works.com,B2EFE0F3-020D-43CB-B9DF-1B511B906E2E,2012-01-28 00:00:00.000
5469,4664,eugene16@adventure-works.com,93E9BC0D-0BF4-45EE-83C5-888BE94F4E54,2013-07-08 00:00:00.000
5470,4665,luis25@adventure-works.com,A58AE52D-CB08-4533-9B7A-807F3998374C,2013-07-13 00:00:00.000
5471,4666,luis26@adventure-works.com,482457F9-4799-4D3A-85EF-7BA110F2B433,2013-09-22 00:00:00.000
5472,4667,luis27@adventure-works.com,57F7F34B-1CA8-4A1D-AC5C-927785FFE4B3,2014-02-12 00:00:00.000
5473,4668,eugene17@adventure-works.com,52DF44C0-543D-440D-9436-87BDD6E7B28B,2013-01-02 00:00:00.000
5474,4669,luis28@adventure-works.com,35AFEE46-B2A8-4BF4-AE7C-1845E0FCD06C,2013-07-11 00:00:00.000
5475,4670,luis29@adventure-works.com,F145EFB3-FD4C-4120-9F94-C8EB09C8671D,2013-01-25 00:00:00.000
5476,4671,eugene18@adventure-works.com,77A7D049-A7E9-4128-8701-99910AE232D6,2012-06-05 00:00:00.000
5477,4672,luis30@adventure-works.com,C8F7291A-ED5F-4C19-8A69-9F6372BB6477,2014-06-15 00:00:00.000
5478,4673,eugene19@adventure-works.com,088EAD8F-EABA-4AB1-800E-BE12CE44C420,2014-03-17 00:00:00.000
5479,4674,luis31@adventure-works.com,6CAF8BBF-DC1F-433D-876F-7DD06C9AE61D,2013-03-14 00:00:00.000
5480,4675,luis32@adventure-works.com,B343962F-A34C-43E4-B1D3-3C40A031770D,2014-02-10 00:00:00.000
5481,4676,jessie5@adventure-works.com,002042F3-54D6-4532-B4C7-20CA4E297239,2014-05-21 00:00:00.000
5482,4677,eugene20@adventure-works.com,9D43849B-04FE-40D0-966B-FB629491A563,2014-06-29 00:00:00.000
5483,4678,aaron3@adventure-works.com,FC7D6E01-C4CC-455A-9AC6-471BC2835961,2013-08-18 00:00:00.000
5484,4679,eugene21@adventure-works.com,E4FE863B-EDAC-4F5B-9637-4D83B2900249,2014-03-13 00:00:00.000
5485,4680,eugene22@adventure-works.com,2562702C-3AD4-4DA6-9275-CF2D19BE9353,2013-02-27 00:00:00.000
5486,4681,eugene23@adventure-works.com,DEB67396-D9F1-472A-8BE1-44F41BC24CFC,2012-12-19 00:00:00.000
5487,4682,aaron4@adventure-works.com,BF865AEE-403E-47E7-9501-1E624757B037,2014-06-04 00:00:00.000
5488,4683,aaron5@adventure-works.com,95D449C3-9CD9-4436-A8D9-9FEA02CA2DF9,2014-05-07 00:00:00.000
5489,4684,aaron6@adventure-works.com,8F233507-6A8C-4A35-A6A1-E426E398B31C,2013-08-20 00:00:00.000
5490,4685,eugene24@adventure-works.com,B34709D4-3676-40D7-A20F-CE1728D6BF90,2014-01-15 00:00:00.000
5491,4686,aaron7@adventure-works.com,DC7CF9E7-BAE9-42C8-9442-CC6E8F5A6AF4,2013-09-09 00:00:00.000
5492,4687,aaron8@adventure-works.com,D5BE99F7-8449-492E-8634-1AFEAA19F15C,2013-11-19 00:00:00.000
5493,4688,alexandre1@adventure-works.com,C08D190C-9656-48FA-8BAA-428948C7C012,2013-07-14 00:00:00.000
5494,4689,aaron9@adventure-works.com,4FD0DAE6-6E87-4E3A-8018-251BA35119F4,2013-11-22 00:00:00.000
5495,4690,aaron10@adventure-works.com,15F73DA9-5DDE-4B1D-9863-D003D465F403,2012-12-16 00:00:00.000
5496,4691,aaron11@adventure-works.com,973EA8F5-43B8-4EB3-A0BA-E93451413222,2011-10-12 00:00:00.000
5497,4692,aaron12@adventure-works.com,E165546D-8D83-447F-8771-0DA8C9B8C4D6,2013-11-04 00:00:00.000
5498,4693,eugene25@adventure-works.com,9E621DE0-97F6-41A8-8009-B943BD17E021,2014-01-29 00:00:00.000
5499,4694,eugene26@adventure-works.com,D183EEB5-F641-40FF-B0BE-0B46254FA348,2012-06-27 00:00:00.000
5500,4695,aaron13@adventure-works.com,1A2AB4B4-4527-4F90-9AC8-AE13D5430553,2014-05-28 00:00:00.000
5501,4696,aaron14@adventure-works.com,B97D2F16-9966-4190-BDE6-77BD764F3D67,2013-10-07 00:00:00.000
5502,4697,aaron15@adventure-works.com,994CEB38-C7F2-456F-852E-430E36112702,2013-12-07 00:00:00.000
5503,4698,aaron16@adventure-works.com,DD508B86-EBB2-47EE-BC50-14DB7E300BBF,2014-05-18 00:00:00.000
5504,4699,aaron17@adventure-works.com,ACE8204B-6B23-47F4-ACA5-B9AF81BB5D42,2013-09-24 00:00:00.000
5505,4700,jessie6@adventure-works.com,E8832562-3034-4815-AC72-AC3A68B0089C,2012-03-28 00:00:00.000
5506,4701,jessie7@adventure-works.com,1B1D8056-AB61-4ED9-900F-DABA69B115D6,2012-03-11 00:00:00.000
5507,4702,jessie8@adventure-works.com,4000A619-844A-4C77-8A4A-2511F24FC900,2013-12-25 00:00:00.000
5508,4703,aaron18@adventure-works.com,97C6F432-4D6C-4AE3-BD82-730C8290321D,2014-05-15 00:00:00.000
5509,4704,aaron19@adventure-works.com,9DEFC791-7338-4DBB-9D18-B315A898D4F2,2014-05-13 00:00:00.000
5510,4705,jessie9@adventure-works.com,AE8F232F-5194-4048-91B8-445A25AE747B,2011-10-18 00:00:00.000
5511,4706,jessie10@adventure-works.com,FB6E96F5-BBF8-4E6E-876A-FCB25B1E4432,2013-11-25 00:00:00.000
5512,4707,aaron20@adventure-works.com,36C457BB-FBF9-40A2-B512-C88245F3019E,2013-11-30 00:00:00.000
5513,4708,jessie11@adventure-works.com,CD241178-615E-43FB-8979-448DFC339203,2014-05-14 00:00:00.000
5514,4709,aaron21@adventure-works.com,737289FD-8E6D-4819-A9B3-7F0580924BFB,2011-11-01 00:00:00.000
5515,4710,aaron22@adventure-works.com,7AE01C5D-89A6-47C3-8A53-124C756FA232,2013-02-25 00:00:00.000
5516,4711,aaron23@adventure-works.com,B4A77894-440D-4ADA-8C47-C79D1267BE9A,2013-09-19 00:00:00.000
5517,4712,jessie12@adventure-works.com,7452F1FE-CE78-455B-B106-1AA8E19118C9,2013-12-16 00:00:00.000
5518,4713,aaron24@adventure-works.com,AEF034BF-3F4C-4A89-919C-09C0B6A253AA,2012-04-06 00:00:00.000
5519,4714,aaron25@adventure-works.com,E747CD93-9C95-44C4-A265-F1E922667F85,2013-12-13 00:00:00.000
5520,4715,aaron26@adventure-works.com,EA73E9B9-3CEA-4FB7-AD5C-E2D776355286,2012-11-20 00:00:00.000
5521,4716,jessie13@adventure-works.com,C933EF58-6C94-4D56-B486-13C760B2DD1A,2012-04-11 00:00:00.000
5522,4717,aaron27@adventure-works.com,8117E79C-F9F2-4715-A8D0-7E0DD219D567,2014-04-08 00:00:00.000
5523,4718,aaron28@adventure-works.com,E0DBF5D7-5200-4B2E-95C6-55F479000A86,2013-04-02 00:00:00.000
5524,4719,jessie14@adventure-works.com,EE6C1771-8546-4212-B38F-3A67ED2CDF8B,2013-07-09 00:00:00.000
5525,4720,jessie15@adventure-works.com,B01564AE-E3F4-4009-BCFD-F45236D49410,2013-01-20 00:00:00.000
5526,4721,jessie16@adventure-works.com,66441F8E-AAB6-4965-8F36-7ADFC4B9E3CE,2011-06-18 00:00:00.000
5527,4722,aaron29@adventure-works.com,88A05544-63B2-484C-AFEC-809B8CBD71B3,2014-04-07 00:00:00.000
5528,4723,jessie17@adventure-works.com,E8E203CF-79FC-4D69-9867-AC96D4B8626C,2013-12-30 00:00:00.000
5529,4724,aaron30@adventure-works.com,CEF20185-D8B4-4977-98CB-5AE69E09B41E,2014-05-14 00:00:00.000
5530,4725,jessie18@adventure-works.com,3BD2C81A-19A6-473A-9B0A-59B1C14D8B79,2014-04-05 00:00:00.000
5531,4726,aaron31@adventure-works.com,E0ADB339-D728-462F-820E-C81E8E7CBB23,2013-11-03 00:00:00.000
5532,4727,jessie19@adventure-works.com,463A4C63-132B-405B-9C78-983CCEFAEBAA,2012-01-31 00:00:00.000
5533,4728,aaron32@adventure-works.com,A500E3B9-C0D4-46E4-A76E-A35D36B28D57,2014-02-03 00:00:00.000
5534,4729,jessie20@adventure-works.com,4D1FB4A2-AEE7-4EFC-A692-CA547557F718,2013-10-30 00:00:00.000
5535,4730,caleb0@adventure-works.com,1F0F0EA9-F901-40CC-A1DE-893588B82112,2014-03-08 00:00:00.000
5536,4731,caleb1@adventure-works.com,0F715111-8029-4002-A24C-61E33D65900A,2013-08-30 00:00:00.000
5537,4732,jessie21@adventure-works.com,67A14A17-A723-4A69-93E3-D703EA52A090,2014-01-17 00:00:00.000
5538,4733,caleb2@adventure-works.com,0A4EC675-AB62-450D-BBB6-B725EBA86C79,2014-01-22 00:00:00.000
5539,4734,jessie22@adventure-works.com,7B5EA83D-AF4C-425B-9203-9B4B1778F97E,2013-07-22 00:00:00.000
5540,4735,caleb3@adventure-works.com,A8EE3DF1-A813-4433-9181-0664B1132EF9,2013-09-04 00:00:00.000
5541,4736,caleb4@adventure-works.com,92F06600-8BFA-47CF-8877-5F74D5AEB6F4,2013-08-13 00:00:00.000
5542,4737,jessie23@adventure-works.com,60FA16F6-E38B-4F2A-B55F-720D1A0409F1,2014-01-11 00:00:00.000
5543,4738,jessie24@adventure-works.com,9979D183-F015-4D79-8714-E67D160F59AA,2014-03-28 00:00:00.000
5544,4739,jessie25@adventure-works.com,34810C49-6AE5-4161-B545-2458CB541A4F,2013-04-13 00:00:00.000
5545,4740,jessie26@adventure-works.com,BDD95D1E-1B6F-4EDC-8829-76C3F7A1A990,2014-05-30 00:00:00.000
5546,4741,caleb5@adventure-works.com,9EB24353-9050-4F37-9FC3-68021A969B87,2013-03-19 00:00:00.000
5547,4742,jessie27@adventure-works.com,85EA762D-7953-4838-A733-BCCC8E2E030A,2013-08-29 00:00:00.000
5548,4743,caleb6@adventure-works.com,CDEB2490-4E36-4C7B-9FBB-8340DF473678,2012-06-03 00:00:00.000
5549,4744,caleb7@adventure-works.com,B95686C7-4943-4052-9836-C0FD1FCC04BB,2014-02-11 00:00:00.000
5550,4745,caleb8@adventure-works.com,EFDC4604-292C-4F9A-9079-120720198252,2013-08-22 00:00:00.000
5551,4746,jessie28@adventure-works.com,11E73068-A662-4180-B4AC-24488B5ED729,2013-09-07 00:00:00.000
5552,4747,jessie29@adventure-works.com,7D63D21C-8D7E-4E55-A670-0581C333F75C,2012-12-11 00:00:00.000
5553,4748,caleb9@adventure-works.com,624109A5-32DA-43CB-8F5F-BD86FA023F45,2013-07-02 00:00:00.000
5554,4749,caleb10@adventure-works.com,0BA71D75-039B-4504-A44F-64BFFEC2D60C,2013-06-10 00:00:00.000
5555,4750,caleb11@adventure-works.com,D21E615C-A323-45D5-9E15-5B3B1C7B9802,2014-02-11 00:00:00.000
5556,4751,caleb12@adventure-works.com,871763F2-BD4D-44F4-BE36-D37B1920D65C,2013-08-29 00:00:00.000
5557,4752,caleb13@adventure-works.com,A580189D-0785-4DFF-A914-E77C2CEA6F34,2013-11-26 00:00:00.000
5558,4753,ronnie0@adventure-works.com,0052B5E4-B375-4D92-9CE3-284B079DABD8,2011-07-31 00:00:00.000
5559,4754,ronnie1@adventure-works.com,C2FDC831-94C2-4516-AA79-07AEBDD22E8F,2013-04-30 00:00:00.000
5560,4755,caleb14@adventure-works.com,3B59851F-0E2C-4B71-9B8C-CBDD8EC013AB,2013-12-07 00:00:00.000
5561,4756,caleb15@adventure-works.com,EEB57B15-3293-4715-9E6B-6289F23252F2,2014-05-27 00:00:00.000
5562,4757,ronnie2@adventure-works.com,4168D1E2-B476-46A6-948B-08C22B29DE72,2014-05-16 00:00:00.000
5563,4758,caleb16@adventure-works.com,1A5C6E69-DFA6-4186-B82E-B45C312D5DFB,2014-04-27 00:00:00.000
5564,4759,ronnie3@adventure-works.com,632CD161-C88D-4833-9ACA-31E685BEC92F,2013-08-23 00:00:00.000
5565,4760,caleb17@adventure-works.com,499C0404-9782-497B-92FC-DC3CD4D2CA66,2013-11-05 00:00:00.000
5566,4761,jessie30@adventure-works.com,BDEF0E58-2262-458F-A63B-5060C0A67B51,2013-10-05 00:00:00.000
5567,4762,ronnie4@adventure-works.com,2DD52B30-62A0-47DB-8ABC-5CFD603EA8D5,2013-01-06 00:00:00.000
5568,4763,caleb18@adventure-works.com,9F82BC64-60BB-4CE6-AC45-6EF24CFB7088,2013-11-15 00:00:00.000
5569,4764,caleb19@adventure-works.com,5AE05E18-78F8-48EA-91AC-1AEEE37933FE,2013-07-18 00:00:00.000
5570,4765,ronnie5@adventure-works.com,7A698490-602F-4D55-AD54-AE053A2BEBB3,2013-10-29 00:00:00.000
5571,4766,ronnie6@adventure-works.com,8C372554-5001-404E-B290-41A69CD7BFA7,2014-04-17 00:00:00.000
5572,4767,caleb20@adventure-works.com,8D523EC4-4C14-4CA7-A3F9-720EFC4CBF77,2013-05-10 00:00:00.000
5573,4768,ronnie7@adventure-works.com,1C1BB394-F5AD-4D83-BE0E-CA86A42646CC,2012-07-19 00:00:00.000
5574,4769,caleb21@adventure-works.com,8A095B88-ACED-4771-945C-C85B19E6888F,2014-01-27 00:00:00.000
5575,4770,caleb22@adventure-works.com,5DDA0ED4-4C97-4B2A-8C4D-96E72844829E,2013-07-16 00:00:00.000
5576,4771,caleb23@adventure-works.com,12C0C56A-69B7-4C79-9CF4-2E4D94B38AC1,2013-12-23 00:00:00.000
5577,4772,caleb24@adventure-works.com,4C87C507-F026-4280-BC7A-3ECAB343938A,2013-05-08 00:00:00.000
5578,4773,ronnie8@adventure-works.com,CE4C8355-2A3D-4606-8BBA-54C9BE4D4DF0,2014-04-16 00:00:00.000
5579,4774,ronnie9@adventure-works.com,20AE5AB4-7078-44C5-B813-1B174D82640B,2012-02-13 00:00:00.000
5580,4775,ronnie10@adventure-works.com,CCDAF602-F2F3-490F-AB7A-809F2D3E1709,2013-02-27 00:00:00.000
5581,4776,caleb25@adventure-works.com,ECF05F48-0E91-4052-BFAF-121F465ADD0E,2013-10-19 00:00:00.000
5582,4777,caleb26@adventure-works.com,4B7B8BC6-32B0-4B54-9A9C-F96C0AE5E376,2014-05-14 00:00:00.000
5583,4778,ronnie11@adventure-works.com,C7042CAD-3213-4CDF-B928-FBDA52B452C4,2013-07-16 00:00:00.000
5584,4779,caleb27@adventure-works.com,8D867794-0F52-4C8D-8B75-69A651CE6649,2012-11-22 00:00:00.000
5585,4780,jessie31@adventure-works.com,B3CA5D8D-C867-49A8-BA9B-8A16EF23EE7F,2014-04-02 00:00:00.000
5586,4781,ronnie12@adventure-works.com,5171BB77-56B9-4E7D-B80D-7CA5673DDAC9,2014-01-06 00:00:00.000
5587,4782,ronnie13@adventure-works.com,2BCC143E-0DEC-48DF-A39E-8F36C578488D,2013-09-15 00:00:00.000
5588,4783,ronnie14@adventure-works.com,5D3D539D-B461-4916-B812-4556694CAE94,2013-01-11 00:00:00.000
5589,4784,connor0@adventure-works.com,FF7B01A6-FD2E-43E0-8597-616826F3FBA6,2012-05-19 00:00:00.000
5590,4785,connor1@adventure-works.com,5D34D523-42A7-47A9-A547-928C04A9AF3F,2013-08-26 00:00:00.000
5591,4786,connor2@adventure-works.com,A80D9734-503A-4372-A10C-0ECB14D1F56D,2013-10-30 00:00:00.000
5592,4787,connor3@adventure-works.com,0AEABAB9-E31E-422D-B527-E1E690734808,2014-04-16 00:00:00.000
5593,4788,ronnie15@adventure-works.com,C8F566FC-350A-4DEB-B57D-9C72057BB840,2013-11-06 00:00:00.000
5594,4789,connor4@adventure-works.com,35B6AACA-8DCA-43BC-928D-94EF6B8ECD6B,2013-10-21 00:00:00.000
5595,4790,connor5@adventure-works.com,3C511F05-7EB4-4673-B436-3AA499EF1927,2013-07-08 00:00:00.000
5596,4791,ronnie16@adventure-works.com,F2BB1DD7-C4CF-4E36-8428-96710321B22D,2012-09-07 00:00:00.000
5597,4792,ronnie17@adventure-works.com,6FFA2BE6-05E9-4A01-BD2C-F78C57B62B79,2014-01-04 00:00:00.000
5598,4793,connor6@adventure-works.com,E2E173E0-A220-473F-9C02-5299857CD7FC,2014-03-11 00:00:00.000
5599,4794,ronnie18@adventure-works.com,B9699416-6831-4B62-A2D8-38364C10CC81,2014-01-22 00:00:00.000
5600,4795,connor7@adventure-works.com,64E4AEA2-9BB3-492E-BF68-0BD77783692A,2013-05-26 00:00:00.000
5601,4796,ronnie19@adventure-works.com,887E007E-A0E0-4D2C-8450-60EBCBECEA1E,2013-04-20 00:00:00.000
5602,4797,connor8@adventure-works.com,B1112AC2-828B-4E3B-8B35-C99AFE078414,2013-11-20 00:00:00.000
5603,4798,connor9@adventure-works.com,48040FE0-17ED-487A-92AB-CC99C8B99237,2012-04-11 00:00:00.000
5604,4799,connor10@adventure-works.com,D493718E-2E4F-4275-9B1F-B3D502661DEB,2014-05-16 00:00:00.000
5605,4800,jessie32@adventure-works.com,3B387014-7177-4685-9A7C-9ECAF05CDD6C,2013-09-03 00:00:00.000
5606,4801,darryl0@adventure-works.com,6DB53A22-A091-4B24-8FCF-CB6F8AED7C98,2013-11-27 00:00:00.000
5607,4802,darryl1@adventure-works.com,11D1A213-AF1D-423E-B7CC-99F71531DECA,2013-10-11 00:00:00.000
5608,4803,connor11@adventure-works.com,712C19FD-F0B6-402E-8293-6B9512A68E18,2014-05-08 00:00:00.000
5609,4804,connor12@adventure-works.com,8073B362-C530-4546-A218-1647884FEC0C,2012-03-12 00:00:00.000
5610,4805,connor13@adventure-works.com,A06F0C4A-2C4D-4196-9F1B-7FDDA0873F5F,2014-05-20 00:00:00.000
5611,4806,connor14@adventure-works.com,4407B2FE-C2AE-4E3A-B8B1-81D5CC9D092D,2013-07-04 00:00:00.000
5612,4807,darryl2@adventure-works.com,D6A26AE8-5D95-47C4-B363-40558CD17E90,2013-10-02 00:00:00.000
5613,4808,connor15@adventure-works.com,1A112F85-392D-46C3-9952-90515F4991C7,2013-11-08 00:00:00.000
5614,4809,connor16@adventure-works.com,58867067-6452-4EC6-ADB6-7C203AA11983,2014-05-19 00:00:00.000
5615,4810,connor17@adventure-works.com,4C7750D9-F5A3-4BC8-98F5-2F8FB9964729,2014-04-24 00:00:00.000
5616,4811,darryl3@adventure-works.com,2EB3922B-0BB4-40C5-BE49-6124C8EB04D8,2013-09-25 00:00:00.000
5617,4812,darryl4@adventure-works.com,45CC0397-5921-4EC6-A6CC-CAFAC9B8F045,2012-02-16 00:00:00.000
5618,4813,connor18@adventure-works.com,766D16D1-933A-4FC1-9440-184B8F1A0F8D,2014-05-15 00:00:00.000
5619,4814,connor19@adventure-works.com,8BFAA040-BA0A-4B08-A9DA-5304F8B0817F,2013-10-21 00:00:00.000
5620,4815,connor20@adventure-works.com,7DAE6E53-0554-4D39-9001-C4DFF40004AE,2011-08-15 00:00:00.000
5621,4816,darryl5@adventure-works.com,18B1BC7C-3F01-436D-ADB7-54F7EE568EDC,2012-08-12 00:00:00.000
5622,4817,connor21@adventure-works.com,2BE5692B-9C4B-46FE-8742-80DB755E4DE5,2012-06-02 00:00:00.000
5623,4818,connor22@adventure-works.com,B224B786-34A4-4601-AB2F-A5FCA52D9458,2011-09-28 00:00:00.000
5624,4819,darryl6@adventure-works.com,63736C18-5909-4985-8CD9-E0A127FC6AF6,2013-05-07 00:00:00.000
5625,4820,connor23@adventure-works.com,CC21D289-5F7C-4B2C-B13A-C0E320F09BBE,2014-03-07 00:00:00.000
5626,4821,connor24@adventure-works.com,8F18E5C5-C94C-48FC-80EB-7294AB3FD503,2014-03-26 00:00:00.000
5627,4822,connor25@adventure-works.com,96E19919-BA75-4292-ABF3-BCFD50CBE534,2014-04-03 00:00:00.000
5628,4823,connor26@adventure-works.com,41D4822C-6583-47EF-9E82-9463C445B9DA,2013-11-15 00:00:00.000
5629,4824,darryl7@adventure-works.com,DE09E62B-50C7-489D-B652-934034F37D6D,2013-07-15 00:00:00.000
5630,4825,connor27@adventure-works.com,E2EB2FF2-CA73-443F-8431-8BC5FB33F4AB,2012-11-27 00:00:00.000
5631,4826,darryl8@adventure-works.com,30B4472D-2626-435E-A44B-8E55CAD5A27B,2014-02-06 00:00:00.000
5632,4827,luke22@adventure-works.com,DCAAA927-138D-4A72-B84D-F5C4FFCE00BD,2014-04-29 00:00:00.000
5633,4828,darryl9@adventure-works.com,10FA4C2D-F405-456C-9EEE-0BA634D8DFBF,2013-01-16 00:00:00.000
5634,4829,darryl10@adventure-works.com,A3C3C43B-E473-44D0-823F-9FE15FE11FFD,2012-07-12 00:00:00.000
5635,4830,darryl11@adventure-works.com,338BA0B1-A897-43E0-BEF6-87DCD80223FC,2014-05-08 00:00:00.000
5636,4831,luke23@adventure-works.com,A4044B04-893F-4E16-9D1F-1BC9E5C1607C,2014-04-07 00:00:00.000
5637,4832,luke24@adventure-works.com,8F61051E-7262-49E2-88B6-1958270C8084,2013-07-03 00:00:00.000
5638,4833,darryl12@adventure-works.com,926F6668-5B0B-49FB-9BBC-FD460ADB1F1B,2012-06-08 00:00:00.000
5639,4834,darryl13@adventure-works.com,3B0FCADC-4FFE-4131-A290-D98F36377E00,2012-09-07 00:00:00.000
5640,4835,luke25@adventure-works.com,0427CE0C-69FB-4925-A7FF-5994CFF32822,2012-04-29 00:00:00.000
5641,4836,luke26@adventure-works.com,D4263243-0497-4153-9C63-3B0F83765F13,2012-05-09 00:00:00.000
5642,4837,luke27@adventure-works.com,5303A806-42A1-416E-B457-45279B71B774,2014-04-19 00:00:00.000
5643,4838,luke28@adventure-works.com,202C9EB1-4155-4534-996F-65B3BB044D4B,2013-07-27 00:00:00.000
5644,4839,darryl14@adventure-works.com,DCD07C14-D9B6-4900-AF4D-230B1B8D49A0,2013-07-05 00:00:00.000
5645,4840,luke29@adventure-works.com,7492FD8A-B51F-4CEF-B8A6-8EAF1C60D9D0,2013-08-27 00:00:00.000
5646,4841,darryl15@adventure-works.com,F9F4DB8F-D8CE-4B43-AEDF-8E45AA8269E0,2013-09-19 00:00:00.000
5647,4842,darryl16@adventure-works.com,EEAF695B-6F40-4096-A560-E6C2881B66A3,2012-12-14 00:00:00.000
5648,4843,jessie33@adventure-works.com,AA21BA80-46C4-4317-9001-990964D4570A,2012-08-18 00:00:00.000
5649,4844,darryl17@adventure-works.com,5B9B2546-0964-4E4F-87F8-03CC5390BBB1,2012-12-29 00:00:00.000
5650,4845,luke30@adventure-works.com,9B2F2D18-E7C0-4C23-8979-472A999A0592,2012-05-01 00:00:00.000
5651,4846,jose6@adventure-works.com,668896FC-D9B0-493F-BA50-D37F0D814D48,2013-08-29 00:00:00.000
5652,4847,jose7@adventure-works.com,A1D55B0A-E66C-4E28-870E-AB077D00E782,2014-01-04 00:00:00.000
5653,4848,darryl18@adventure-works.com,455F06FC-1D31-4C3D-B5CE-67C6D114BD8F,2013-08-24 00:00:00.000
5654,4849,jose8@adventure-works.com,66A955D4-D786-4B86-BBB5-E6572AD028BC,2013-11-21 00:00:00.000
5655,4850,darryl19@adventure-works.com,53133603-4063-4F9C-BB37-AFB3004EB88E,2011-12-16 00:00:00.000
5656,4851,jose9@adventure-works.com,9B7765B8-5D99-4CE8-8F10-62EDC1A6BD82,2014-04-03 00:00:00.000
5657,4852,darryl20@adventure-works.com,90073E5A-075D-4AA9-9BFB-9915EA7B07CB,2013-12-17 00:00:00.000
5658,4853,jose10@adventure-works.com,4184DC35-8AAB-4A29-96D6-14731D5093FD,2013-11-21 00:00:00.000
5659,4854,jose11@adventure-works.com,91037CDD-3445-43EB-87B2-235C8409ADCD,2013-11-11 00:00:00.000
5660,4855,jose12@adventure-works.com,E8599B78-1C5D-49DD-9445-33026315CA81,2014-06-01 00:00:00.000
5661,4856,jose13@adventure-works.com,CFC5D4E6-2BCC-465F-BED9-327B26C6C164,2012-11-24 00:00:00.000
5662,4857,jose14@adventure-works.com,113669D6-5E26-4E68-98AE-2A4D2619C247,2013-12-30 00:00:00.000
5663,4858,jose15@adventure-works.com,48410BB0-B23C-41F3-B606-F3B3D8323FDC,2013-08-11 00:00:00.000
5664,4859,darryl21@adventure-works.com,9D8FCB9F-47E6-4871-A6FD-3CE3FF94EF14,2013-08-07 00:00:00.000
5665,4860,jose16@adventure-works.com,4DF4BCAB-0C52-4708-BC4E-8F6A0E60ADB9,2014-02-07 00:00:00.000
5666,4861,glenn1@adventure-works.com,8816A2DE-3AE0-4A4F-8133-DC31775C96E4,2012-12-07 00:00:00.000
5667,4862,glenn2@adventure-works.com,357F6903-BFCA-4FE1-BCC3-D9DB8EE3779B,2013-02-01 00:00:00.000
5668,4863,jose17@adventure-works.com,614931A8-F395-44FD-891C-04AB89376B63,2014-03-25 00:00:00.000
5669,4864,glenn3@adventure-works.com,B5B615B3-2C20-4EDF-96B9-DB5C36296DD6,2014-01-31 00:00:00.000
5670,4865,jose18@adventure-works.com,955B922B-DE8A-4B09-8BA3-B7A2C34528FE,2014-01-20 00:00:00.000
5671,4866,jessie34@adventure-works.com,72D6B3E8-A0D1-4A7C-B6C5-A6960AFAFF80,2013-07-26 00:00:00.000
5672,4867,glenn4@adventure-works.com,836C4A3A-70A8-4F63-842E-8D6EAF537FBE,2013-09-29 00:00:00.000
5673,4868,jose19@adventure-works.com,CB161E0E-81AA-4235-A6A2-5C917FAC5896,2012-09-30 00:00:00.000
5674,4869,glenn5@adventure-works.com,31968740-D31E-49D4-AF1D-DBE300FA3B73,2011-12-03 00:00:00.000
5675,4870,jose20@adventure-works.com,F64596CE-9EB3-4AE9-8621-DFC88CD43C2C,2013-09-01 00:00:00.000
5676,4871,jose21@adventure-works.com,48F182B0-E5EB-491E-A8C5-909949C147F7,2014-03-25 00:00:00.000
5677,4872,jose22@adventure-works.com,7FD2493D-4F19-4888-9C6A-053D22714DB8,2013-10-22 00:00:00.000
5678,4873,glenn6@adventure-works.com,F61418EC-6950-4621-8F26-5317503C49D6,2011-09-28 00:00:00.000
5679,4874,jose23@adventure-works.com,CC6CB83A-BF79-4AC5-8EE2-6E6AB617CBCE,2013-07-18 00:00:00.000
5680,4875,jose24@adventure-works.com,5376F0C1-ADB7-48B0-9BFA-FE460840FE1B,2014-03-12 00:00:00.000
5681,4876,glenn7@adventure-works.com,C2C3FC75-60DB-42E7-B144-70DF33F575F5,2014-05-21 00:00:00.000
5682,4877,jose25@adventure-works.com,0F7C6A70-FF72-4646-AB2C-1DED3610E06A,2013-01-08 00:00:00.000
5683,4878,jose26@adventure-works.com,03B991F0-0BBD-4EC5-82BC-16955457DF50,2013-08-26 00:00:00.000
5684,4879,thomas5@adventure-works.com,19183AE1-E3C1-47DC-A5B4-590D2D4E1BCD,2012-06-10 00:00:00.000
5685,4880,thomas6@adventure-works.com,0B3186A9-327E-4C12-BC0D-F5E535944323,2013-08-30 00:00:00.000
5686,4881,glenn8@adventure-works.com,21307574-0BE1-4231-8950-6E9A788DF93E,2014-06-27 00:00:00.000
5687,4882,glenn9@adventure-works.com,A3D82EF1-D2EF-449E-8E83-F752D42FDF81,2014-03-01 00:00:00.000
5688,4883,thomas7@adventure-works.com,F717C8E1-0790-42C4-9AED-B33AE1373356,2013-11-13 00:00:00.000
5689,4884,thomas8@adventure-works.com,D73EBFD2-E020-4E14-BAE9-20A5241961F6,2013-11-16 00:00:00.000
5690,4885,glenn10@adventure-works.com,980E16C6-A613-430D-A678-712EB89745FC,2014-04-08 00:00:00.000
5691,4886,thomas9@adventure-works.com,A256E4BC-FF2D-4ECC-90F0-958D572E4A70,2014-05-05 00:00:00.000
5692,4887,thomas10@adventure-works.com,64FCC82C-0C30-4CDC-AE9C-54A07EFC0E11,2011-10-11 00:00:00.000
5693,4888,glenn11@adventure-works.com,6A0088CA-0867-4926-87DF-4178B75971D6,2013-08-07 00:00:00.000
5694,4889,thomas11@adventure-works.com,471EC03A-27A2-4971-9C87-3460AE668FD2,2013-07-09 00:00:00.000
5695,4890,thomas12@adventure-works.com,E1F55DB0-CE2B-462C-B990-6438BB5ADA3D,2014-04-14 00:00:00.000
5696,4891,glenn12@adventure-works.com,63F1A8AB-3040-45D7-A6AD-D2EBD41B2C78,2013-11-05 00:00:00.000
5697,4892,jessie35@adventure-works.com,7A65F080-BBD4-4026-BBBA-CAAB1628981C,2014-06-02 00:00:00.000
5698,4893,glenn13@adventure-works.com,90167ED1-42D3-4B7A-B33D-6AFFEE7E4D89,2013-09-03 00:00:00.000
5699,4894,thomas13@adventure-works.com,5910DB6B-7004-45E0-94C8-3BB19E695256,2014-04-24 00:00:00.000
5700,4895,thomas14@adventure-works.com,72870271-6BC6-4D54-AE8D-06E91CBA1BB1,2013-08-21 00:00:00.000
5701,4896,glenn14@adventure-works.com,29F2B5B5-BF7A-47D1-9CF5-D7726F6F286F,2012-09-23 00:00:00.000
5702,4897,thomas15@adventure-works.com,2439A9E2-AD75-4B28-9348-BDAFD140A493,2013-12-31 00:00:00.000
5703,4898,glenn15@adventure-works.com,A823E251-03C5-41A1-8E92-06890F5610EB,2013-11-09 00:00:00.000
5704,4899,glenn16@adventure-works.com,A69BAFD1-FA7E-4532-B7A3-EEAC0612C19B,2013-10-03 00:00:00.000
5705,4900,thomas16@adventure-works.com,C3B49E0A-37CA-4EA1-A762-41AAE7EB0FAB,2011-09-11 00:00:00.000
5706,4901,glenn17@adventure-works.com,05426480-7891-454F-A4EF-B307F16E6BAF,2014-04-06 00:00:00.000
5707,4902,thomas17@adventure-works.com,754C77DA-7775-4B31-A036-3E83370FA5AE,2014-02-09 00:00:00.000
5708,4903,thomas18@adventure-works.com,181D10DD-F6D4-403B-B91E-9EEAF12933E5,2014-05-27 00:00:00.000
5709,4904,thomas19@adventure-works.com,2B7CECC7-3901-4CFE-AF96-BEF7C045A799,2014-06-26 00:00:00.000
5710,4905,glenn18@adventure-works.com,842693BB-1617-45C4-B368-3716C7946CA9,2012-09-01 00:00:00.000
5711,4906,thomas20@adventure-works.com,0A5C77D8-1AB7-4F88-AB2B-367FD2B20F3B,2014-06-05 00:00:00.000
5712,4907,thomas21@adventure-works.com,581E1D55-7A19-4B2F-8F58-76CF1D852D21,2014-04-06 00:00:00.000
5713,4908,glenn19@adventure-works.com,7502E684-4674-491A-92DC-44123C6E22DD,2013-08-29 00:00:00.000
5714,4909,thomas22@adventure-works.com,FC8668AC-5A6C-4A6B-8516-1F650A94934F,2013-07-05 00:00:00.000
5715,4910,glenn20@adventure-works.com,A2828E88-14E3-4B46-B3FB-CD6AE749BA47,2014-03-22 00:00:00.000
5716,4911,glenn21@adventure-works.com,2ECBCAF9-41EC-41AE-9F76-5AD828B1384A,2013-12-15 00:00:00.000
5717,4912,thomas23@adventure-works.com,9349C873-2F9D-4440-9D62-C8A04A30F6E4,2013-08-18 00:00:00.000
5718,4913,jessie36@adventure-works.com,5B411A46-D220-4A4E-AC23-B4333DD85874,2012-02-09 00:00:00.000
5719,4914,glenn22@adventure-works.com,148E1C63-64EC-41D0-A99B-1D77CC725262,2013-10-16 00:00:00.000
5720,4915,thomas24@adventure-works.com,7373E928-9124-4548-871F-51CC14337CF6,2013-10-06 00:00:00.000
5721,4916,thomas25@adventure-works.com,17D976BB-8856-43E5-8E9C-5413E5F0D79B,2012-05-05 00:00:00.000
5722,4917,glenn23@adventure-works.com,6F83634C-4846-4A91-8591-4C404A8A0CF1,2013-10-16 00:00:00.000
5723,4918,thomas26@adventure-works.com,7EAA3851-8CF9-4764-8CCB-48192E1A2BFF,2012-05-24 00:00:00.000
5724,4919,thomas27@adventure-works.com,6AEEF056-8844-4CD0-8647-1329683B2D9C,2014-03-19 00:00:00.000
5725,4920,glenn24@adventure-works.com,66339F4D-A8AD-4312-881B-4C7ABD492CAF,2013-11-03 00:00:00.000
5726,4921,thomas28@adventure-works.com,C0069F36-B112-4D0B-A8AA-C55C6A1E0DBE,2014-06-18 00:00:00.000
5727,4922,thomas29@adventure-works.com,83EA03C7-257B-4A80-AD5D-9A09BB2E9B94,2014-03-14 00:00:00.000
5728,4923,thomas30@adventure-works.com,8902F614-6BA4-4F49-B842-992BB9E2E01E,2013-09-08 00:00:00.000
5729,4924,mandy3@adventure-works.com,BBE041A1-955E-49C4-87C8-8C1DC2390856,2013-01-18 00:00:00.000
5730,4925,thomas31@adventure-works.com,7750F987-F41A-4CA9-B54F-2C118BC131F3,2014-04-22 00:00:00.000
5731,4926,mandy4@adventure-works.com,D617994B-F1AC-420D-ACCC-75B9333790C4,2013-10-18 00:00:00.000
5732,4927,thomas32@adventure-works.com,1E029EF2-034D-4AE7-8D30-93E8B9EE95BA,2013-09-21 00:00:00.000
5733,4928,thomas33@adventure-works.com,293733FC-31C4-4900-9C73-41B67B32B607,2013-08-30 00:00:00.000
5734,4929,mandy5@adventure-works.com,A8EC98F4-0EA9-420F-9DD9-D115E33466BA,2014-02-09 00:00:00.000
5735,4930,thomas34@adventure-works.com,739EB688-5A5C-4A05-B2B0-0BFC0AAC84E8,2013-05-04 00:00:00.000
5736,4931,thomas35@adventure-works.com,3DE21EBE-AB29-4B77-8B29-748736D31952,2012-05-23 00:00:00.000
5737,4932,kyle0@adventure-works.com,D7B80D97-4F3A-4633-9F6E-806740E5C0E9,2014-06-13 00:00:00.000
5738,4933,mandy6@adventure-works.com,F43D6D79-F84A-4FD7-96C7-92390C6CCC5B,2013-12-12 00:00:00.000
5739,4934,kyle1@adventure-works.com,4F671466-981C-4B53-9DCC-7320DB04FD8D,2014-03-28 00:00:00.000
5740,4935,mandy7@adventure-works.com,1050E939-0596-4D40-B41B-AC817055F228,2014-01-04 00:00:00.000
5741,4936,kyle2@adventure-works.com,3E49F347-DEA9-4D6F-A422-CBF733637C6B,2014-03-29 00:00:00.000
5742,4937,kyle3@adventure-works.com,E18C6867-CAE8-4441-B30A-EF423DBC8954,2013-10-12 00:00:00.000
5743,4938,kyle4@adventure-works.com,F03246AD-7A56-408D-96D9-48C547582D25,2011-10-01 00:00:00.000
5744,4939,jessie37@adventure-works.com,2C29E5B7-F20C-4AB7-87CC-65AC1248A0C9,2013-08-13 00:00:00.000
5745,4940,mandy8@adventure-works.com,50C89578-5E0A-4CD1-A9D3-89B89B4B0632,2011-11-02 00:00:00.000
5746,4941,kyle5@adventure-works.com,5F95365B-F9D9-4564-8C26-5A93ABF28316,2011-11-16 00:00:00.000
5747,4942,mandy9@adventure-works.com,3954A29C-EED9-4EC0-9907-3ED4220ACC8F,2013-01-05 00:00:00.000
5748,4943,mandy10@adventure-works.com,99CAB77D-A5F4-4285-BDA2-EB805D164008,2013-09-03 00:00:00.000
5749,4944,kyle6@adventure-works.com,C42E7A67-7D72-4DB7-8B6F-268A4B61B23B,2012-08-20 00:00:00.000
5750,4945,kyle7@adventure-works.com,F1B8E658-61B5-46A0-8432-E9548F5F1137,2014-01-25 00:00:00.000
5751,4946,mandy11@adventure-works.com,06CA63FE-E3CA-4E39-B778-F2001EEE0918,2013-04-14 00:00:00.000
5752,4947,kyle8@adventure-works.com,0FE19CD7-D117-4D33-8182-09771DA3DF44,2011-12-01 00:00:00.000
5753,4948,kyle9@adventure-works.com,2CAD40FA-B646-4D19-B079-F2A16A6B8E93,2014-04-20 00:00:00.000
5754,4949,kyle10@adventure-works.com,C60F0E35-C2CC-4E80-A2F4-3B1162F82901,2013-10-10 00:00:00.000
5755,4950,kyle11@adventure-works.com,FC1A45E5-4B8C-4986-8445-435B575C1B20,2012-01-29 00:00:00.000
5756,4951,mandy12@adventure-works.com,C3D322A2-B662-4F27-96B8-355293516DF2,2014-06-04 00:00:00.000
5757,4952,kyle12@adventure-works.com,B84AC537-847D-4D62-AF0F-29095D15391A,2014-04-26 00:00:00.000
5758,4953,mandy13@adventure-works.com,585E5EDA-49AD-417F-B880-F95E8F19C41F,2013-11-25 00:00:00.000
5759,4954,mandy14@adventure-works.com,70CC24C7-3099-4599-A1BF-02B19A435473,2014-05-11 00:00:00.000
5760,4955,kyle13@adventure-works.com,33D30D6C-C46F-4C2F-B8FD-29786711315D,2012-01-22 00:00:00.000
5761,4956,mandy15@adventure-works.com,8C5CCAE9-A715-49AD-BB1E-F82CA43D6739,2013-07-24 00:00:00.000
5762,4957,kyle14@adventure-works.com,EEE25357-6B0C-4574-89B9-C03E4DA82B08,2014-02-04 00:00:00.000
5763,4958,kyle15@adventure-works.com,41513CA5-0350-43F5-BF00-FCAD22B5A253,2013-12-10 00:00:00.000
5764,4959,kyle16@adventure-works.com,9FAA683F-199D-4771-A1CF-5041237F707F,2013-08-13 00:00:00.000
5765,4960,kyle17@adventure-works.com,5CE292CC-AD2F-4BB6-8BA5-9FA81B231654,2011-08-16 00:00:00.000
5766,4961,mandy16@adventure-works.com,44119125-5B77-4141-A359-3D113E06CE43,2012-12-15 00:00:00.000
5767,4962,kyle18@adventure-works.com,FB5A4F9F-B4F1-4FAC-B55F-E5455062EA19,2012-04-14 00:00:00.000
5768,4963,jessie38@adventure-works.com,CA8FFBB7-71C1-45A5-B48D-03EA9CDB6424,2012-10-17 00:00:00.000
5769,4964,mandy17@adventure-works.com,EA809781-CE64-47ED-B587-08ECD991DCEB,2013-06-30 00:00:00.000
5770,4965,kyle19@adventure-works.com,DF8A3671-C441-4FC4-A465-6831E2FE95AB,2013-12-07 00:00:00.000
5771,4966,kyle20@adventure-works.com,FC058763-4736-4C8F-B6E0-BC43F45118B8,2014-01-13 00:00:00.000
5772,4967,mandy18@adventure-works.com,13A4623F-F774-4C04-A32B-C32D457F6D4B,2014-03-13 00:00:00.000
5773,4968,kyle21@adventure-works.com,2393788F-45BB-49F2-BB72-42BB22AA1418,2013-08-22 00:00:00.000
5774,4969,kyle22@adventure-works.com,2F6F1AF6-B6AC-43E5-89DD-3A72AFA7C0D1,2013-12-17 00:00:00.000
5775,4970,mandy19@adventure-works.com,86AEDAF3-AAA5-452F-BE5F-EAFD2B4ACAEE,2013-10-09 00:00:00.000
5776,4971,mandy20@adventure-works.com,A7B989A2-8340-4CF5-BF67-21438A1F2C1F,2014-03-14 00:00:00.000
5777,4972,kyle23@adventure-works.com,88C8D1B3-15ED-41F2-BAED-97B883B294F3,2014-03-11 00:00:00.000
5778,4973,mandy21@adventure-works.com,AF0F1752-14C0-438D-B2B4-5DBA36A3008D,2014-02-19 00:00:00.000
5779,4974,kyle24@adventure-works.com,B370215C-AFAE-49D8-B7BB-76D21508261A,2014-05-20 00:00:00.000
5780,4975,kyle25@adventure-works.com,D9F523E3-CCCC-4337-A797-263067EAFD86,2013-10-27 00:00:00.000
5781,4976,mandy22@adventure-works.com,24A5DBB1-5140-4232-8EB0-3BF0126192A8,2013-08-14 00:00:00.000
5782,4977,kyle26@adventure-works.com,9AC0DEA4-1601-4474-BEE5-FDD6B8E5E87F,2014-04-11 00:00:00.000
5783,4978,mandy23@adventure-works.com,0C368F85-1B04-4406-9E2B-8DFE88F1D1E0,2013-09-02 00:00:00.000
5784,4979,kyle27@adventure-works.com,4A8D88A5-381B-4A0B-85C3-EB5672A62641,2013-11-19 00:00:00.000
5785,4980,mandy24@adventure-works.com,FB27B6D0-737F-4D1B-BAA2-E3DC95A28A87,2013-10-28 00:00:00.000
5786,4981,kyle28@adventure-works.com,63C02AEF-89B3-45D3-85C3-A6FAA80C6FD4,2013-11-17 00:00:00.000
5787,4982,aimee0@adventure-works.com,660D20AF-9DFA-4776-80AD-F07D59E792F5,2012-07-30 00:00:00.000
5788,4983,damien1@adventure-works.com,AA3F64D9-C3B4-4CE4-8700-A54BE483734F,2013-11-15 00:00:00.000
5789,4984,jessie39@adventure-works.com,68C2EA80-5C1F-465F-8DAD-9A5FF8D118E7,2013-09-01 00:00:00.000
5790,4985,aimee1@adventure-works.com,F4EFA97A-4A49-4A7F-A4BE-BE6D91FA7B38,2013-02-10 00:00:00.000
5791,4986,aimee2@adventure-works.com,C9EE8C9D-051B-41C7-859B-036CA6771D7F,2012-12-18 00:00:00.000
5792,4987,aimee3@adventure-works.com,180A477F-CED8-418B-8F2F-6FCF41E03633,2011-09-10 00:00:00.000
5793,4988,kevin8@adventure-works.com,0F30015A-1153-4B93-80FC-9B6DCDAE2D1F,2014-05-10 00:00:00.000
5794,4989,kevin9@adventure-works.com,ED4B3C9E-B5B3-496E-89FA-49231659F3C9,2013-01-23 00:00:00.000
5795,4990,aimee4@adventure-works.com,A35982B2-D2DC-43B8-8DDE-C3E76042A737,2011-09-20 00:00:00.000
5796,4991,kevin10@adventure-works.com,BDB01F11-6C1E-4E08-BB39-0C10C5B432B5,2013-02-08 00:00:00.000
5797,4992,aimee5@adventure-works.com,30D3C402-65F8-4E70-ACEC-E682005D17DB,2014-02-17 00:00:00.000
5798,4993,aimee6@adventure-works.com,88DB2842-9B06-4EC0-8AA4-269AAB2E572C,2014-02-12 00:00:00.000
5799,4994,aimee7@adventure-works.com,453FC49F-04B0-41C7-B3E0-DBF17DDE6105,2013-11-20 00:00:00.000
5800,4995,kevin11@adventure-works.com,5BFA9855-BFAD-4DE6-BF6E-E17670885406,2014-05-29 00:00:00.000
5801,4996,kevin12@adventure-works.com,EBE8B6F1-AC73-40C7-A219-D3F11DD56A1F,2014-02-08 00:00:00.000
5802,4997,daisuke0@adventure-works.com,3627308F-FB5B-40AC-9C2D-8F909F90A8A2,2012-02-05 00:00:00.000
5803,4998,kevin13@adventure-works.com,DCA32A87-3585-4B32-9F60-85074A69D926,2013-08-15 00:00:00.000
5804,4999,jessie40@adventure-works.com,7B4C9BCE-BC08-48A2-8D81-18393F1169E5,2014-03-01 00:00:00.000
5805,5000,kevin14@adventure-works.com,5B9A4D31-C4DC-445E-B1BE-80048DB70D01,2014-04-30 00:00:00.000
5806,5001,kevin15@adventure-works.com,BC468FBA-8ACB-48F9-80B7-A17DE50A8E5D,2013-08-11 00:00:00.000
5807,5002,kevin16@adventure-works.com,01CC0A9C-7B37-4E69-8434-F4E347E63D80,2012-04-11 00:00:00.000
5808,5003,aimee8@adventure-works.com,467B6C78-9FFD-466D-A5A7-1DC2E99E26DF,2014-03-09 00:00:00.000
5809,5004,kevin17@adventure-works.com,62928C7F-D6AA-4323-90D5-ECAA9077A5A5,2013-10-23 00:00:00.000
5810,5005,kevin18@adventure-works.com,B4955676-4ED0-4ED1-9C3E-DD83F503550E,2013-01-09 00:00:00.000
5811,5006,aimee9@adventure-works.com,DBE02CE0-A561-4BAA-9821-193AC7AA09DA,2013-09-24 00:00:00.000
5812,5007,kevin19@adventure-works.com,579BA3CF-0CDF-4C2F-B2D0-EFB831970840,2014-04-29 00:00:00.000
5813,5008,kevin20@adventure-works.com,8706D5BD-2306-4910-9F97-2629C8C48DF9,2013-05-01 00:00:00.000
5814,5009,aimee10@adventure-works.com,D5FD645A-5C3E-4855-99AF-2C63DA20F00C,2014-01-22 00:00:00.000
5815,5010,kevin21@adventure-works.com,E35A4FCD-F38D-4A54-849E-04B2A8F67641,2013-11-30 00:00:00.000
5816,5011,kevin22@adventure-works.com,9F2FDE72-4D77-4127-B718-77F8FD4789E8,2013-11-02 00:00:00.000
5817,5012,kevin23@adventure-works.com,95130D69-3C34-4649-8BE7-8513425CE48E,2013-11-21 00:00:00.000
5818,5013,aimee11@adventure-works.com,2A250735-5ABE-4D28-B955-A81EF0209572,2013-07-08 00:00:00.000
5819,5014,kevin24@adventure-works.com,F2ED113F-AB56-465F-8030-35E8DE6988E9,2013-08-04 00:00:00.000
5820,5015,kevin25@adventure-works.com,AB23BCAE-A009-457E-8D62-B42DDA081C36,2014-03-25 00:00:00.000
5821,5016,kevin26@adventure-works.com,B1D5CB2F-6B46-4083-903D-D13FE25EFFE5,2013-10-16 00:00:00.000
5822,5017,kevin27@adventure-works.com,865AF4FF-62EA-48D6-9836-7E04D16DCA72,2014-02-18 00:00:00.000
5823,5018,kevin28@adventure-works.com,A353AB43-9D03-41CD-B713-1A53B6A8C692,2013-11-27 00:00:00.000
5824,5019,kevin29@adventure-works.com,ABC12E3F-123C-40CD-B1E6-CD5FA36BF5CA,2013-10-02 00:00:00.000
5825,5020,aimee12@adventure-works.com,BC3E7B40-99C5-4140-8B15-C5B30C64DB42,2014-01-18 00:00:00.000
5826,5021,kevin30@adventure-works.com,F9759DF8-5B46-47A0-8674-D87243538994,2013-09-25 00:00:00.000
5827,5022,aimee13@adventure-works.com,BFA14974-CD2D-4730-958F-E9E57AB03013,2011-09-07 00:00:00.000
5828,5023,kevin31@adventure-works.com,10C122DE-3E18-4208-9499-1CD042E3BF5F,2013-05-20 00:00:00.000
5829,5024,kevin32@adventure-works.com,5D1D44DC-7A88-44E8-BB73-1B279095EF16,2013-10-26 00:00:00.000
5830,5025,kevin33@adventure-works.com,81FB0B9C-35CE-4816-B25E-55A00AA72C48,2013-08-18 00:00:00.000
5831,5026,jessie41@adventure-works.com,53BAA8D3-7D06-426D-98A1-939579A8E380,2011-07-06 00:00:00.000
5832,5027,aimee14@adventure-works.com,8F022ABD-8F3C-4AC2-855C-9FD5466C46C7,2013-04-28 00:00:00.000
5833,5028,kevin34@adventure-works.com,5826B81E-E54F-4312-A646-B2B5CEA40F09,2014-05-12 00:00:00.000
5834,5029,kevin35@adventure-works.com,9A22D521-54AC-4AF7-AB98-7C14521CA9D3,2013-08-18 00:00:00.000
5835,5030,aimee15@adventure-works.com,7F0BEBB6-AF60-4C4F-A56B-734E6E0C1BBE,2013-07-03 00:00:00.000
5836,5031,albert2@adventure-works.com,99497D76-97F7-4B93-8568-7B2B0D1A0373,2013-11-29 00:00:00.000
5837,5032,gabriel1@adventure-works.com,1AF80F3B-91F2-4853-A5B0-FE78CDA2FD1A,2013-08-10 00:00:00.000
5838,5033,gabriel2@adventure-works.com,ED2F8A38-24C1-43B4-9CE6-571D92A66C13,2013-11-02 00:00:00.000
5839,5034,aimee16@adventure-works.com,85EAE7BE-DFEE-4746-A4FE-8173C7409F4B,2013-10-06 00:00:00.000
5840,5035,gabriel3@adventure-works.com,F2A98F48-29E1-4EBB-BBE9-44AF3C61D12C,2013-03-13 00:00:00.000
5841,5036,gabriel4@adventure-works.com,A6440718-134B-498B-A4F3-7BDB45057698,2013-09-07 00:00:00.000
5842,5037,aimee17@adventure-works.com,6C0E7F34-928D-42B3-B66C-7C16E3F5218F,2012-03-17 00:00:00.000
5843,5038,gabriel5@adventure-works.com,4BA921A4-ECBF-49C8-9E72-EDE2AC63CBD3,2013-10-04 00:00:00.000
5844,5039,gabriel6@adventure-works.com,7497FE95-9EDE-4DBB-B5B9-A2F0D85E3FA4,2011-11-15 00:00:00.000
5845,5040,gabriel7@adventure-works.com,F13B7D25-0E77-40F4-A383-9A991460EFCC,2013-11-15 00:00:00.000
5846,5041,gabriel8@adventure-works.com,89FC8CA2-0A65-466C-93EC-84810D11A34D,2013-10-12 00:00:00.000
5847,5042,claudia0@adventure-works.com,0C7D7753-2CD8-4EC8-8AB2-A061E0E300FB,2012-10-31 00:00:00.000
5848,5043,gabriel9@adventure-works.com,24CE7317-1379-440E-87B6-C4480F7F751D,2013-11-08 00:00:00.000
5849,5044,gabriel10@adventure-works.com,FE796DA6-FEAD-4147-A514-D57ACE6011E4,2014-04-05 00:00:00.000
5850,5045,gabriel11@adventure-works.com,FC5442F2-F812-41A2-9A74-970441654601,2014-01-19 00:00:00.000
5851,5046,claudia1@adventure-works.com,805297EB-CE27-4DB6-87B0-B20351D6B68A,2013-07-18 00:00:00.000
5852,5047,gabriel12@adventure-works.com,C3D911A8-03DA-4672-B3FC-22233C8621AB,2013-10-20 00:00:00.000
5853,5048,gabriel13@adventure-works.com,13D63CE5-47E3-41CD-9372-C622A18AB3EE,2013-05-28 00:00:00.000
5854,5049,claudia2@adventure-works.com,A390F595-0C9F-4550-A198-AE816419858E,2012-01-04 00:00:00.000
5855,5050,claudia3@adventure-works.com,1D7CCFC9-D2F1-40F2-85BA-79666FCDA8FD,2013-03-12 00:00:00.000
5856,5051,gabriel14@adventure-works.com,62E9DD9A-4C9A-492D-AC1C-3BC2F4A31017,2013-04-21 00:00:00.000
5857,5052,gabriel15@adventure-works.com,51229A99-E269-493B-BAB0-906BF7B4DDFB,2014-01-05 00:00:00.000
5858,5053,daisy0@adventure-works.com,8167ACF0-AE28-4791-83B0-7B1DAA5A724C,2013-11-24 00:00:00.000
5859,5054,claudia4@adventure-works.com,16A2AE82-60B9-4BCB-9905-2F4442BFFF80,2013-11-23 00:00:00.000
5860,5055,claudia5@adventure-works.com,1951A8B0-0755-45B5-B76E-70095651128A,2014-04-10 00:00:00.000
5861,5056,gabriel16@adventure-works.com,043E3C67-6BFD-48AF-89D7-CE0BA2D9D372,2013-07-16 00:00:00.000
5862,5057,claudia6@adventure-works.com,C6E5A189-7517-4851-8CD2-64670BD9FE63,2013-07-21 00:00:00.000
5863,5058,claudia7@adventure-works.com,BD4EE54B-9C45-424F-A2B5-E3A98F4FC625,2011-07-21 00:00:00.000
5864,5059,claudia8@adventure-works.com,A899EA6F-60A3-49C7-B869-C00414E554F7,2012-01-15 00:00:00.000
5865,5060,gabriel17@adventure-works.com,6E89DB32-E484-4551-A9E3-9C7A4DA2C125,2014-03-14 00:00:00.000
5866,5061,claudia9@adventure-works.com,6CD06630-3657-4233-ABF4-FBC9067CF788,2013-10-08 00:00:00.000
5867,5062,gabriel18@adventure-works.com,9E760A9A-ACD7-453D-B585-600472756F3A,2013-12-27 00:00:00.000
5868,5063,gabriel19@adventure-works.com,3AF09406-BAFA-4CAF-B9C1-7AF60713CFDE,2011-09-18 00:00:00.000
5869,5064,claudia10@adventure-works.com,161B0188-51BC-4BFB-8BCF-E2C09481D4A5,2014-06-19 00:00:00.000
5870,5065,gabriel20@adventure-works.com,92AEC711-F1AB-451D-B8A9-49A800DCED3C,2012-04-13 00:00:00.000
5871,5066,claudia11@adventure-works.com,F8B9FF97-F598-446B-AADB-B386EB37A46C,2014-06-16 00:00:00.000
5872,5067,gabriel21@adventure-works.com,20F5274F-0B80-4E5B-B064-B92F42A35A9A,2013-10-01 00:00:00.000
5873,5068,gabriel22@adventure-works.com,850AA7AB-1AC8-43A7-AB58-2A9520409DB1,2012-03-05 00:00:00.000
5874,5069,claudia12@adventure-works.com,94B69746-56C1-499F-8F13-57F6118A044F,2011-09-08 00:00:00.000
5875,5070,daisy1@adventure-works.com,AD8E4A36-8555-46AE-BDE5-2AAF5E341845,2014-01-16 00:00:00.000
5876,5071,gabriel23@adventure-works.com,DA44A89E-55D2-4794-BE87-24557F663A9E,2013-12-18 00:00:00.000
5877,5072,gabriel24@adventure-works.com,1B8EC003-73A6-48DA-A45F-0B8C6F5D120A,2014-04-04 00:00:00.000
5878,5073,gabriel25@adventure-works.com,C8959851-A732-4408-A081-32B4BD92D8BB,2012-02-03 00:00:00.000
5879,5074,claudia13@adventure-works.com,922758AB-3907-4320-8A02-19DA9165C6E8,2011-07-26 00:00:00.000
5880,5075,claudia14@adventure-works.com,27F2D01D-1AAB-4AED-A2C3-8C2A653174FE,2013-05-09 00:00:00.000
5881,5076,connie2@adventure-works.com,9D8C42C1-718D-4CF2-83BA-61449FA26E96,2014-01-08 00:00:00.000
5882,5077,gabriel26@adventure-works.com,2D53E5B5-A007-4CE1-9062-B2822CECE698,2013-05-10 00:00:00.000
5883,5078,gabriel27@adventure-works.com,578DBA63-2BA8-42B5-8AE4-FE579A5C525C,2013-09-01 00:00:00.000
5884,5079,gabriel28@adventure-works.com,E084E671-E1CA-46FF-B0F3-6163B7C9BB49,2014-05-14 00:00:00.000
5885,5080,claudia15@adventure-works.com,EEA1FFFB-DCF1-483F-A008-32E941C03DC4,2013-11-14 00:00:00.000
5886,5081,gabriel29@adventure-works.com,5344DB61-C171-4062-ADF7-0627735FFD8B,2013-08-19 00:00:00.000
5887,5082,elijah7@adventure-works.com,53E5C838-5F34-4F57-A7B7-6EAF5FDB9E2E,2012-02-19 00:00:00.000
5888,5083,elijah8@adventure-works.com,26A4B906-23C6-4513-A6BB-2C678CB0B73B,2014-05-23 00:00:00.000
5889,5084,elijah9@adventure-works.com,47E2FDD2-E203-4DD2-AB47-DE1A072D390E,2013-07-09 00:00:00.000
5890,5085,claudia16@adventure-works.com,CC402E3A-2D18-448B-846B-17C19E12FF09,2013-07-05 00:00:00.000
5891,5086,elijah10@adventure-works.com,88533834-5E48-496A-BC3C-AB9B29ABEAF6,2013-07-03 00:00:00.000
5892,5087,claudia17@adventure-works.com,026C3ED7-C4A5-4735-A3F2-59E77FBCA7F4,2011-11-28 00:00:00.000
5893,5088,elijah11@adventure-works.com,83E664C1-5277-4E30-B14B-91A1FC662BC9,2014-05-05 00:00:00.000
5894,5089,elijah12@adventure-works.com,8AF4F173-5FED-4745-B5AB-C42A163AAD9C,2012-01-19 00:00:00.000
5895,5090,claudia18@adventure-works.com,069B5351-C4CB-4842-B726-1FC26E27C9DF,2012-11-25 00:00:00.000
5896,5091,elijah13@adventure-works.com,500CD9F5-12A0-4E03-8B70-F7563531A71E,2014-05-07 00:00:00.000
5897,5092,elijah14@adventure-works.com,E1C94753-ECE7-431C-A7F6-1760440B8552,2012-04-21 00:00:00.000
5898,5093,claudia19@adventure-works.com,DB0A86C5-B770-4B08-9078-6D4CCE846769,2011-07-07 00:00:00.000
5899,5094,elijah15@adventure-works.com,67145EC1-584F-4BC3-8E61-2DBE4EFA122E,2014-04-22 00:00:00.000
5900,5095,elijah16@adventure-works.com,FBD51FF6-A025-4897-B851-996F9A079E83,2013-10-07 00:00:00.000
5901,5096,daisy2@adventure-works.com,70D9AB52-E875-4218-B2D4-8506477139BD,2012-08-15 00:00:00.000
5902,5097,claudia20@adventure-works.com,A144C602-0FD9-477C-8415-D0805BF7B178,2014-03-09 00:00:00.000
5903,5098,autumn0@adventure-works.com,A7397016-2E82-47E5-B8A8-1343D5D49C49,2014-03-31 00:00:00.000
5904,5099,elijah17@adventure-works.com,48EE5164-4D82-4EB5-8B12-D54587DEBA24,2013-12-25 00:00:00.000
5905,5100,elijah18@adventure-works.com,D582A327-D9E2-41A6-B055-DA86E0CA21B7,2014-01-02 00:00:00.000
5906,5101,autumn1@adventure-works.com,8AA4F316-B0B8-495F-92AF-436F920AE63D,2012-09-22 00:00:00.000
5907,5102,autumn2@adventure-works.com,AA15659C-8ABE-443C-A76C-EBB52DC767EF,2012-07-11 00:00:00.000
5908,5103,elijah19@adventure-works.com,265E39AD-07B8-4CBA-8A94-83A7CB440037,2012-06-26 00:00:00.000
5909,5104,autumn3@adventure-works.com,ACA5E6F1-CD6A-44B4-B035-C3AAB3C8C3F6,2013-08-21 00:00:00.000
5910,5105,elijah20@adventure-works.com,978DA59E-2D22-4D70-8FF9-7482A25B0092,2013-07-05 00:00:00.000
5911,5106,autumn4@adventure-works.com,0F0CDDCA-E6A2-405E-887C-FD0741268A08,2012-05-22 00:00:00.000
5912,5107,elijah21@adventure-works.com,98F8092C-206C-438D-9F7D-81C962AE61F7,2013-06-12 00:00:00.000
5913,5108,elijah22@adventure-works.com,B15974BC-B667-4AFD-8A5E-CC33382D2ED6,2013-11-06 00:00:00.000
5914,5109,elijah23@adventure-works.com,88234662-F029-4209-B652-A35C3F30F07B,2012-02-19 00:00:00.000
5915,5110,elijah24@adventure-works.com,C47727B0-89BE-4A24-B80C-6429726DE75B,2012-08-11 00:00:00.000
5916,5111,elijah25@adventure-works.com,B6F94C3A-7F24-4FD5-85C2-764267BAA6F7,2014-06-30 00:00:00.000
5917,5112,autumn5@adventure-works.com,A6CA19B7-270B-431D-81D0-246FD15D9136,2014-05-27 00:00:00.000
5918,5113,elijah26@adventure-works.com,BE184B1E-91F3-4BC4-A3CA-198997AE259A,2014-06-25 00:00:00.000
5919,5114,autumn6@adventure-works.com,616CD93C-6A3B-4A50-AAFC-F820F793B1CA,2013-12-17 00:00:00.000
5920,5115,autumn7@adventure-works.com,158F023E-CF21-4B1C-B05B-F6D9D7393880,2011-10-10 00:00:00.000
5921,5116,deb3@adventure-works.com,D2B73884-1F5E-4B80-929D-E2B063CC09FE,2013-08-27 00:00:00.000
5922,5117,autumn8@adventure-works.com,F979A890-E66A-4EB0-B077-C077B4826D23,2013-05-19 00:00:00.000
5923,5118,elijah27@adventure-works.com,F2695051-622A-46B8-9DE9-D2A6D5A695B1,2013-04-10 00:00:00.000
5924,5119,logan0@adventure-works.com,52626A36-839E-4411-9066-6D3308B79869,2014-02-12 00:00:00.000
5925,5120,logan1@adventure-works.com,6ED15740-A894-4C58-8C35-18B661DD718A,2014-04-05 00:00:00.000
5926,5121,logan2@adventure-works.com,09B7B69A-2D21-4F7F-8F08-1D7403761A85,2014-01-07 00:00:00.000
5927,5122,autumn9@adventure-works.com,0C0CC686-E8C6-4001-8497-D248DF06EBE9,2013-07-25 00:00:00.000
5928,5123,logan3@adventure-works.com,097D5CAF-0D79-439C-A894-83EC85322F6F,2014-04-01 00:00:00.000
5929,5124,autumn10@adventure-works.com,321DF143-F065-47D7-ADDE-9FEFC1DEB421,2013-12-19 00:00:00.000
5930,5125,autumn11@adventure-works.com,6B1415F3-C334-407A-8C1B-2DCA75500204,2013-08-18 00:00:00.000
5931,5126,logan4@adventure-works.com,8F168C23-64BB-42C7-9715-3DB7053D9C02,2013-07-06 00:00:00.000
5932,5127,logan5@adventure-works.com,0C5F6C72-7AEB-46B0-9C0C-45B2F9C3032B,2014-04-08 00:00:00.000
5933,5128,autumn12@adventure-works.com,39309FE1-8ECB-42B3-A100-7815A9826C87,2014-03-04 00:00:00.000
5934,5129,nathan0@adventure-works.com,FDB03E10-F2C5-4C93-A58A-719E752C96DE,2013-11-18 00:00:00.000
5935,5130,autumn13@adventure-works.com,DA8E395E-C2AF-465B-BC40-8ABEF6138699,2013-07-24 00:00:00.000
5936,5131,autumn14@adventure-works.com,F85241B2-F92B-4D01-94EE-9537E4762CC7,2013-08-09 00:00:00.000
5937,5132,nathan1@adventure-works.com,192496FF-262C-45B0-B47B-EDE42CD3E4CF,2012-11-18 00:00:00.000
5938,5133,autumn15@adventure-works.com,BFFAC1C1-9A46-4D73-91A0-77C0AA7F134E,2012-05-01 00:00:00.000
5939,5134,autumn16@adventure-works.com,8A5BDB33-397F-407F-98E9-3B4BFCACECA9,2014-04-28 00:00:00.000
5940,5135,nathan2@adventure-works.com,B21FE2A8-4848-475E-B24C-C0E02030C0BC,2012-10-16 00:00:00.000
5941,5136,nathan3@adventure-works.com,DBFA5E0A-E819-4979-9991-F6FFEDAD3E31,2013-09-07 00:00:00.000
5942,5137,daisy3@adventure-works.com,E6D30CE3-762C-4F06-A076-0D44ED89B385,2012-01-02 00:00:00.000
5943,5138,autumn17@adventure-works.com,AFD6AACA-8FEB-4F72-A165-29412E28CB60,2013-10-06 00:00:00.000
5944,5139,autumn18@adventure-works.com,D04B97E8-8F45-4F4A-AF2B-DB3828EA3FBC,2014-01-27 00:00:00.000
5945,5140,autumn19@adventure-works.com,6018F6BC-E795-4784-835D-48A2BFF90A5F,2012-05-20 00:00:00.000
5946,5141,nathan4@adventure-works.com,626F29F0-7D3F-4000-A611-2EC5ACFA759C,2013-08-15 00:00:00.000
5947,5142,autumn20@adventure-works.com,94D46F26-9744-4994-B73E-7553137B21B5,2013-08-24 00:00:00.000
5948,5143,nathan5@adventure-works.com,CA0D0CC3-EBD0-483E-8AA3-DDF9F3834F37,2014-01-12 00:00:00.000
5949,5144,autumn21@adventure-works.com,17BD0BCF-B1C6-4F28-B30E-A737803D0A0F,2013-11-27 00:00:00.000
5950,5145,nathan6@adventure-works.com,B46E1776-E686-4809-AB1B-86E2757E5285,2013-12-09 00:00:00.000
5951,5146,nathan7@adventure-works.com,66D2CBD3-31ED-401E-8A53-5CCE26DF736B,2013-07-22 00:00:00.000
5952,5147,trisha18@adventure-works.com,81DF85F0-2712-4FE3-8AA4-44D5E238797F,2014-02-01 00:00:00.000
5953,5148,nathan8@adventure-works.com,E5195391-B999-465A-855A-694EC1A356E7,2014-04-11 00:00:00.000
5954,5149,nathan9@adventure-works.com,3887ADDC-14D4-4797-9093-802560BF9E9B,2014-01-22 00:00:00.000
5955,5150,trisha19@adventure-works.com,BC235D87-6743-48A8-BA2F-B4D528C9F4A0,2011-08-15 00:00:00.000
5956,5151,trisha20@adventure-works.com,5242C382-E545-4C92-B7BC-0EBB2ED8F9D3,2014-06-23 00:00:00.000
5957,5152,nathan10@adventure-works.com,B52BB2D5-18C4-468D-8A40-60E16269D452,2013-01-05 00:00:00.000
5958,5153,daisy4@adventure-works.com,A4EFBA8A-14C4-4C24-9E3F-6D90D11392FB,2014-04-25 00:00:00.000
5959,5154,trisha21@adventure-works.com,9B073FF6-2EBB-40B3-B81B-D3E0905DFDDC,2011-11-10 00:00:00.000
5960,5155,nathan11@adventure-works.com,58CA60AA-E4B4-43DB-AC84-0E7CD40BA6F5,2013-10-08 00:00:00.000
5961,5156,nathan12@adventure-works.com,83769C41-D6ED-403F-97C2-96918089AB3A,2014-02-15 00:00:00.000
5962,5157,trisha22@adventure-works.com,0ADECD33-1498-4044-B8AA-4C89B0001AA9,2012-03-14 00:00:00.000
5963,5158,nathan13@adventure-works.com,56EA944A-051A-40F7-A5DE-9F6955EC3FD0,2013-07-31 00:00:00.000
5964,5159,nathan14@adventure-works.com,F663C37F-DE83-44AA-9B33-638C18BAB6DC,2014-03-31 00:00:00.000
5965,5160,nathan15@adventure-works.com,71623D69-F7FC-4639-9AA2-2DECC7CB33DF,2013-10-08 00:00:00.000
5966,5161,nathan16@adventure-works.com,0210090C-155D-49DD-BF66-43086C6E4BC7,2013-09-06 00:00:00.000
5967,5162,nathan17@adventure-works.com,B28D44A8-E8CA-4676-A7C5-0CD69E1C32BD,2014-03-28 00:00:00.000
5968,5163,nathan18@adventure-works.com,CC0581AA-7784-43C1-AC76-4F07A112E282,2013-05-20 00:00:00.000
5969,5164,mallory0@adventure-works.com,DE1B8012-0F6D-4E46-B40A-7E89C92F20A7,2013-10-17 00:00:00.000
5970,5165,nathan19@adventure-works.com,919B4E8C-320D-4BE2-952D-88D77BD81796,2011-09-05 00:00:00.000
5971,5166,mallory1@adventure-works.com,58757D3E-3037-4E71-AE5E-AA1170672D1A,2014-01-02 00:00:00.000
5972,5167,mallory2@adventure-works.com,8B168DA0-BBC4-48E9-A734-91554AA94E52,2012-08-24 00:00:00.000
5973,5168,nathan20@adventure-works.com,3B2072BB-0312-42E1-84E4-0B9DB8DFF35D,2014-04-08 00:00:00.000
5974,5169,mallory3@adventure-works.com,06784810-FC47-46D3-817E-640924E16A33,2013-02-16 00:00:00.000
5975,5170,nathan21@adventure-works.com,F128BFBD-2BA5-46F2-A1CB-154E293B14E2,2013-01-14 00:00:00.000
5976,5171,nathan22@adventure-works.com,0A1F520F-2DB1-41F4-B4F8-370024063531,2013-10-14 00:00:00.000
5977,5172,mallory4@adventure-works.com,A279AA4B-ADD7-481B-9801-32C2CCB27ECB,2014-05-03 00:00:00.000
5978,5173,nathan23@adventure-works.com,E30B8589-0670-46AE-B9B9-79105ED49AB2,2014-04-30 00:00:00.000
5979,5174,mallory5@adventure-works.com,F2C19E00-6ABE-49E4-8B29-1707F25FCA8C,2014-01-31 00:00:00.000
5980,5175,nathan24@adventure-works.com,497649E4-B317-4813-9EC4-640BA842EADD,2011-10-25 00:00:00.000
5981,5176,nathan25@adventure-works.com,45194D0F-1CAE-47F5-99F7-DF81A1B34879,2013-07-06 00:00:00.000
5982,5177,nathan26@adventure-works.com,8AAAAF76-F965-4D8C-B635-AD36A7423EA8,2013-10-14 00:00:00.000
5983,5178,daisy5@adventure-works.com,6C47D8A6-69DB-4235-90A5-76B2319E3379,2012-01-15 00:00:00.000
5984,5179,mallory6@adventure-works.com,2424520C-DC44-4505-8915-480139F9CDA7,2013-08-08 00:00:00.000
5985,5180,nathan27@adventure-works.com,61E2C1E5-64D5-486F-8847-C265E4F48925,2013-12-06 00:00:00.000
5986,5181,mallory7@adventure-works.com,203F7318-EF41-4412-B1F6-ABB466239BC9,2013-07-14 00:00:00.000
5987,5182,nathan28@adventure-works.com,6C25A1FB-2A19-4A97-A8C7-67ECE89ACF44,2014-04-12 00:00:00.000
5988,5183,nathan29@adventure-works.com,3400CECE-DB1B-464E-AB14-A8C1AE605366,2013-07-18 00:00:00.000
5989,5184,samuel2@adventure-works.com,DFCC8425-BC59-4626-992C-3E24F347C312,2013-12-22 00:00:00.000
5990,5185,audrey1@adventure-works.com,318E733E-FC5A-4559-875E-CDD6E2DD3305,2013-11-05 00:00:00.000
5991,5186,samuel3@adventure-works.com,86685E1D-F420-43D7-97D0-D6BE9D2E45A1,2012-12-22 00:00:00.000
5992,5187,samuel4@adventure-works.com,33B7EC39-A1C2-47CD-9777-52D6D1AD1E94,2014-04-27 00:00:00.000
5993,5188,audrey2@adventure-works.com,3507A033-F205-43A8-BCA6-177C1306C84D,2014-04-15 00:00:00.000
5994,5189,samuel5@adventure-works.com,892E0302-3BDC-44C0-98A1-4955CCDA72DE,2014-03-01 00:00:00.000
5995,5190,samuel6@adventure-works.com,CE4F093C-5C73-4150-A0B5-171377A4B480,2013-07-25 00:00:00.000
5996,5191,samuel7@adventure-works.com,6F611139-8595-40EB-BB3D-0E4DA0891B99,2014-04-02 00:00:00.000
5997,5192,audrey3@adventure-works.com,EEA91A41-885E-46A4-8079-32412637BAE9,2013-02-15 00:00:00.000
5998,5193,samuel8@adventure-works.com,3F8C9695-1D4D-4072-87C2-464442841EA3,2011-09-20 00:00:00.000
5999,5194,audrey4@adventure-works.com,70A5203C-6B2E-4BEA-9FE2-DE2DAE6A7B1E,2014-01-14 00:00:00.000
6000,5195,samuel9@adventure-works.com,EA8512BD-6739-434D-AB53-1B70EC11D550,2014-03-04 00:00:00.000
6001,5196,audrey5@adventure-works.com,C2FAEF6D-E449-4478-B997-27972610A665,2013-07-11 00:00:00.000
6002,5197,samuel10@adventure-works.com,6E59B2A7-0886-4B04-A2F2-0D3668D83409,2011-08-25 00:00:00.000
6003,5198,audrey6@adventure-works.com,06ABADAC-2AD9-4884-80FC-C2364935846A,2014-03-31 00:00:00.000
6004,5199,samuel11@adventure-works.com,D9BE3A4A-B209-4C6A-9F1F-54EBD616C16D,2014-04-01 00:00:00.000
6005,5200,samuel12@adventure-works.com,D912011E-E04A-4953-BEFF-CAEF27CF1B38,2013-10-01 00:00:00.000
6006,5201,samuel13@adventure-works.com,75A0B9AC-48F5-43B8-8C98-BF9E3717CD7C,2014-01-02 00:00:00.000
6007,5202,samuel14@adventure-works.com,D48C2302-B1DC-4F78-8D41-2035A0DBC118,2013-11-25 00:00:00.000
6008,5203,samuel15@adventure-works.com,70D468BC-2E2A-45B4-8FBD-981833119193,2013-08-17 00:00:00.000
6009,5204,damien2@adventure-works.com,914E7AE7-2C5C-4242-A32E-2773CCC5EC49,2014-04-12 00:00:00.000
6010,5205,daisy6@adventure-works.com,2DB36C79-1038-41A2-AC99-73C51619F544,2013-12-22 00:00:00.000
6011,5206,audrey7@adventure-works.com,0C2B2016-634D-4F14-B0D9-BBA02422C6EF,2012-09-28 00:00:00.000
6012,5207,samuel16@adventure-works.com,785B6B7E-070B-4D57-B60B-A27D3021B02B,2011-11-25 00:00:00.000
6013,5208,audrey8@adventure-works.com,88435059-922B-4C60-B20A-634C0AD434CB,2012-04-07 00:00:00.000
6014,5209,samuel17@adventure-works.com,EE08B9B1-8D20-4B4F-97E5-BCA9173832EF,2013-11-06 00:00:00.000
6015,5210,audrey9@adventure-works.com,B8AF3C55-63E6-4E4E-89E3-F79D5EEDE318,2013-12-02 00:00:00.000
6016,5211,samuel18@adventure-works.com,0955CCDA-4BB0-4388-B2FD-30A6D57362F5,2014-02-27 00:00:00.000
6017,5212,samuel19@adventure-works.com,28FE7275-639A-4987-ACC6-324256673385,2013-11-26 00:00:00.000
6018,5213,samuel20@adventure-works.com,333E1C15-A5A6-4A50-A6F5-71D90E4560F5,2013-09-08 00:00:00.000
6019,5214,audrey10@adventure-works.com,7B68842D-B287-4EB3-BAC2-9FA80B5653E8,2014-03-17 00:00:00.000
6020,5215,samuel21@adventure-works.com,B646D04A-FDC4-4722-97DD-C44199FEF3FC,2013-01-06 00:00:00.000
6021,5216,samuel22@adventure-works.com,324A4A16-2BAC-42E4-80CC-B62B55EF0D20,2014-04-13 00:00:00.000
6022,5217,audrey11@adventure-works.com,7957B8BB-D86B-4A20-9809-293DE9941F0F,2013-11-29 00:00:00.000
6023,5218,samuel23@adventure-works.com,9421E765-65C4-4F8A-BC25-22A8CD71A4D1,2013-08-20 00:00:00.000
6024,5219,samuel24@adventure-works.com,D3B5DF2D-199F-406E-A9C0-4C1161BBB897,2013-10-03 00:00:00.000
6025,5220,audrey12@adventure-works.com,8F34C6B9-D6F9-423E-99FD-886B449B6DB6,2013-01-03 00:00:00.000
6026,5221,samuel25@adventure-works.com,85DEF4FA-9F99-4BC7-990C-BEE615CB416E,2014-02-03 00:00:00.000
6027,5222,audrey13@adventure-works.com,2C49BB0E-77A8-4079-940C-BC238E616ECB,2013-11-09 00:00:00.000
6028,5223,samuel26@adventure-works.com,F9CAE143-D86C-4946-B7B7-21D7873244F7,2013-09-14 00:00:00.000
6029,5224,audrey14@adventure-works.com,60E637AC-EDBA-443F-B8AB-0D53EBF1FFEB,2014-04-01 00:00:00.000
6030,5225,samuel27@adventure-works.com,C886EE3B-C403-44B9-AC98-EE67E229AEDB,2014-03-26 00:00:00.000
6031,5226,audrey15@adventure-works.com,ECA88D0C-A69D-4063-BD1A-825B31B3E478,2013-10-17 00:00:00.000
6032,5227,samuel28@adventure-works.com,2BF88D1E-1E07-4FD9-9598-EFDE99258239,2013-10-12 00:00:00.000
6033,5228,samuel29@adventure-works.com,08845358-5903-4A5B-9823-1E1473A6357F,2013-08-08 00:00:00.000
6034,5229,hunter0@adventure-works.com,DF21FD46-2391-4FCD-9C12-064C662D7860,2014-02-17 00:00:00.000
6035,5230,hunter1@adventure-works.com,F17B83BD-509A-4166-A0E2-29DCAAB2E924,2013-10-29 00:00:00.000
6036,5231,hunter2@adventure-works.com,9BD6C57D-4DFD-4D10-B032-3590143D6E38,2011-11-14 00:00:00.000
6037,5232,hunter3@adventure-works.com,C352E13F-F2C4-4C38-91E0-9CE0CB4A3F03,2014-03-25 00:00:00.000
6038,5233,hunter4@adventure-works.com,0BE378F7-DC92-48BA-9E90-B64AD8A7DCD9,2013-07-28 00:00:00.000
6039,5234,audrey16@adventure-works.com,67F0CE2F-866A-4FC8-8BAB-91DD6CC8107C,2014-01-17 00:00:00.000
6040,5235,daisy7@adventure-works.com,F32D3E98-D900-4752-9444-F5BDC45F9958,2014-02-06 00:00:00.000
6041,5236,audrey17@adventure-works.com,841328FD-C73D-485E-A478-569499452959,2013-03-29 00:00:00.000
6042,5237,hunter5@adventure-works.com,891F0C1C-C603-46CD-8B8D-09EA722D07B2,2014-06-09 00:00:00.000
6043,5238,audrey18@adventure-works.com,754BD6DA-1F9F-40B0-A065-75837F03ED92,2011-11-03 00:00:00.000
6044,5239,hunter6@adventure-works.com,16694D16-5520-4392-84D7-633DFB20BE73,2014-06-24 00:00:00.000
6045,5240,hunter7@adventure-works.com,EFE73784-B8F0-4256-A84A-8ED91091103E,2013-10-18 00:00:00.000
6046,5241,audrey19@adventure-works.com,28ED1FA3-5B04-4CCB-AEB9-A6057E5E8764,2012-03-26 00:00:00.000
6047,5242,audrey20@adventure-works.com,6BDDDA29-AA34-4BD5-8A14-E4897EE923EB,2014-02-08 00:00:00.000
6048,5243,audrey21@adventure-works.com,53C20990-4E38-4CF3-86D5-5446819E205A,2013-08-22 00:00:00.000
6049,5244,hunter8@adventure-works.com,47BB41BC-6276-48CB-8447-36A2EE01505E,2013-12-27 00:00:00.000
6050,5245,audrey22@adventure-works.com,0C741F4A-D8D9-4834-A208-01A4E0E8A780,2013-11-12 00:00:00.000
6051,5246,hunter9@adventure-works.com,FF71674E-BF54-41ED-85BC-23B2CE79AEC6,2013-09-14 00:00:00.000
6052,5247,hunter10@adventure-works.com,6B15EAAB-9CE2-4A2F-9678-6C7E1AAAE504,2013-10-02 00:00:00.000
6053,5248,hunter11@adventure-works.com,8F1AE6CB-330E-4189-BC80-DD62343B38EE,2013-08-28 00:00:00.000
6054,5249,audrey23@adventure-works.com,075C1C5F-B98B-4A94-AA49-BF87DA436A55,2012-12-11 00:00:00.000
6055,5250,audrey24@adventure-works.com,9286CDB5-E431-418C-A642-928B0B29FD89,2012-07-11 00:00:00.000
6056,5251,beth2@adventure-works.com,94B76722-350C-4C75-B964-8DB81E0051EB,2014-02-20 00:00:00.000
6057,5252,hunter12@adventure-works.com,6A209B71-0643-424C-A92E-E37841E96137,2014-04-19 00:00:00.000
6058,5253,beth3@adventure-works.com,59FB130A-9501-4824-A0EC-1DEE41F52B8E,2013-05-13 00:00:00.000
6059,5254,hunter13@adventure-works.com,9EFDC8DA-2CEE-4C39-AB89-8AAA26B70701,2014-03-30 00:00:00.000
6060,5255,hunter14@adventure-works.com,B88729FE-B979-47D1-984B-21F242DF0BE7,2012-11-18 00:00:00.000
6061,5256,deb4@adventure-works.com,A0B6760F-CF1F-4875-AC5B-DC1043122C0F,2012-06-21 00:00:00.000
6062,5257,beth4@adventure-works.com,C76980E4-8927-4EED-9C02-0A88215763A3,2012-12-31 00:00:00.000
6063,5258,hunter15@adventure-works.com,458BAF1B-4841-4F71-863F-B70DB1720180,2013-09-01 00:00:00.000
6064,5259,beth5@adventure-works.com,0F77F71C-3B95-4624-8BFC-B25966FB92A6,2013-10-20 00:00:00.000
6065,5260,greg7@adventure-works.com,82F2808D-2C39-4501-A170-49D99D88ABC8,2013-09-10 00:00:00.000
6066,5261,beth6@adventure-works.com,44E50397-382A-49F7-AB4E-0628ECD5DDD8,2013-12-01 00:00:00.000
6067,5262,hunter16@adventure-works.com,CCCD8D83-E203-412A-A672-4A4281375BBB,2012-02-21 00:00:00.000
6068,5263,hunter17@adventure-works.com,658A68A4-6F4F-4E67-A20D-242CDE55D0DF,2012-11-24 00:00:00.000
6069,5264,beth7@adventure-works.com,9CD08757-D341-43DA-92E0-540CFC5870C9,2014-05-31 00:00:00.000
6070,5265,hunter18@adventure-works.com,D37FF88A-4962-409C-BF10-2AC03C4D3BDF,2012-10-23 00:00:00.000
6071,5266,henry1@adventure-works.com,CD432F00-01BF-4125-A774-8A7793328B32,2013-11-24 00:00:00.000
6072,5267,hunter19@adventure-works.com,D1C9264F-C9BA-485C-B20C-72825CA1D247,2014-01-04 00:00:00.000
6073,5268,beth8@adventure-works.com,F571EAC7-7F1F-40BA-BEBE-3EF160690E66,2011-10-14 00:00:00.000
6074,5269,hunter20@adventure-works.com,FC280D1E-CF43-48DE-8510-96FAB9B5D6C8,2013-09-20 00:00:00.000
6075,5270,beth9@adventure-works.com,8A888FFD-2585-4CCE-8135-7BE6E5FDF850,2012-09-05 00:00:00.000
6076,5271,hunter21@adventure-works.com,C5BCAF26-9CED-4F5D-89E8-CCA63FC0A8D8,2013-10-16 00:00:00.000
6077,5272,hunter22@adventure-works.com,FB9409A2-3BFC-4F96-95B1-BA56579C01F5,2013-07-04 00:00:00.000
6078,5273,hunter23@adventure-works.com,C83E9B7A-92D3-4D13-B18E-ACEBC16C3A65,2012-01-10 00:00:00.000
6079,5274,hunter24@adventure-works.com,27797052-09DD-4AE4-9FB6-E5939DF3CD2E,2013-05-07 00:00:00.000
6080,5275,beth10@adventure-works.com,EB9E04CE-3C1B-45DD-9F49-335EE49BFDAA,2012-04-16 00:00:00.000
6081,5276,hunter25@adventure-works.com,3A226E0B-AD56-49E3-B604-8D6B09C9F1D4,2013-07-01 00:00:00.000
6082,5277,hunter26@adventure-works.com,5490ED9D-B151-413E-9CBF-AC904BA12BBC,2013-08-25 00:00:00.000
6083,5278,beth11@adventure-works.com,C3991340-FD52-4CF6-9F33-E2A2175C3E4D,2012-11-14 00:00:00.000
6084,5279,hunter27@adventure-works.com,D4A0BF67-E160-4098-8FCE-B52E411C5246,2014-04-14 00:00:00.000
6085,5280,noah0@adventure-works.com,EDE17739-E4D6-4444-9712-D679502CA822,2012-09-02 00:00:00.000
6086,5281,beth12@adventure-works.com,E90FF105-E6E6-4B30-B2E8-8B1A1956E274,2014-01-07 00:00:00.000
6087,5282,noah1@adventure-works.com,97F748D2-12DB-4C51-9EC2-820196E50782,2013-09-07 00:00:00.000
6088,5283,deb5@adventure-works.com,5AEB999A-0BF8-47FC-8172-894D0A0CEB7B,2014-04-18 00:00:00.000
6089,5284,beth13@adventure-works.com,6DE2A501-1611-4A71-B64F-14795004806E,2012-04-15 00:00:00.000
6090,5285,noah2@adventure-works.com,BB02CE90-B41D-427A-A90E-4059A1BC4361,2012-02-26 00:00:00.000
6091,5286,noah3@adventure-works.com,F423C874-25B7-4F33-9210-6555EE25C8F2,2013-09-24 00:00:00.000
6092,5287,noah4@adventure-works.com,56E865C6-C93B-4486-B6C4-386112A667FB,2013-12-15 00:00:00.000
6093,5288,beth14@adventure-works.com,D4633AD2-4A0F-4A5C-8884-12814B9FFAD5,2014-06-15 00:00:00.000
6094,5289,beth15@adventure-works.com,FB53A9E7-B282-4859-8811-448BB68063F5,2013-11-29 00:00:00.000
6095,5290,beth16@adventure-works.com,FED2E55B-05EB-45B1-B45F-02123982E29F,2012-01-12 00:00:00.000
6096,5291,noah5@adventure-works.com,82DCD86F-ADEC-466D-BEB1-D8FC53835661,2013-06-09 00:00:00.000
6097,5292,noah6@adventure-works.com,F1ADDC7B-4301-46E1-AD35-2632448B1FDA,2013-04-03 00:00:00.000
6098,5293,beth17@adventure-works.com,5070DE91-4815-4927-8BA5-79EEEE72A5DA,2014-04-23 00:00:00.000
6099,5294,noah7@adventure-works.com,A82B03F6-7174-44FF-9565-5BFF756793C0,2014-05-06 00:00:00.000
6100,5295,beth18@adventure-works.com,C2F90092-02B9-486E-8B28-7646FF1D0879,2014-03-10 00:00:00.000
6101,5296,noah8@adventure-works.com,57247FBC-0CBF-4D85-9CB2-46BC95BB2584,2012-07-25 00:00:00.000
6102,5297,noah9@adventure-works.com,C7665DF6-2E11-4B8D-838F-2DD7A44EB8AC,2011-08-30 00:00:00.000
6103,5298,noah10@adventure-works.com,AD9339E3-C75A-4C35-B1BD-2C7341DD2603,2013-08-27 00:00:00.000
6104,5299,beth19@adventure-works.com,55760051-6269-4040-AE51-C3E7AB4EA3AF,2013-04-26 00:00:00.000
6105,5300,noah11@adventure-works.com,C7E96C0A-B075-43D7-B448-38B7F940B2D8,2012-04-26 00:00:00.000
6106,5301,beth20@adventure-works.com,7E4BF195-F03B-485B-AEA9-202D8CBAAEA8,2012-07-19 00:00:00.000
6107,5302,beth21@adventure-works.com,1B04C09B-E7A4-4E60-B470-5CC5DEB62651,2014-01-05 00:00:00.000
6108,5303,noah12@adventure-works.com,B5324C95-E225-4BEC-B25B-F1154634E870,2013-03-18 00:00:00.000
6109,5304,noah13@adventure-works.com,0D1DF9C6-0D1F-4B3D-B7A2-3FE174603477,2014-03-24 00:00:00.000
6110,5305,daisy8@adventure-works.com,7BAC74E1-8E8B-48F0-8C8B-A1781E47C96E,2013-07-14 00:00:00.000
6111,5306,beth22@adventure-works.com,DB5434B5-22A1-409B-8081-FEC9B8359816,2014-02-17 00:00:00.000
6112,5307,noah14@adventure-works.com,429B0FBE-4FA7-4787-AB9A-2550F424BAA3,2013-06-30 00:00:00.000
6113,5308,noah15@adventure-works.com,F8319426-0BA4-4F3E-B423-4FC58F21275B,2012-07-21 00:00:00.000
6114,5309,noah16@adventure-works.com,DE016B63-1B63-434C-B574-91E593FA5E09,2014-05-18 00:00:00.000
6115,5310,noah17@adventure-works.com,1340C546-2123-4C86-8F79-39486B79466C,2012-11-05 00:00:00.000
6116,5311,noah18@adventure-works.com,3E9D5BD2-B9AB-4F57-8BBB-7F16965E92B7,2014-01-05 00:00:00.000
6117,5312,beth23@adventure-works.com,F660568A-895C-4E0B-89BB-34FD8597D64F,2014-03-18 00:00:00.000
6118,5313,noah19@adventure-works.com,8FD6B0BB-5B97-4EB0-A843-F005492EBB79,2014-02-06 00:00:00.000
6119,5314,beth24@adventure-works.com,2EA5CF2B-0DE3-49B2-A41B-63A692534F5A,2012-09-14 00:00:00.000
6120,5315,noah20@adventure-works.com,02167B8D-7B53-4D16-9F38-A8C4B8557292,2013-12-27 00:00:00.000
6121,5316,latasha0@adventure-works.com,F39BF3A2-0030-4B85-9A9B-488EE2B6ED94,2013-06-18 00:00:00.000
6122,5317,latasha1@adventure-works.com,743C1800-86FA-43E2-95F9-F880DE6330C1,2013-09-06 00:00:00.000
6123,5318,noah21@adventure-works.com,2C9A789C-F62E-4CF7-B56F-E7CBFEE3EE3A,2012-09-14 00:00:00.000
6124,5319,noah22@adventure-works.com,9BA5FF46-EE16-4BA5-82AE-7B4B326E176E,2012-07-08 00:00:00.000
6125,5320,latasha2@adventure-works.com,015A9E26-EE69-4072-AC2E-23F08D7C2BBB,2011-10-07 00:00:00.000
6126,5321,latasha3@adventure-works.com,9CA8EDEB-0211-4851-858A-32451E6E78B3,2014-04-28 00:00:00.000
6127,5322,noah23@adventure-works.com,5F65BF79-C793-4880-84A3-F8185F58D6AC,2012-11-08 00:00:00.000
6128,5323,latasha4@adventure-works.com,3D957DCF-0641-4731-9B3B-CB8D7DF81470,2012-05-30 00:00:00.000
6129,5324,noah24@adventure-works.com,A58EAB81-E588-4FF0-83C5-3FF023B77C04,2013-08-03 00:00:00.000
6130,5325,latasha5@adventure-works.com,A33C67C5-6C0F-45F9-9888-6AACE002ADEA,2013-09-06 00:00:00.000
6131,5326,daisy9@adventure-works.com,4B72EFC2-2155-4BE9-BB87-32C18CE291FD,2011-09-26 00:00:00.000
6132,5327,latasha6@adventure-works.com,291135AF-C811-42FF-8865-2697F0138EEA,2011-12-11 00:00:00.000
6133,5328,latasha7@adventure-works.com,12E6E5DF-3BA6-4A38-87CA-AE9A6F1B98AF,2012-03-24 00:00:00.000
6134,5329,latasha8@adventure-works.com,C9FF4343-467B-4531-8643-63F746D71EF8,2011-06-04 00:00:00.000
6135,5330,latasha9@adventure-works.com,B12C92E2-D6E4-4F8C-8505-151DD897A453,2013-01-11 00:00:00.000
6136,5331,noah25@adventure-works.com,9993A29E-9E5B-4D07-BDD4-70A4412D7222,2014-03-04 00:00:00.000
6137,5332,noah26@adventure-works.com,CFCE00C0-CDA1-46B1-BC64-64CCD0EF2608,2011-11-20 00:00:00.000
6138,5333,latasha10@adventure-works.com,E49208FC-BE6D-4B97-BE34-EF1AA5F88DFA,2011-09-16 00:00:00.000
6139,5334,robert17@adventure-works.com,26E60582-68A5-4BE6-8867-FD739B29AEEB,2013-12-05 00:00:00.000
6140,5335,robert18@adventure-works.com,55C91CEB-D09C-4D8B-8ED0-10C2D829B650,2013-01-11 00:00:00.000
6141,5336,robert19@adventure-works.com,FD5183B0-9DD7-44E5-A1A6-85710F5D8248,2014-02-12 00:00:00.000
6142,5337,latasha11@adventure-works.com,E3FDEF9F-9040-40CA-A024-F2356788E8F2,2013-03-04 00:00:00.000
6143,5338,robert20@adventure-works.com,C8802C36-13BC-4583-959F-D1A7CFD060C6,2014-05-20 00:00:00.000
6144,5339,robert21@adventure-works.com,16CB7A22-717B-4EAC-B76D-D10E0ABBCF49,2013-11-09 00:00:00.000
6145,5340,latasha12@adventure-works.com,567979BA-32E4-49E7-AFA8-CF3940CEBF7A,2012-12-15 00:00:00.000
6146,5341,robert22@adventure-works.com,3265F29F-EC4D-4592-AE1C-F3AD76852197,2013-05-18 00:00:00.000
6147,5342,robert23@adventure-works.com,DDAFB4BA-69CD-4FCC-A94B-8D3F55912186,2013-07-05 00:00:00.000
6148,5343,latasha13@adventure-works.com,B178DD23-258F-40B1-BD7E-3C5891CA721F,2011-12-07 00:00:00.000
6149,5344,robert24@adventure-works.com,B5BA5299-FE5C-4CFF-86A1-02203A21B285,2013-10-11 00:00:00.000
6150,5345,latasha14@adventure-works.com,3BA68222-919B-4061-AF7A-696FBD6FCD77,2013-10-28 00:00:00.000
6151,5346,daisy10@adventure-works.com,CCAFC22E-1529-483F-8BE9-6063A3D0B88A,2014-06-27 00:00:00.000
6152,5347,latasha15@adventure-works.com,5E647FD8-4A86-40C4-BA14-A23ED007567A,2013-10-30 00:00:00.000
6153,5348,latasha16@adventure-works.com,518EBE42-BA94-4706-8FF0-BA86C03BC688,2013-04-06 00:00:00.000
6154,5349,robert25@adventure-works.com,EDA8F2CD-8A97-4CE4-9BEF-1CBAD9FDD490,2012-05-22 00:00:00.000
6155,5350,robert26@adventure-works.com,A09A92ED-35EE-4CB6-AF26-06922285679A,2014-01-25 00:00:00.000
6156,5351,latasha17@adventure-works.com,48846EC9-C3B6-49BF-BE8D-22E2D0B7C6BF,2013-09-24 00:00:00.000
6157,5352,robert27@adventure-works.com,962741C2-C5FF-42FF-8595-F695448C225A,2014-05-17 00:00:00.000
6158,5353,latasha18@adventure-works.com,A35D3487-C10A-462C-A512-3B8604FB53C8,2014-05-22 00:00:00.000
6159,5354,latasha19@adventure-works.com,B29E7B74-24A2-4B89-A3D3-F85ABE37F2DB,2013-10-17 00:00:00.000
6160,5355,latasha20@adventure-works.com,35551CDE-5E22-4B2E-9929-5E231EA99D54,2013-11-14 00:00:00.000
6161,5356,robert28@adventure-works.com,BF9DE5B6-549C-4CFA-9A66-3F1D2984574B,2014-02-12 00:00:00.000
6162,5357,latasha21@adventure-works.com,6FA301C2-C3E7-40DD-8043-03EDDEBC7714,2012-03-04 00:00:00.000
6163,5358,robert29@adventure-works.com,F57FCD5A-469F-44FD-A6FD-9E91B45E403B,2011-10-31 00:00:00.000
6164,5359,latasha22@adventure-works.com,4544B124-4552-4E01-9256-66692A891D8E,2013-03-13 00:00:00.000
6165,5360,robert30@adventure-works.com,6E5FCB5C-29BA-4E8A-B679-B3CE4D60A05E,2012-06-30 00:00:00.000
6166,5361,robert31@adventure-works.com,75E8B2D1-3F83-47AE-8D45-B20540881805,2013-09-13 00:00:00.000
6167,5362,cheryl2@adventure-works.com,707FB457-FF65-421A-A01A-F2EE242A5512,2012-11-11 00:00:00.000
6168,5363,robert32@adventure-works.com,F9C9058C-07E0-42D8-A98F-97E9794C911D,2014-02-07 00:00:00.000
6169,5364,robert33@adventure-works.com,472A31EA-9B45-4A38-9F99-1931B108C93E,2013-04-04 00:00:00.000
6170,5365,robert34@adventure-works.com,E0219C5A-3924-46B1-920A-AC0A3024B8A9,2014-06-29 00:00:00.000
6171,5366,robert35@adventure-works.com,12A31153-69D9-4A34-8F6B-568CF5463962,2013-10-19 00:00:00.000
6172,5367,daisy11@adventure-works.com,48358AE7-45CA-4537-A545-D35E03330785,2014-01-13 00:00:00.000
6173,5368,cheryl3@adventure-works.com,17272060-88D6-4393-9CFB-4E75AA140899,2013-12-10 00:00:00.000
6174,5369,cheryl4@adventure-works.com,164A87A4-2614-4588-A650-3168C8CF5F09,2011-09-08 00:00:00.000
6175,5370,cheryl5@adventure-works.com,380A26F1-3FAE-4073-B239-A55855349F96,2013-08-29 00:00:00.000
6176,5371,robert36@adventure-works.com,E92B555D-2EC0-4596-9B9E-424B9024D3F9,2014-03-22 00:00:00.000
6177,5372,cheryl6@adventure-works.com,16C98856-E491-4936-944D-DF3BBF4AB8FE,2014-01-17 00:00:00.000
6178,5373,robert37@adventure-works.com,2F4839C6-583D-44A6-8717-D1EE73FA1AF1,2014-06-22 00:00:00.000
6179,5374,robert38@adventure-works.com,4AF1BAD8-B404-46BC-A898-2399B6BEFE8B,2013-03-23 00:00:00.000
6180,5375,cheryl7@adventure-works.com,405DD80A-3005-432C-892F-E31133ED7CB5,2013-02-24 00:00:00.000
6181,5376,robert39@adventure-works.com,9670F272-BB23-4337-81DA-5B679A6BE4FA,2013-08-12 00:00:00.000
6182,5377,cheryl8@adventure-works.com,85C668FF-9F0E-49BD-B109-3D7BF07AC9D4,2014-05-19 00:00:00.000
6183,5378,cheryl9@adventure-works.com,94AE00DF-EDD5-4C67-80AE-875F3CA58164,2012-12-22 00:00:00.000
6184,5379,cheryl10@adventure-works.com,73B40DEB-C8E0-4DC0-B698-E9DBDC07796C,2013-08-29 00:00:00.000
6185,5380,cheryl11@adventure-works.com,C8A3FAA2-04D8-407C-9EE9-1C5685D63A3B,2014-05-19 00:00:00.000
6186,5381,robert40@adventure-works.com,54541608-7D5E-41CA-84FB-957273089814,2013-05-24 00:00:00.000
6187,5382,robert41@adventure-works.com,D8BE89AB-8028-40D9-BFB1-B61A202E2979,2013-10-04 00:00:00.000
6188,5383,cheryl12@adventure-works.com,9FD81919-4BF8-42A7-9772-9BEB16CF33CB,2012-11-18 00:00:00.000
6189,5384,daisy12@adventure-works.com,EED7C88C-C6DB-4DF6-A588-3292C6B82CFA,2014-03-24 00:00:00.000
6190,5385,cheryl13@adventure-works.com,B4E07AF2-F554-4C18-B501-0622A385DDA9,2013-04-13 00:00:00.000
6191,5386,robert42@adventure-works.com,C52CAAE6-7434-4E18-A89C-EAB05030737A,2014-03-15 00:00:00.000
6192,5387,robert43@adventure-works.com,E3F98208-5ED2-440D-94A9-194D4D1DB666,2013-10-31 00:00:00.000
6193,5388,cheryl14@adventure-works.com,A03F4545-DC51-4175-8A7E-636C48C00E13,2013-08-20 00:00:00.000
6194,5389,jose27@adventure-works.com,57F6A6EE-F917-4613-99A3-68384E12F687,2013-07-09 00:00:00.000
6195,5390,jose28@adventure-works.com,142F112D-5DA1-4C6C-A44E-00D03CA8F3D1,2013-09-08 00:00:00.000
6196,5391,jose29@adventure-works.com,2A9D6DD1-48B2-4D21-8D68-D9EA3D4ACDDD,2013-12-28 00:00:00.000
6197,5392,cheryl15@adventure-works.com,88B176D7-2D42-49AF-A7DB-A0EAE82141C8,2014-04-15 00:00:00.000
6198,5393,jose30@adventure-works.com,6E5883F4-124B-4B45-8833-B9B692590102,2013-08-16 00:00:00.000
6199,5394,cheryl16@adventure-works.com,69910E96-A452-4DFF-959D-5245F81DBA78,2013-07-23 00:00:00.000
6200,5395,jose31@adventure-works.com,2BE4C901-6216-43A5-8FA0-99430AFCD90D,2013-10-29 00:00:00.000
6201,5396,cheryl17@adventure-works.com,29AA738A-0956-4066-9F2E-B6F8A7167828,2013-02-21 00:00:00.000
6202,5397,cheryl18@adventure-works.com,915BB0AE-5E2F-4180-AD6D-3274409A0009,2012-11-20 00:00:00.000
6203,5398,jose32@adventure-works.com,BC63BA62-7B6D-4C99-B50A-73808DBEFA06,2014-05-06 00:00:00.000
6204,5399,cheryl19@adventure-works.com,A1C13FAE-9D54-4937-8911-3A3201829321,2014-06-04 00:00:00.000
6205,5400,jose33@adventure-works.com,846C42FE-9ED3-4672-A2A2-911466E5244C,2012-02-10 00:00:00.000
6206,5401,cheryl20@adventure-works.com,4CE0C0D0-22FF-4EDE-9DBA-B220863B5A15,2013-10-27 00:00:00.000
6207,5402,jose34@adventure-works.com,E5089F5E-0D1C-4F62-BD14-322D3D4626AD,2013-08-17 00:00:00.000
6208,5403,cheryl21@adventure-works.com,8A3D4358-726F-4274-9FD7-A05F18DF3ED6,2014-04-03 00:00:00.000
6209,5404,christian2@adventure-works.com,C20418F9-355C-4AC9-8214-034F27C5E5C7,2014-03-13 00:00:00.000
6210,5405,cheryl22@adventure-works.com,D44EF0E7-C86D-4893-A40C-07F30EB043CC,2011-12-15 00:00:00.000
6211,5406,christian3@adventure-works.com,4A98729D-4788-4FAA-8AE4-C1E511DA6930,2012-10-29 00:00:00.000
6212,5407,christian4@adventure-works.com,BB52B0BC-8B8B-44FD-895C-C78597AD379C,2013-09-03 00:00:00.000
6213,5408,christian5@adventure-works.com,E5F607C3-B454-4CF8-994F-A63C08B669AF,2014-05-26 00:00:00.000
6214,5409,daisy13@adventure-works.com,355A0373-DFD0-4FD6-B875-BA692252EE4B,2013-05-22 00:00:00.000
6215,5410,cheryl23@adventure-works.com,0C876F77-1DB6-401D-8B28-7BDE76B076A9,2013-01-08 00:00:00.000
6216,5411,christian6@adventure-works.com,B9B6AE41-01F9-43D7-8B03-45307C0342DC,2013-08-16 00:00:00.000
6217,5412,christian7@adventure-works.com,6BCC0AF0-EF10-4E34-936B-83880B13E8D4,2013-08-15 00:00:00.000
6218,5413,christian8@adventure-works.com,ED970F85-6964-4A11-9FE0-553DC43DCABD,2014-01-16 00:00:00.000
6219,5414,cheryl24@adventure-works.com,419E9672-3092-4021-83E6-909EC5064972,2012-04-09 00:00:00.000
6220,5415,christian9@adventure-works.com,C79C3BC3-7AF3-4A29-A5C0-E8F40ECD72D3,2013-11-11 00:00:00.000
6221,5416,janet5@adventure-works.com,B7116857-5F23-487C-9AF8-BF1EC887AAFB,2013-11-09 00:00:00.000
6222,5417,janet6@adventure-works.com,13BFF85C-D56A-4FA8-8615-A6461632187C,2011-09-10 00:00:00.000
6223,5418,christian10@adventure-works.com,BC9D4E03-5B54-41CC-83BB-28926D4A7DC8,2014-03-25 00:00:00.000
6224,5419,janet7@adventure-works.com,EDA25849-254E-42A9-A18C-36C45EB4164D,2013-07-01 00:00:00.000
6225,5420,janet8@adventure-works.com,22C952CE-24BE-4701-B322-2ADDD0947844,2013-07-10 00:00:00.000
6226,5421,christian11@adventure-works.com,186ACC61-6244-46D6-9B15-A62C7CE3258D,2013-03-07 00:00:00.000
6227,5422,christian12@adventure-works.com,80F9ADD0-5523-4978-BEFB-AB3BAC943444,2013-10-27 00:00:00.000
6228,5423,christian13@adventure-works.com,3FCA41FF-7921-4529-AAC9-40040143206D,2013-11-06 00:00:00.000
6229,5424,janet9@adventure-works.com,4F7DDAA6-23EA-44CF-B53B-37CF77C42FF8,2011-06-26 00:00:00.000
6230,5425,janet10@adventure-works.com,9DFA4E7A-D63F-4DB7-B30E-40544133272D,2013-12-18 00:00:00.000
6231,5426,christian14@adventure-works.com,1A98F8F1-CE6B-4CAE-A92C-58FDFAD1BBA7,2014-01-03 00:00:00.000
6232,5427,christian15@adventure-works.com,9F8CB24C-DBDF-43CB-A157-31A5085DC4CC,2013-12-21 00:00:00.000
6233,5428,christian16@adventure-works.com,C118B51C-A84D-4360-B1CB-944BC32BE5C8,2013-07-25 00:00:00.000
6234,5429,damien3@adventure-works.com,C5E5E101-2030-4404-87C6-05B0A6F990F0,2012-11-06 00:00:00.000
6235,5430,daisy14@adventure-works.com,8FB8422F-078C-4AF6-998C-A7914FF07296,2011-11-07 00:00:00.000
6236,5431,janet11@adventure-works.com,8D9C7A45-ED50-4BEE-9106-24A94CB720B8,2013-07-05 00:00:00.000
6237,5432,christian17@adventure-works.com,FECB229A-BF07-4E4D-9E89-2CB67219C1BC,2013-11-19 00:00:00.000
6238,5433,janet12@adventure-works.com,7F6F0DEA-77D5-41C2-A055-2B2EC206910D,2013-05-01 00:00:00.000
6239,5434,janet13@adventure-works.com,336B57A1-43E8-4C58-9B51-A9FD5A8BE9D9,2014-02-21 00:00:00.000
6240,5435,austin0@adventure-works.com,5BE2BF55-53A0-4A2E-A086-A35E65772E08,2014-03-14 00:00:00.000
6241,5436,janet14@adventure-works.com,FBD2C117-5248-4A3E-A633-E496687D44AD,2014-03-22 00:00:00.000
6242,5437,austin1@adventure-works.com,BC3D02A9-A442-4D74-B872-6132D621D47C,2013-08-26 00:00:00.000
6243,5438,austin2@adventure-works.com,7814A8FE-E83E-49A1-85D1-5981AF12F128,2013-10-29 00:00:00.000
6244,5439,janet15@adventure-works.com,D73B9C25-6B9D-435C-87E1-19BB0F6B6EAD,2013-11-13 00:00:00.000
6245,5440,austin3@adventure-works.com,323621BC-D6E2-40D7-A902-6AD62830688E,2013-10-30 00:00:00.000
6246,5441,austin4@adventure-works.com,A0D30A9F-3E22-4B48-B61D-74C2F0948639,2014-03-15 00:00:00.000
6247,5442,austin5@adventure-works.com,8649CF5D-6F8C-42BA-A0F6-E1D83B192672,2013-07-20 00:00:00.000
6248,5443,janet16@adventure-works.com,80D82A30-E7E7-4B9A-A5F0-581122C45BA2,2014-04-29 00:00:00.000
6249,5444,austin6@adventure-works.com,C02DC44D-7EB4-4221-BE5F-FBB255CC7106,2014-05-15 00:00:00.000
6250,5445,austin7@adventure-works.com,438EFC2F-9FC1-41B8-97FD-21836678D3AC,2014-05-21 00:00:00.000
6251,5446,austin8@adventure-works.com,A4E39D1C-ED32-4380-96A2-4FE83F5E917C,2013-09-11 00:00:00.000
6252,5447,austin9@adventure-works.com,9451450C-62EC-41A1-8CB9-97A0ACE26AA1,2014-04-15 00:00:00.000
6253,5448,janet17@adventure-works.com,84720DEF-F7CF-485E-865B-D00F9B2CCEE3,2014-01-26 00:00:00.000
6254,5449,austin10@adventure-works.com,ED4E7673-8925-455A-A933-EEE1B4FDA4BB,2013-06-30 00:00:00.000
6255,5450,austin11@adventure-works.com,A57BBF92-A5D8-42A0-8E8F-66506B6B4E09,2013-09-09 00:00:00.000
6256,5451,janet18@adventure-works.com,3E9ABC6A-E835-4FC7-A7C0-69C45DF9F739,2012-03-14 00:00:00.000
6257,5452,janet19@adventure-works.com,94F04115-39F7-4CCE-AD71-EE594647C8AF,2013-10-12 00:00:00.000
6258,5453,austin12@adventure-works.com,7E66EA5B-BA38-4B38-87BC-4895F5480CF3,2012-03-02 00:00:00.000
6259,5454,janet20@adventure-works.com,88BD9A76-20FD-4DE3-89B1-40853EF6B7D4,2014-04-28 00:00:00.000
6260,5455,austin13@adventure-works.com,B17A4CCD-0405-462B-8A4E-91F78EA2D3F9,2013-10-20 00:00:00.000
6261,5456,austin14@adventure-works.com,C312BDD9-A690-4A1B-9097-1900C8D13F2A,2012-02-24 00:00:00.000
6262,5457,daisy15@adventure-works.com,3D96CCF5-8E03-4B4B-9905-4A1878424FF2,2013-11-22 00:00:00.000
6263,5458,janet21@adventure-works.com,7B147952-7BD0-42CA-B48A-534C697E35E5,2012-03-21 00:00:00.000
6264,5459,janet22@adventure-works.com,31E3BF02-63A4-4CC1-B966-42322186551E,2013-05-23 00:00:00.000
6265,5460,janet23@adventure-works.com,33A2265A-BD99-40C0-8167-4B7A884F4199,2013-08-29 00:00:00.000
6266,5461,austin15@adventure-works.com,259A476C-0B75-4DE2-8B19-B3DDA3E5975E,2013-01-17 00:00:00.000
6267,5462,austin16@adventure-works.com,E939183E-9F49-4E47-AC47-22F8E8CC50A6,2014-02-10 00:00:00.000
6268,5463,janet24@adventure-works.com,0118A93A-FDC2-467C-93AF-6B0CFA6F3304,2014-02-19 00:00:00.000
6269,5464,austin17@adventure-works.com,CC562765-6E20-428F-BA16-DBFF49BF9E69,2013-10-02 00:00:00.000
6270,5465,austin18@adventure-works.com,3E63BB9D-BAB6-47A5-A81A-0579BFF3A448,2013-11-13 00:00:00.000
6271,5466,austin19@adventure-works.com,666E76C9-78E6-4914-9EB4-34054B9737E3,2012-06-01 00:00:00.000
6272,5467,janet25@adventure-works.com,BFE7578E-A06A-421C-93DF-89996350D8B4,2013-10-16 00:00:00.000
6273,5468,janet26@adventure-works.com,D3CC8928-BE41-491B-8FE5-D1C41C949D26,2013-04-24 00:00:00.000
6274,5469,austin20@adventure-works.com,E779EE52-0E01-4275-B416-95EA29AEB0D3,2013-07-27 00:00:00.000
6275,5470,austin21@adventure-works.com,4C3BF1F1-644F-4B7B-BBD6-F11DA20874B8,2013-08-01 00:00:00.000
6276,5471,janet27@adventure-works.com,404AC2CD-870E-489C-9DB8-1C92477BD99D,2011-12-16 00:00:00.000
6277,5472,austin22@adventure-works.com,9AD6C192-764F-489E-9113-52574BF37C2D,2013-11-17 00:00:00.000
6278,5473,kristine1@adventure-works.com,2D9BA473-327F-47D9-99F6-0B8B66907C30,2014-02-11 00:00:00.000
6279,5474,austin23@adventure-works.com,E7ABA76F-7375-4F1A-9030-F762080324CC,2013-07-06 00:00:00.000
6280,5475,austin24@adventure-works.com,33D3A91B-84B1-4241-8B97-C8B54BE29598,2013-10-14 00:00:00.000
6281,5476,kristine2@adventure-works.com,F083E9B9-A943-4960-96FD-2B87642D7C6E,2013-04-28 00:00:00.000
6282,5477,austin25@adventure-works.com,CA1C3ECF-17F6-4EEA-A28A-04D515B8D924,2012-10-07 00:00:00.000
6283,5478,austin26@adventure-works.com,938E36DA-08AF-4988-95B8-2E342C310CA0,2013-10-03 00:00:00.000
6284,5479,daisy16@adventure-works.com,68D2F6CF-0A49-4886-A424-6290210146E2,2014-03-08 00:00:00.000
6285,5480,kristine3@adventure-works.com,478F12F7-C5F0-46F9-81D5-4C8F9EE70EFB,2014-02-05 00:00:00.000
6286,5481,austin27@adventure-works.com,2418F5CC-6CE6-477A-B6BC-9A6252FE5D32,2011-12-08 00:00:00.000
6287,5482,austin28@adventure-works.com,67DCCB97-CF5C-45BA-A3CB-F9C3CFC39A62,2013-06-12 00:00:00.000
6288,5483,kristine4@adventure-works.com,F62E0287-92BB-4445-B8FB-E6799CF2DEAE,2013-07-16 00:00:00.000
6289,5484,austin29@adventure-works.com,B6AB0F0E-D6FB-4518-8054-928147D6B40C,2013-07-29 00:00:00.000
6290,5485,kristine5@adventure-works.com,ECC93487-A9DD-40D2-896C-D2C9FA9E7DA2,2013-02-26 00:00:00.000
6291,5486,cameron0@adventure-works.com,371A6839-CB25-4C81-85DC-733DFD0867AA,2012-01-22 00:00:00.000
6292,5487,kristine6@adventure-works.com,CE458BE9-73EB-4E6A-9BE2-BC7574EF8BA9,2013-08-18 00:00:00.000
6293,5488,cameron1@adventure-works.com,CEB42ABD-A384-4B7A-AEE1-9AA3EAD1D3AC,2013-09-02 00:00:00.000
6294,5489,cameron2@adventure-works.com,7D8FDCD4-E33C-473C-94E8-9D1E89A9BC37,2013-11-27 00:00:00.000
6295,5490,cameron3@adventure-works.com,9C1E8DD3-0432-4C37-B6D0-8052AA5EF683,2013-11-17 00:00:00.000
6296,5491,cameron4@adventure-works.com,1383B463-A918-46C0-9448-C2F37D43A506,2014-01-15 00:00:00.000
6297,5492,cameron5@adventure-works.com,F33EC3F1-F488-44FE-8F4D-638440175D87,2014-06-07 00:00:00.000
6298,5493,cameron6@adventure-works.com,60024DAA-0488-4099-81AB-491BF0F81085,2013-08-12 00:00:00.000
6299,5494,kristine7@adventure-works.com,2B830DF9-E569-4D55-A2D1-641CBA2A5764,2013-10-20 00:00:00.000
6300,5495,kristine8@adventure-works.com,1DD73624-4C13-4FB8-85B1-E85FEB15A9D6,2012-08-09 00:00:00.000
6301,5496,cameron7@adventure-works.com,AB00C981-E57C-429A-A615-935EA5EB2B71,2014-05-22 00:00:00.000
6302,5497,kristine9@adventure-works.com,C136BE40-B683-434E-B058-3F21102D849F,2011-07-05 00:00:00.000
6303,5498,cameron8@adventure-works.com,D7AFAB42-14AB-4D85-8666-613964D1452F,2013-08-13 00:00:00.000
6304,5499,cameron9@adventure-works.com,BCEFBDB7-7255-4D5A-BCCD-982FF0DF632B,2014-03-04 00:00:00.000
6305,5500,cameron10@adventure-works.com,A1258F66-BD8F-4F43-8276-0D2CCFDC69F8,2013-07-27 00:00:00.000
6306,5501,kristine10@adventure-works.com,D7223245-0EA1-4874-991A-8E8567734B79,2013-08-29 00:00:00.000
6307,5502,kristine11@adventure-works.com,E2963AE1-E39A-4ADE-913E-6ACDEA3635EC,2011-10-17 00:00:00.000
6308,5503,cameron11@adventure-works.com,82656991-F4C5-4E7C-BDD3-EFA833EEEB76,2014-01-01 00:00:00.000
6309,5504,cameron12@adventure-works.com,C8EF082A-B9FE-4011-A1B6-C54C75A3B71F,2013-08-05 00:00:00.000
6310,5505,daisy17@adventure-works.com,BEA71285-D561-4C3D-A4A6-E91FD652FADB,2014-02-28 00:00:00.000
6311,5506,kristine12@adventure-works.com,1B8B41A0-EBD1-4376-A6C5-A904827BD62E,2013-04-08 00:00:00.000
6312,5507,cameron13@adventure-works.com,7505BE30-D011-4B56-B05F-66D14B87964B,2012-10-16 00:00:00.000
6313,5508,kristine13@adventure-works.com,B2991BA7-99C1-4A7D-9918-AB710A9C134E,2013-01-27 00:00:00.000
6314,5509,kristine14@adventure-works.com,2D2A2498-EEAF-4543-9B2A-2D26220F4F5E,2012-03-25 00:00:00.000
6315,5510,cameron14@adventure-works.com,256A5F7F-5E90-4FC8-8D4B-A1E9A1D5DC1B,2014-03-07 00:00:00.000
6316,5511,cameron15@adventure-works.com,C84B971D-5C94-4F38-A73D-4AE1DD253F06,2014-05-03 00:00:00.000
6317,5512,kristine15@adventure-works.com,BAF3ED68-92D9-4E41-991B-54F935D688A7,2011-09-09 00:00:00.000
6318,5513,cameron16@adventure-works.com,C5AEEF91-EFBB-439B-B2FA-528E393725EC,2012-04-23 00:00:00.000
6319,5514,kristine16@adventure-works.com,8720D320-D085-46F3-B23F-AD6ABA854DE0,2013-11-06 00:00:00.000
6320,5515,cameron17@adventure-works.com,C522FC6B-021E-4492-A8E2-C1086225F559,2013-05-03 00:00:00.000
6321,5516,cameron18@adventure-works.com,96C05BB6-549D-4D37-B7E4-81BA21368557,2014-03-22 00:00:00.000
6322,5517,kristine17@adventure-works.com,1B1799CD-86E0-4C1C-BA50-9239B107BC83,2013-08-25 00:00:00.000
6323,5518,kristine18@adventure-works.com,C784E23E-5434-496F-8D62-A1091D5A0D4C,2013-10-01 00:00:00.000
6324,5519,cameron19@adventure-works.com,7B6E5097-4D1E-4060-8413-DD79346EC1C6,2013-08-23 00:00:00.000
6325,5520,cameron20@adventure-works.com,739214ED-80AE-4C2B-BECE-819596A4213D,2014-06-15 00:00:00.000
6326,5521,kristine19@adventure-works.com,4F7D8321-6EF2-4FAE-BCA1-2433B23AE53D,2013-07-29 00:00:00.000
6327,5522,kristine20@adventure-works.com,C7AE4B36-AE77-4E7A-85E1-230161FB4B48,2013-10-13 00:00:00.000
6328,5523,cameron21@adventure-works.com,F3F44884-FDFF-4E47-8797-904C8FB0EEAA,2013-09-13 00:00:00.000
6329,5524,raquel2@adventure-works.com,6D3D9FC3-B441-46FD-988E-D611C302D1F2,2013-01-07 00:00:00.000
6330,5525,kristine21@adventure-works.com,19D2BCE7-2D1E-4FA5-9805-31E2F48B0420,2012-05-17 00:00:00.000
6331,5526,cameron22@adventure-works.com,EC61DCF9-E028-412B-AD9A-12A17D18D312,2013-07-25 00:00:00.000
6332,5527,cameron23@adventure-works.com,1C1FE43F-B430-46C2-AC4A-1F9686545ABB,2014-01-03 00:00:00.000
6333,5528,cameron24@adventure-works.com,121BA7C8-64C3-4E79-8068-41673D4F9ABB,2013-08-19 00:00:00.000
6334,5529,cameron25@adventure-works.com,50D2F173-7265-4B38-9F65-2A40034B294B,2012-11-20 00:00:00.000
6335,5530,kristine22@adventure-works.com,BD36D716-7669-4BD3-8784-CD351701030B,2014-04-19 00:00:00.000
6336,5531,cameron26@adventure-works.com,D2B0CE08-8245-45EF-8B2A-B64AEA1DFCAA,2014-01-13 00:00:00.000
6337,5532,cameron27@adventure-works.com,012325EC-6814-4077-99A1-4E516000CB7F,2014-03-10 00:00:00.000
6338,5533,jacquelyn0@adventure-works.com,BE57F810-E030-44C0-803E-3ABF967428AF,2013-10-15 00:00:00.000
6339,5534,cameron28@adventure-works.com,CF762E85-791C-40B8-A66F-7FC159111B94,2012-07-27 00:00:00.000
6340,5535,james19@adventure-works.com,25EEBCF9-C505-42A4-A3E3-2099952E18F0,2012-11-21 00:00:00.000
6341,5536,jacquelyn1@adventure-works.com,D98889DA-A94D-4FE3-8D27-B91C6C65E7AC,2013-08-14 00:00:00.000
6342,5537,james20@adventure-works.com,3418D23D-B382-4E20-AFBB-C04BC1CE6FC5,2013-12-16 00:00:00.000
6343,5538,jacquelyn2@adventure-works.com,06AAEDE9-3CFC-4ED2-B253-9C719F5FBAEB,2013-11-24 00:00:00.000
6344,5539,jacquelyn3@adventure-works.com,DBA89A48-8C17-4054-872A-1F1F88EDF615,2011-12-02 00:00:00.000
6345,5540,james21@adventure-works.com,CB3509BB-F567-4B3D-BA3F-4A498980F713,2014-03-29 00:00:00.000
6346,5541,james22@adventure-works.com,74F25CB8-C202-4763-8DE4-464FC1FDA7E5,2014-05-05 00:00:00.000
6347,5542,jacquelyn4@adventure-works.com,64FEFB67-1C9E-45CD-B395-539DECF5B860,2012-08-03 00:00:00.000
6348,5543,jacquelyn5@adventure-works.com,B01474CE-FA4F-4AC3-8F8C-6C584632A788,2013-02-26 00:00:00.000
6349,5544,james23@adventure-works.com,97476714-5CBD-473E-A15D-7568910C641B,2014-05-16 00:00:00.000
6350,5545,james24@adventure-works.com,F4DD2929-9F51-426C-BB13-2B779EDD9E9A,2014-01-10 00:00:00.000
6351,5546,raquel3@adventure-works.com,777924AA-2DDB-4B15-AF34-620A68A1A137,2013-07-26 00:00:00.000
6352,5547,jacquelyn6@adventure-works.com,0D0809C7-3A74-4E7F-96FE-45E2F566D492,2013-08-13 00:00:00.000
6353,5548,james25@adventure-works.com,993AA35D-925C-451B-9B89-17AAEC69E5B7,2013-12-28 00:00:00.000
6354,5549,jacquelyn7@adventure-works.com,4B6F0BC5-5409-4DF7-A7B6-B00E5A45E866,2013-09-13 00:00:00.000
6355,5550,james26@adventure-works.com,CC0C0CEC-1F26-4582-B5A5-314EEE5E1E40,2013-12-15 00:00:00.000
6356,5551,jacquelyn8@adventure-works.com,F20DF9F2-DAD4-443F-BF44-65A7377746D7,2013-08-10 00:00:00.000
6357,5552,jacquelyn9@adventure-works.com,B99D9CC0-B846-4201-A7E1-6CB417C63ECD,2013-07-17 00:00:00.000
6358,5553,jacquelyn10@adventure-works.com,5593C7AA-4C99-4B1F-84F9-444DFF3B89D3,2013-08-02 00:00:00.000
6359,5554,jacquelyn11@adventure-works.com,3641EC7D-B1F5-42E7-82BB-1C7EC9A4846F,2013-01-16 00:00:00.000
6360,5555,jacquelyn12@adventure-works.com,0CC2C1A7-DB61-4ED4-81C2-90EF4C609246,2014-02-18 00:00:00.000
6361,5556,jacquelyn13@adventure-works.com,E40FF72A-9D63-4E95-85B8-C8BBDDA154A0,2014-01-01 00:00:00.000
6362,5557,jacquelyn14@adventure-works.com,0A12F8FF-C1F4-4C40-B5FD-4C3190A8E245,2014-01-03 00:00:00.000
6363,5558,jacquelyn15@adventure-works.com,E9A41A28-7FF5-4D1A-B0FF-00ADD274B177,2014-06-08 00:00:00.000
6364,5559,jacquelyn16@adventure-works.com,1D49B57F-FCC7-49CF-A282-F9A7F0A96C16,2013-05-09 00:00:00.000
6365,5560,james27@adventure-works.com,9F100CC3-8557-490F-9A4D-98B54C29E5D5,2014-05-30 00:00:00.000
6366,5561,jacquelyn17@adventure-works.com,70407740-A695-4128-81FB-20720DB2E748,2013-10-05 00:00:00.000
6367,5562,james28@adventure-works.com,AB1DD148-F0BB-4F52-A77D-296D11D75991,2011-06-19 00:00:00.000
6368,5563,james29@adventure-works.com,391F9CA2-BE31-4A59-AEBE-91EAF7A42C1A,2014-03-17 00:00:00.000
6369,5564,james30@adventure-works.com,27FCF5EB-C403-466B-AB08-95C14CB670EA,2013-10-09 00:00:00.000
6370,5565,james31@adventure-works.com,1E33AC2C-6331-411D-A123-ACF1F78B2148,2011-12-22 00:00:00.000
6371,5566,jacquelyn18@adventure-works.com,52DBCD06-001B-4E3F-A23B-3A4588A7D10D,2014-01-19 00:00:00.000
6372,5567,jacquelyn19@adventure-works.com,19EDA89E-705D-44C1-85F8-08B09D79F56E,2013-04-22 00:00:00.000
6373,5568,james32@adventure-works.com,2496A37A-32D9-4BE5-A89D-5B63D7CE1CB1,2013-11-20 00:00:00.000
6374,5569,james33@adventure-works.com,F0063EE3-6AB9-4C1B-ABA8-1CE8E5AEEA48,2014-06-06 00:00:00.000
6375,5570,james34@adventure-works.com,F13C9637-C543-4CB8-82B2-86B7C0D4101F,2012-05-12 00:00:00.000
6376,5571,james35@adventure-works.com,D5F91228-FD2E-4114-B575-988AAEB901CD,2013-04-22 00:00:00.000
6377,5572,jacquelyn20@adventure-works.com,36054A36-DDFB-46C3-A281-211F33434D3F,2011-06-16 00:00:00.000
6378,5573,jacquelyn21@adventure-works.com,B7FFA57C-489E-450B-A020-9926BCE0BF24,2014-03-19 00:00:00.000
6379,5574,james36@adventure-works.com,9B8A8F28-638D-4E66-AFAD-7A44060196CA,2014-05-23 00:00:00.000
6380,5575,james37@adventure-works.com,D0B5F997-67F2-4443-9B50-3CA152FB7168,2013-11-09 00:00:00.000
6381,5576,jacquelyn22@adventure-works.com,895F8D6B-E95D-4CC5-BA5D-A6D0D4A582EA,2013-07-01 00:00:00.000
6382,5577,jacquelyn23@adventure-works.com,8F5AB6E7-064F-4C80-BEAA-5DA9650416D7,2013-09-21 00:00:00.000
6383,5578,james38@adventure-works.com,D485D3A3-C2F4-4E5E-8E14-D0B87E58B03A,2014-02-06 00:00:00.000
6384,5579,james39@adventure-works.com,DA9ACA03-67E9-4CC0-BC7A-91415201F13C,2014-03-18 00:00:00.000
6385,5580,ramon0@adventure-works.com,8100B7E8-49A9-475B-AE7F-23837A90B4DE,2014-02-28 00:00:00.000
6386,5581,james40@adventure-works.com,6559EB44-7077-40AA-BDAD-4D39E94E4113,2013-08-21 00:00:00.000
6387,5582,james41@adventure-works.com,304A366D-714E-41F2-9015-37D32AC8190B,2013-07-02 00:00:00.000
6388,5583,james42@adventure-works.com,0FCE4DCB-2520-4088-B320-FA4F906C9E57,2014-01-17 00:00:00.000
6389,5584,james43@adventure-works.com,2F2FBB77-92AD-4EA7-8678-8EB613ED30ED,2014-04-13 00:00:00.000
6390,5585,james44@adventure-works.com,1F1AC0A9-1F3B-41C5-A54C-D7B169E723E3,2013-12-10 00:00:00.000
6391,5586,raquel4@adventure-works.com,4650D7F7-D707-42B0-A114-542383B2BD2C,2014-01-02 00:00:00.000
6392,5587,ramon1@adventure-works.com,7680F5A5-B534-4CBF-8B25-A002ED396F10,2014-04-26 00:00:00.000
6393,5588,james45@adventure-works.com,9F49B912-6A40-4600-9352-71D7C1F1442F,2012-06-23 00:00:00.000
6394,5589,ramon2@adventure-works.com,EE7DA056-F034-4569-867B-C059FEDDF4C3,2014-01-10 00:00:00.000
6395,5590,james46@adventure-works.com,A5F67888-25AA-49AF-8866-E738749573E5,2013-12-16 00:00:00.000
6396,5591,james47@adventure-works.com,A76381B3-762B-496B-9A91-A8A9ACDE57C4,2014-03-14 00:00:00.000
6397,5592,ramon3@adventure-works.com,89B5E71A-D2AC-4C0C-A04A-0E19E5F5F3F5,2014-01-17 00:00:00.000
6398,5593,james48@adventure-works.com,728E9F96-E71F-4F5F-822D-CA2974E0BE7E,2014-06-21 00:00:00.000
6399,5594,jonathan3@adventure-works.com,2D706A24-2187-4D18-9E78-76D3BDA3B7DE,2013-07-15 00:00:00.000
6400,5595,ramon4@adventure-works.com,2FF080DA-49B2-4ACB-AB61-B719E1F38B5A,2014-01-07 00:00:00.000
6401,5596,jonathan4@adventure-works.com,4ADFDE3A-4DF9-4AEB-9AA6-90746F4C94B6,2013-11-15 00:00:00.000
6402,5597,jonathan5@adventure-works.com,95A9448A-F036-4857-A67C-A9AA27F5356F,2013-04-30 00:00:00.000
6403,5598,ramon5@adventure-works.com,C687A73D-3664-4146-86A8-D7BD3A7EC8F1,2012-06-18 00:00:00.000
6404,5599,jonathan6@adventure-works.com,72213FC6-DF4A-41EC-A25A-92C622581C1C,2014-04-04 00:00:00.000
6405,5600,jonathan7@adventure-works.com,7D59792A-1678-4F22-BDF7-BF268FF7CD68,2012-05-02 00:00:00.000
6406,5601,jonathan8@adventure-works.com,8EDDF2EC-9D0D-409F-96A0-78776E8C1553,2012-03-02 00:00:00.000
6407,5602,jonathan9@adventure-works.com,F809FF6B-3E41-4BFB-9B7A-B70E11342171,2014-03-09 00:00:00.000
6408,5603,jonathan10@adventure-works.com,0542C364-4E41-4C99-8849-15699E873924,2013-11-15 00:00:00.000
6409,5604,jonathan11@adventure-works.com,D752E628-FEE7-449F-A5FA-95E7FD7D065D,2013-07-02 00:00:00.000
6410,5605,jonathan12@adventure-works.com,8A6C724C-41BE-4138-AD27-35EE9F557D0A,2013-10-03 00:00:00.000
6411,5606,ramon6@adventure-works.com,5EA92CEC-805C-4E1D-8087-F87B4FF7D0D1,2013-11-20 00:00:00.000
6412,5607,ramon7@adventure-works.com,21A6865E-C30A-4C03-9ECE-51F84FFB0624,2014-04-25 00:00:00.000
6413,5608,ramon8@adventure-works.com,D62FE6B8-8E1F-4CB5-B783-1563F203FD1C,2014-02-10 00:00:00.000
6414,5609,jonathan13@adventure-works.com,DB16442A-E818-4B41-A76A-DC07C60E0C48,2013-10-17 00:00:00.000
6415,5610,jonathan14@adventure-works.com,5581B9CF-8A24-46AE-9D74-D9989121F89D,2014-02-14 00:00:00.000
6416,5611,ramon9@adventure-works.com,035D6C44-95B2-43AD-9167-A929C14638F2,2011-11-18 00:00:00.000
6417,5612,jonathan15@adventure-works.com,D75F68E6-A082-4D77-B779-498013033A40,2014-05-25 00:00:00.000
6418,5613,jonathan16@adventure-works.com,C27BCD57-8E1C-491F-8D4A-A7BB46EDD74F,2012-01-03 00:00:00.000
6419,5614,jonathan17@adventure-works.com,C3999BD6-1B96-4BDF-A443-9FDFC2DCF473,2014-02-10 00:00:00.000
6420,5615,ramon10@adventure-works.com,18142323-E6CF-401A-A4DE-E281E5B1D73A,2013-08-04 00:00:00.000
6421,5616,jonathan18@adventure-works.com,618EC4E9-BED5-44BA-A64D-11FAD056BE53,2014-05-28 00:00:00.000
6422,5617,ramon11@adventure-works.com,AEF2ECB6-ECF9-4092-B641-DBDA99A973B8,2013-08-13 00:00:00.000
6423,5618,jonathan19@adventure-works.com,629A454C-D5D9-4296-985D-4411227BC380,2013-09-19 00:00:00.000
6424,5619,jonathan20@adventure-works.com,6C664BF1-84CF-4E56-AE70-60C7AF35DA92,2014-03-02 00:00:00.000
6425,5620,jonathan21@adventure-works.com,939BF7C8-792B-4CD9-AEA6-ECC39B29C88E,2012-06-11 00:00:00.000
6426,5621,jonathan22@adventure-works.com,8409BCF9-1055-49A8-9554-25CD5734A4E9,2014-04-06 00:00:00.000
6427,5622,ramon12@adventure-works.com,6333C2F5-696B-46F9-A990-F4103829F009,2014-05-28 00:00:00.000
6428,5623,jonathan23@adventure-works.com,DB44A4A1-2FC6-42B5-AE26-3630E6C04623,2013-11-15 00:00:00.000
6429,5624,ramon13@adventure-works.com,00B3D29A-79DE-447A-97DA-32D8B8D68467,2014-01-02 00:00:00.000
6430,5625,ramon14@adventure-works.com,9D257E0D-F276-48E5-8400-3881B9A35D7B,2013-08-22 00:00:00.000
6431,5626,jonathan24@adventure-works.com,3881180B-506C-461D-8843-A19C83781182,2014-03-17 00:00:00.000
6432,5627,ramon15@adventure-works.com,89C2C220-A5CC-4F95-A229-81E6EA7FE2AF,2014-05-29 00:00:00.000
6433,5628,ramon16@adventure-works.com,363B53EA-0A1F-426A-A8EC-73393B848199,2013-03-25 00:00:00.000
6434,5629,jonathan25@adventure-works.com,43064D21-B65F-4CF9-A880-963815795C3B,2014-04-19 00:00:00.000
6435,5630,jonathan26@adventure-works.com,0CD2E786-F3F0-4727-9A8B-37DB20817873,2013-01-07 00:00:00.000
6436,5631,ramon17@adventure-works.com,68EFAF76-13C2-4750-A319-9FDA3F753EA0,2011-06-29 00:00:00.000
6437,5632,jonathan27@adventure-works.com,192D2A77-E4E9-47A8-A480-0F464EAC0248,2013-12-20 00:00:00.000
6438,5633,raquel5@adventure-works.com,D03C5EED-B636-467B-8949-405451BA2734,2013-11-17 00:00:00.000
6439,5634,ramon18@adventure-works.com,76432611-06B6-4E84-9378-5BFC05598C72,2013-08-15 00:00:00.000
6440,5635,jonathan28@adventure-works.com,7410A9CA-C096-48EF-BF39-8796AA0662C2,2011-09-15 00:00:00.000
6441,5636,ramón19@adventure-works.com,C4F99448-1636-4244-A08C-1D28BB8FAFEC,2013-11-18 00:00:00.000
6442,5637,jonathan29@adventure-works.com,A6DF985D-79D1-4310-8E0D-B4F5D55896E9,2013-12-22 00:00:00.000
6443,5638,ramon20@adventure-works.com,BF42447E-D2B9-445E-ACD6-AD38EC45C477,2014-01-02 00:00:00.000
6444,5639,ramon21@adventure-works.com,3A4A88BB-06F6-4ACC-955C-E00F8C5D1395,2013-03-14 00:00:00.000
6445,5640,logan6@adventure-works.com,3D3D9202-C354-42DE-A2D8-6F4B5A4CF014,2014-04-23 00:00:00.000
6446,5641,logan7@adventure-works.com,520230FE-8B1B-47C2-A3A6-2CEE3C3B01B2,2014-01-06 00:00:00.000
6447,5642,ernest0@adventure-works.com,6CA2DE9B-964B-4B26-A41D-2F3F1DE05986,2014-05-06 00:00:00.000
6448,5643,logan8@adventure-works.com,CADBD157-0EDF-4B18-94F4-250E98793B83,2013-08-28 00:00:00.000
6449,5644,ernest1@adventure-works.com,A315031B-7D0B-4C0C-9FA0-F72C0E25404A,2014-04-04 00:00:00.000
6450,5645,logan9@adventure-works.com,FC7A6D52-9944-4B04-81F7-7321927A6ED1,2013-04-12 00:00:00.000
6451,5646,ernest2@adventure-works.com,6ADB7CAB-68D3-4F15-A9D4-A8AD0AD0DA7C,2013-12-27 00:00:00.000
6452,5647,logan10@adventure-works.com,17DFF5AD-0021-4538-9531-15FC675EE7F6,2012-07-01 00:00:00.000
6453,5648,logan11@adventure-works.com,E6152073-9A80-4A0D-B69E-B278C682751B,2013-11-24 00:00:00.000
6454,5649,logan12@adventure-works.com,F6759D6D-63DE-4BE2-9D71-086BB38CD7BF,2013-07-25 00:00:00.000
6455,5650,ernest3@adventure-works.com,883F8E93-C153-4ADD-9524-CA4AACD47019,2014-01-13 00:00:00.000
6456,5651,ernest4@adventure-works.com,ADCE92EA-2A6F-4D69-B663-0804B3CA4DE9,2012-05-04 00:00:00.000
6457,5652,logan13@adventure-works.com,8D59BD5A-5945-4852-8001-22FC1B16B88B,2013-08-14 00:00:00.000
6458,5653,logan14@adventure-works.com,51FD4918-EE11-4DA7-A646-0E42567FF0B1,2014-04-02 00:00:00.000
6459,5654,logan15@adventure-works.com,6EAA23B2-D2CA-4E5E-9637-4D8530EBD5EC,2013-12-16 00:00:00.000
6460,5655,logan16@adventure-works.com,AE882333-7B87-41AC-9EFC-900A7775C947,2014-02-02 00:00:00.000
6461,5656,raquel6@adventure-works.com,C9354167-959E-4C02-A9C0-F079844894D1,2014-02-10 00:00:00.000
6462,5657,ernest5@adventure-works.com,3CA8B5FF-8239-4C5F-B52D-FDBBF5237BCB,2013-08-13 00:00:00.000
6463,5658,ernest6@adventure-works.com,EF577EB0-E035-4A9C-8CD3-ED6E8C310E31,2011-10-13 00:00:00.000
6464,5659,ernest7@adventure-works.com,3199CA67-019F-4C8F-B0F4-4FBF157B8A95,2011-06-25 00:00:00.000
6465,5660,logan17@adventure-works.com,46A64D07-6C18-4496-A03E-7BA538A5B6C3,2013-10-22 00:00:00.000
6466,5661,ernest8@adventure-works.com,7F05FCA6-60B7-4269-8A1E-48E822D72F0A,2013-05-05 00:00:00.000
6467,5662,logan18@adventure-works.com,46E5BA45-85B2-4231-939E-5F3FE6D2547B,2011-06-07 00:00:00.000
6468,5663,ernest9@adventure-works.com,26C7E920-5F3D-4C96-90BB-2AEDDC70BC2E,2013-10-26 00:00:00.000
6469,5664,logan19@adventure-works.com,BE018325-5649-4EA7-A346-31A14B41DDB1,2013-04-18 00:00:00.000
6470,5665,ernest10@adventure-works.com,ADF169EA-5F38-405A-BB25-61D8214DEDA1,2011-11-08 00:00:00.000
6471,5666,ernest11@adventure-works.com,FB82B157-A60E-44F8-B548-59ADADA943EC,2013-03-04 00:00:00.000
6472,5667,logan20@adventure-works.com,43B93CD0-3872-43CC-9100-77D24B86DB49,2013-11-02 00:00:00.000
6473,5668,ernest12@adventure-works.com,584E442A-551A-4AC5-899D-697963C69672,2012-03-08 00:00:00.000
6474,5669,logan21@adventure-works.com,1E6EF671-892D-449F-8895-19630981FF5E,2011-10-27 00:00:00.000
6475,5670,logan22@adventure-works.com,1B60DB60-8842-456F-BF8B-56EABF92C0FD,2012-04-19 00:00:00.000
6476,5671,ernest13@adventure-works.com,5BA3BE01-6CB0-4A8A-8F24-F8F3D846B58A,2014-05-15 00:00:00.000
6477,5672,logan23@adventure-works.com,6C1C6D00-A3F6-4A36-A373-238CBEC73139,2013-08-04 00:00:00.000
6478,5673,ernest14@adventure-works.com,1324042B-C6E0-4C33-8B07-AE8F1A0595F5,2012-03-14 00:00:00.000
6479,5674,ernest15@adventure-works.com,7443FA8F-199C-4144-B1E2-9358AD3D1FC1,2013-08-23 00:00:00.000
6480,5675,logan24@adventure-works.com,F1ACC681-9EB6-46AF-A1B6-DB3F6DFDB325,2014-01-14 00:00:00.000
6481,5676,ernest16@adventure-works.com,D9490C39-5936-4E6C-A86F-39109ACD1B48,2014-01-12 00:00:00.000
6482,5677,logan25@adventure-works.com,03A1954C-08F8-4CCF-9EDE-3AAC5D1A2A9B,2012-02-24 00:00:00.000
6483,5678,logan26@adventure-works.com,B7C95C09-5962-455C-BC09-550F25999EB7,2012-06-22 00:00:00.000
6484,5679,zachary0@adventure-works.com,2873D441-3103-4D15-BFCB-1D637B05F680,2013-10-05 00:00:00.000
6485,5680,ernest17@adventure-works.com,E8C24DDE-9152-45AB-985D-50CCE6B18268,2011-12-18 00:00:00.000
6486,5681,zachary1@adventure-works.com,457D1295-D37C-4340-B3CF-43D49A6391D4,2014-06-29 00:00:00.000
6487,5682,ernest18@adventure-works.com,516E26C4-FF59-43B7-8AC6-990127707F1C,2013-10-27 00:00:00.000
6488,5683,ethan0@adventure-works.com,6C9FF8FB-01F6-4130-AD6F-7433BFF8B240,2014-05-30 00:00:00.000
6489,5684,ethan1@adventure-works.com,3299AC0F-BFBD-4800-894F-AC4D1FEE28AB,2013-05-07 00:00:00.000
6490,5685,ernest19@adventure-works.com,474C6C9D-EEB2-4F22-8106-A43C4AAF21DE,2013-10-22 00:00:00.000
6491,5686,ethan2@adventure-works.com,84027629-8672-4499-AF5C-EB3724EF8EA8,2011-07-24 00:00:00.000
6492,5687,ethan3@adventure-works.com,5FAB39BB-863E-43FA-B915-1982B38D6819,2013-04-27 00:00:00.000
6493,5688,ethan4@adventure-works.com,6248FD48-2745-4253-B046-A5E8483C7717,2014-02-13 00:00:00.000
6494,5689,ethan5@adventure-works.com,0C227C8D-75B2-43D9-A414-977BFD543177,2014-03-27 00:00:00.000
6495,5690,ernest20@adventure-works.com,C32D2739-A765-44D1-BB56-80721854AC4F,2013-08-23 00:00:00.000
6496,5691,ethan6@adventure-works.com,5BD862B8-FA64-4FD6-A164-A1EF1190FBB8,2014-04-11 00:00:00.000
6497,5692,ethan7@adventure-works.com,56DB5759-B117-4C31-A211-E7BBE64A6C66,2013-07-11 00:00:00.000
6498,5693,ernest21@adventure-works.com,661F7E2D-FD19-4AD7-BDFD-473CDC173AD7,2014-01-22 00:00:00.000
6499,5694,ethan8@adventure-works.com,D8380F4E-61DB-489A-92B4-F6D018690BFA,2014-05-07 00:00:00.000
6500,5695,raquel7@adventure-works.com,E980E9C9-DC20-42E6-BF97-9990DEF3707F,2014-01-28 00:00:00.000
6501,5696,ethan9@adventure-works.com,D30EF8CF-351A-40CE-92EF-281705110C58,2013-08-02 00:00:00.000
6502,5697,ethan10@adventure-works.com,C4B1FC48-BA1C-4298-8719-0277E8FE6366,2012-11-03 00:00:00.000
6503,5698,ethan11@adventure-works.com,473FAE1D-8BD6-47E4-8019-A4B3438DE42F,2012-06-01 00:00:00.000
6504,5699,steve5@adventure-works.com,8FDA29DE-F746-4B23-9614-B1600016FE38,2012-01-28 00:00:00.000
6505,5700,steve6@adventure-works.com,0AA175C0-0471-4F73-8E7A-61CE6C73118A,2011-12-20 00:00:00.000
6506,5701,steve7@adventure-works.com,3EB091A0-29AA-4FB6-8EFF-4E25DE0561AC,2014-03-20 00:00:00.000
6507,5702,ethan12@adventure-works.com,D077F632-114B-458A-8B69-74628845E3FD,2012-03-21 00:00:00.000
6508,5703,ethan13@adventure-works.com,E52C485E-2EC2-4FCE-A3BF-6374773BF6F0,2013-07-07 00:00:00.000
6509,5704,steve8@adventure-works.com,279F3566-3C4E-464F-B3E7-C0F357E9677E,2013-01-16 00:00:00.000
6510,5705,ethan14@adventure-works.com,171E21FC-36EF-4AB1-9437-D3478BCD9F71,2012-04-02 00:00:00.000
6511,5706,ethan15@adventure-works.com,720102C9-3D3E-4317-906F-796D8D5B7539,2014-05-24 00:00:00.000
6512,5707,steve9@adventure-works.com,FDD01C11-4806-46C0-A29E-FFE3F350B084,2013-07-21 00:00:00.000
6513,5708,steve10@adventure-works.com,E6456398-67D0-44AF-96EA-59BC94723E68,2011-12-18 00:00:00.000
6514,5709,ethan16@adventure-works.com,E3939B9D-9EBC-4D7B-B1DA-F9798468C3E1,2014-01-17 00:00:00.000
6515,5710,steve11@adventure-works.com,29A5D631-7886-48BB-958E-5BBF5A577D52,2014-02-02 00:00:00.000
6516,5711,ethan17@adventure-works.com,F6108192-72CE-4427-BECD-F7EB90B97197,2013-10-07 00:00:00.000
6517,5712,steve12@adventure-works.com,F91AE422-F1C5-4E48-8316-2461988D4A3C,2014-04-28 00:00:00.000
6518,5713,ethan18@adventure-works.com,949FC587-5CB5-47B3-8194-F2B3731DB301,2014-04-27 00:00:00.000
6519,5714,raquel8@adventure-works.com,C724799F-8814-46D5-8502-D3976C2CBFA0,2013-08-22 00:00:00.000
6520,5715,steve13@adventure-works.com,0A05DE05-5EFF-4F32-9A6E-0048F5DBE892,2014-01-14 00:00:00.000
6521,5716,ethan19@adventure-works.com,181EA88A-9BFB-44D4-89C2-57F46016F324,2013-11-18 00:00:00.000
6522,5717,ethan20@adventure-works.com,AC3A51B7-83D9-49BA-8FAA-B4887C126AFC,2013-06-22 00:00:00.000
6523,5718,ethan21@adventure-works.com,46676737-D87B-4A04-8E0D-0E9B872C8DE1,2013-04-05 00:00:00.000
6524,5719,steve14@adventure-works.com,C2480D2E-C6D9-4944-91AA-3C1630229885,2012-09-17 00:00:00.000
6525,5720,ethan22@adventure-works.com,E20AD17B-9743-427D-A6C4-DB07DBC1329A,2014-02-04 00:00:00.000
6526,5721,steve15@adventure-works.com,21801493-0F59-4104-B49C-BBEC30CFB2B0,2014-03-16 00:00:00.000
6527,5722,steve16@adventure-works.com,D7F76F41-DE86-4BB4-9A72-DA1AB60B8CF4,2013-12-12 00:00:00.000
6528,5723,ethan23@adventure-works.com,FC92C676-04B0-46B5-BC13-98F58020825A,2014-02-13 00:00:00.000
6529,5724,steve17@adventure-works.com,F458267B-9AC5-4AB8-A87C-9A3B61969D26,2012-02-23 00:00:00.000
6530,5725,ethan24@adventure-works.com,1DA618AF-3F69-47DD-96CF-ED806A58D488,2013-10-06 00:00:00.000
6531,5726,steve18@adventure-works.com,44884B97-FF03-44BF-A428-73F0608C7CCC,2014-01-02 00:00:00.000
6532,5727,steve19@adventure-works.com,792FE023-5481-490E-8637-0B1A66C6AA0E,2013-07-08 00:00:00.000
6533,5728,ethan25@adventure-works.com,3F3EAA0F-5CDE-413A-A0FC-F2AE4F42A4DA,2013-10-27 00:00:00.000
6534,5729,steve20@adventure-works.com,B49F538E-FE94-4774-8CA7-8DD4D8FA86C8,2011-10-28 00:00:00.000
6535,5730,ethan26@adventure-works.com,8FDDBF4E-940A-407A-9CD6-B78AC567F673,2013-10-26 00:00:00.000
6536,5731,ethan27@adventure-works.com,66E8E09C-86D4-47C5-94CE-1457B3068D09,2012-05-26 00:00:00.000
6537,5732,ethan28@adventure-works.com,DDE06A5D-7E4D-4622-8C1E-4C37B64CA7B1,2013-07-18 00:00:00.000
6538,5733,raquel9@adventure-works.com,17FFB60B-7244-4557-B2BC-EE75C0130EB8,2013-05-21 00:00:00.000
6539,5734,steve21@adventure-works.com,D9B381EE-625E-48ED-AB2A-52916B85DBD6,2014-04-14 00:00:00.000
6540,5735,steve22@adventure-works.com,788C30CB-D8A4-4BFC-BEC1-D00087785151,2014-02-03 00:00:00.000
6541,5736,steve23@adventure-works.com,21DA80FD-001C-4397-AA0D-BA3EE2FD4936,2013-12-05 00:00:00.000
6542,5737,steve24@adventure-works.com,8FD2D121-A074-4EB5-932B-8E92651E1A70,2014-02-07 00:00:00.000
6543,5738,steve25@adventure-works.com,373C04A9-1C29-4E88-92C2-D604673E05A4,2013-12-26 00:00:00.000
6544,5739,ryan6@adventure-works.com,FB027051-29B7-475B-B800-D44A2863BA53,2012-08-19 00:00:00.000
6545,5740,ryan7@adventure-works.com,C2FB55B2-ABF8-400E-98F7-BA40C2497068,2013-12-24 00:00:00.000
6546,5741,ryan8@adventure-works.com,3ADF9BA7-9D0A-4525-AED7-6937B0B1FE18,2014-03-04 00:00:00.000
6547,5742,ryan9@adventure-works.com,62F440A8-B1BB-4304-9838-6B0DDC3525BC,2013-11-19 00:00:00.000
6548,5743,micah11@adventure-works.com,49323A7B-788A-4252-863B-D797E0C9D467,2013-02-14 00:00:00.000
6549,5744,ryan10@adventure-works.com,2291BD64-0AF5-4B88-B14A-010CDEDE5524,2013-09-10 00:00:00.000
6550,5745,ryan11@adventure-works.com,A4F06BDD-5A68-4140-A110-50C12E627AD5,2013-07-07 00:00:00.000
6551,5746,micah12@adventure-works.com,819A424C-2207-4349-A63B-1B59E4440C6A,2014-03-16 00:00:00.000
6552,5747,ryan12@adventure-works.com,EA49E66B-B5CA-4900-85F8-46070FC93D71,2011-09-19 00:00:00.000
6553,5748,ryan13@adventure-works.com,2D99E9FE-0FCB-4C2A-BB22-A9225C2B6F21,2013-11-01 00:00:00.000
6554,5749,micah13@adventure-works.com,2858B185-02CD-4979-AFAB-BEE2EC699C73,2013-05-10 00:00:00.000
6555,5750,raquel10@adventure-works.com,56020D60-A7C9-4B66-93DB-2A7516B62E8B,2013-09-27 00:00:00.000
6556,5751,micah14@adventure-works.com,C90A3B03-CB67-4AC9-BC5C-047DA3DB2931,2013-04-26 00:00:00.000
6557,5752,ryan14@adventure-works.com,BF8F95AA-433E-4335-9D4E-3534424B820E,2013-10-01 00:00:00.000
6558,5753,ryan15@adventure-works.com,F6065596-FD64-43DE-8A2B-52294BA5E058,2011-10-10 00:00:00.000
6559,5754,micah15@adventure-works.com,C2A65E77-0E63-4637-8927-1AF30DA5A052,2013-09-15 00:00:00.000
6560,5755,micah16@adventure-works.com,00A313C9-30F8-4907-9F69-C49314747E88,2013-10-09 00:00:00.000
6561,5756,ryan16@adventure-works.com,CA1C0A3B-7ACE-4EF8-875E-4359ED7EADD9,2013-11-07 00:00:00.000
6562,5757,ryan17@adventure-works.com,EAE7078F-5A68-4D6C-A6C2-0B6A29022959,2014-03-23 00:00:00.000
6563,5758,micah17@adventure-works.com,7B481672-65B6-4085-A5F7-120E08B4730D,2011-08-08 00:00:00.000
6564,5759,ryan18@adventure-works.com,9D5D5660-B5C5-4A69-A49E-88C5B6FE13F8,2013-07-31 00:00:00.000
6565,5760,ryan19@adventure-works.com,A296D69C-8481-41F3-B178-9CA076DA3A17,2014-01-22 00:00:00.000
6566,5761,micah18@adventure-works.com,67966060-C824-46CE-9532-E3D2171AF3C5,2012-10-17 00:00:00.000
6567,5762,ryan20@adventure-works.com,38AD93CC-4297-430E-8E25-1ECC3763476B,2014-02-18 00:00:00.000
6568,5763,ryan21@adventure-works.com,3B125507-FA2C-440B-8EAE-CB6620B8DF4B,2013-09-01 00:00:00.000
6569,5764,micah19@adventure-works.com,19A9B750-6E35-4FC4-BA92-50D0D7E584DD,2013-11-30 00:00:00.000
6570,5765,ryan22@adventure-works.com,635AA364-8A44-4A63-9626-3F002BFFE927,2013-06-20 00:00:00.000
6571,5766,micah20@adventure-works.com,531B159C-07AD-4C47-916E-E26C5A45FF9B,2014-05-16 00:00:00.000
6572,5767,ryan23@adventure-works.com,FAACF05F-6ED5-4404-9B4C-CE164592F746,2014-04-16 00:00:00.000
6573,5768,micah21@adventure-works.com,73F5EC9B-655F-42B8-9FC1-CFF2570BBE52,2011-12-09 00:00:00.000
6574,5769,ryan24@adventure-works.com,F9BD69C3-59DF-46C1-BE6D-9ACCD3E45F7A,2014-05-10 00:00:00.000
6575,5770,ryan25@adventure-works.com,1A59D403-FA1A-4636-8A37-5C179B60A94B,2013-07-16 00:00:00.000
6576,5771,ryan26@adventure-works.com,339FF744-DED8-4A9F-92CC-5BF40A8B63C6,2011-10-26 00:00:00.000
6577,5772,ryan27@adventure-works.com,CCA8E1E3-C12E-4B76-99BC-DE92AF4C8706,2012-03-08 00:00:00.000
6578,5773,micah22@adventure-works.com,CFAFDE77-7C93-4831-84C0-6316F34C1544,2012-09-11 00:00:00.000
6579,5774,ryan28@adventure-works.com,735D3B61-8211-44B0-A2E6-5E5858939E9D,2014-03-06 00:00:00.000
6580,5775,ryan29@adventure-works.com,F53C9854-9896-4ECB-9406-DE1AB843F807,2014-01-24 00:00:00.000
6581,5776,micah23@adventure-works.com,54537F68-ADC0-436D-8588-5DB799D5A87C,2013-02-26 00:00:00.000
6582,5777,ryan30@adventure-works.com,C0958F06-88F9-4722-BC86-6DDFBEBBCDEB,2014-04-29 00:00:00.000
6583,5778,clarence1@adventure-works.com,9827FE5B-5752-45E2-8534-A311DCE94715,2012-11-23 00:00:00.000
6584,5779,reginald0@adventure-works.com,94F03B4A-B979-4190-B4E5-1ACF9848EBA8,2014-05-22 00:00:00.000
6585,5780,reginald1@adventure-works.com,333098EC-BB12-4A76-AB23-167DCFEDF875,2014-05-26 00:00:00.000
6586,5781,ryan31@adventure-works.com,2C380753-0746-4AC0-A3D4-80F711EA8EDA,2013-09-04 00:00:00.000
6587,5782,ryan32@adventure-works.com,4A90841D-8A41-4335-AC0E-B4AFFA743B77,2013-09-16 00:00:00.000
6588,5783,reginald2@adventure-works.com,C070F7E6-E993-458C-B312-45EB8AE0BDDC,2012-09-11 00:00:00.000
6589,5784,ryan33@adventure-works.com,69F4C827-4A00-4CC6-B694-14240D4DD02E,2011-07-30 00:00:00.000
6590,5785,reginald3@adventure-works.com,0CD688D6-8691-4635-965C-F3CC1CCA78B8,2013-04-04 00:00:00.000
6591,5786,ryan34@adventure-works.com,9772C897-618D-4877-A391-7EAAD8C12425,2014-04-13 00:00:00.000
6592,5787,reginald4@adventure-works.com,36A8381B-4746-4EDC-83FA-9BF3417513B1,2014-04-14 00:00:00.000
6593,5788,reginald5@adventure-works.com,3A1F55E1-E4A4-456F-82AE-C3A1121243BE,2013-04-06 00:00:00.000
6594,5789,ryan35@adventure-works.com,C2569127-E0F1-476A-A53F-E207699D5277,2013-08-29 00:00:00.000
6595,5790,reginald6@adventure-works.com,0E32254D-2623-43BB-B31E-C46EB171A9F1,2013-12-20 00:00:00.000
6596,5791,reginald7@adventure-works.com,07BABA9A-A2AD-4C35-B688-1EFADB3EFCD1,2012-10-28 00:00:00.000
6597,5792,justin0@adventure-works.com,1B2D51E7-5340-4A1D-BABA-2CB96241D6C6,2013-10-03 00:00:00.000
6598,5793,alberto1@adventure-works.com,C664BECF-226F-42CF-8B90-D73A385DBD8B,2013-09-17 00:00:00.000
6599,5794,clarence2@adventure-works.com,383461CC-896E-4499-9555-C72627EE6E63,2012-11-26 00:00:00.000
6600,5795,alberto2@adventure-works.com,37D1D856-207A-4EB3-BFB4-4CAE8CCB4B75,2014-06-27 00:00:00.000
6601,5796,justin1@adventure-works.com,B5AD55B3-B648-48FE-8574-A9F4451C6E7A,2013-08-29 00:00:00.000
6602,5797,alberto3@adventure-works.com,F07D453E-1585-404B-8BD2-7E29E8AB931E,2014-04-17 00:00:00.000
6603,5798,alberto4@adventure-works.com,488F6569-9DB3-4091-885A-42C0582C1AA0,2013-07-25 00:00:00.000
6604,5799,justin2@adventure-works.com,828C7F8A-7A65-4E0B-A3ED-C8D4E33E2DA9,2013-08-21 00:00:00.000
6605,5800,justin3@adventure-works.com,9FDD70AD-4F44-4F94-A922-150E2EED7C94,2013-08-30 00:00:00.000
6606,5801,justin4@adventure-works.com,F7EE88B0-C8B7-4D62-9A44-EBE974BEED87,2013-11-04 00:00:00.000
6607,5802,alberto5@adventure-works.com,5151FCF9-284E-41A3-BC0A-EAEAF76E72EB,2013-01-06 00:00:00.000
6608,5803,justin5@adventure-works.com,BA4F8BFF-A10E-4026-9EC9-F3F4A55C8181,2014-02-21 00:00:00.000
6609,5804,alberto6@adventure-works.com,C30AB2B9-F1FF-4201-AB18-331D5F0E89BA,2014-01-16 00:00:00.000
6610,5805,justin6@adventure-works.com,CCB5FD3F-1F84-4434-9DE4-86824E2D5B69,2014-01-11 00:00:00.000
6611,5806,alberto7@adventure-works.com,0132BD67-CC3C-468B-9D4A-F818AA628BFE,2013-04-17 00:00:00.000
6612,5807,justin7@adventure-works.com,E01EA35C-3C84-43F8-8C58-5CF9C2A95694,2013-09-20 00:00:00.000
6613,5808,justin8@adventure-works.com,ED5A6524-5416-4EB6-89AD-CBB8FA363D72,2014-03-27 00:00:00.000
6614,5809,hany0@adventure-works.com,7102235A-9B0C-45A4-A7ED-717CE27681A8,2012-05-10 00:00:00.000
6615,5810,justin9@adventure-works.com,C03BB4D9-DC07-4BFD-A3C2-F17FB9098069,2014-06-28 00:00:00.000
6616,5811,justin10@adventure-works.com,169D8E58-7FE3-411B-BA4B-B4BC14D40048,2012-02-23 00:00:00.000
6617,5812,justin11@adventure-works.com,F29DBAB2-014F-4CC1-A783-038A4F582252,2012-07-13 00:00:00.000
6618,5813,alberto8@adventure-works.com,F8031719-3737-49D8-A7EA-C6DC1420CC17,2014-01-17 00:00:00.000
6619,5814,justin12@adventure-works.com,F0B6E440-F33E-4D72-8DE0-FE377D697787,2012-12-29 00:00:00.000
6620,5815,justin13@adventure-works.com,E946EF2A-C5EA-4347-81B4-77C426F0BADB,2013-06-01 00:00:00.000
6621,5816,justin14@adventure-works.com,7417C2C8-BC41-4052-A661-6B4CBB26B413,2012-05-10 00:00:00.000
6622,5817,justin15@adventure-works.com,0654BBB4-8F07-4AF6-BE73-E458C0EE5D3A,2012-01-15 00:00:00.000
6623,5818,alberto9@adventure-works.com,B5E83A16-C212-4AB0-A1A5-B299E56C4F00,2014-02-12 00:00:00.000
6624,5819,alberto10@adventure-works.com,84EE95A9-971E-422A-BE88-D072560EF4E1,2014-03-30 00:00:00.000
6625,5820,justin16@adventure-works.com,F6E3CA4B-E28C-4FD0-81C6-6968C2B8C4BF,2012-09-02 00:00:00.000
6626,5821,clarence3@adventure-works.com,FE477F7E-F2EF-47C9-9819-3AA9C01F43EA,2013-11-24 00:00:00.000
6627,5822,alberto11@adventure-works.com,3BD1A805-86E7-49D8-9EA2-F84339ED6EEE,2012-02-13 00:00:00.000
6628,5823,alberto12@adventure-works.com,5153A5C2-67E1-4744-83E8-BAB52F533D4C,2013-07-16 00:00:00.000
6629,5824,justin17@adventure-works.com,0C290B34-8BB6-4B7D-8867-CBCAF77EFFE5,2013-09-05 00:00:00.000
6630,5825,justin18@adventure-works.com,66A6335D-F549-402B-B341-7E93FCD7FCB6,2012-01-13 00:00:00.000
6631,5826,justin19@adventure-works.com,3DA9C941-60E3-4584-9744-87B987216FEA,2014-05-13 00:00:00.000
6632,5827,justin20@adventure-works.com,AB22D0BD-93DD-4006-B1E9-6EDCC8EA5E69,2013-11-22 00:00:00.000
6633,5828,justin21@adventure-works.com,B0305BE0-B3EB-4719-A14C-5EC5860DFAEA,2012-08-22 00:00:00.000
6634,5829,alberto13@adventure-works.com,249C855F-4FA8-41B2-AD29-75DBFF21F5C7,2013-07-27 00:00:00.000
6635,5830,alberto14@adventure-works.com,E4D4740E-F3B1-4A60-82CE-D7FFBCC0AA73,2011-09-12 00:00:00.000
6636,5831,justin22@adventure-works.com,F590BBD9-6FEF-4E19-81D9-17211F2548F8,2014-01-28 00:00:00.000
6637,5832,alberto15@adventure-works.com,24ACC35A-4FDF-4B65-9C78-3CFB7522B62A,2014-01-07 00:00:00.000
6638,5833,alberto16@adventure-works.com,ED8B4E66-591D-41A5-AAC1-7AA1472E29C5,2013-05-01 00:00:00.000
6639,5834,justin23@adventure-works.com,C48DD491-A818-45FE-8042-D6E610BA24E9,2013-09-28 00:00:00.000
6640,5835,alberto17@adventure-works.com,6DD90597-5F14-41B4-8516-9E8A9365C32A,2012-08-23 00:00:00.000
6641,5836,justin24@adventure-works.com,3D04639D-B4F3-4AF1-AD6B-D8F27675E77E,2013-11-27 00:00:00.000
6642,5837,justin25@adventure-works.com,72F77727-AC15-4C0C-A850-038095289F67,2014-03-27 00:00:00.000
6643,5838,clarence4@adventure-works.com,84BCE8FB-A537-4860-90B3-6E703CF68FD4,2014-03-26 00:00:00.000
6644,5839,alberto18@adventure-works.com,2DC987D7-E38C-4B47-AB97-562AA761BDC1,2013-09-06 00:00:00.000
6645,5840,justin26@adventure-works.com,2016EB6A-05CA-4355-AB98-E0BCC64441BF,2014-06-16 00:00:00.000
6646,5841,alberto19@adventure-works.com,BAF9FE90-69AD-4421-BCF5-D51E3F3AC691,2013-11-28 00:00:00.000
6647,5842,alberto20@adventure-works.com,A2C57DBE-F8D1-4025-94FD-44AE7AF8A4BC,2013-10-12 00:00:00.000
6648,5843,justin27@adventure-works.com,05055818-D2F7-4FBB-9D66-30C3ABAF025F,2012-04-20 00:00:00.000
6649,5844,justin28@adventure-works.com,592C74DA-3B82-453D-8C2C-5C26B8C2200D,2014-06-25 00:00:00.000
6650,5845,alberto21@adventure-works.com,D87DE0A7-2102-476D-A0D6-159C5DAA32B2,2013-05-15 00:00:00.000
6651,5846,david36@adventure-works.com,DD62CF34-133C-49E7-AB51-4016D5EFEBCE,2013-12-06 00:00:00.000
6652,5847,david37@adventure-works.com,466CB48E-15D8-4408-8D36-F0ABF371E47B,2014-03-05 00:00:00.000
6653,5848,david38@adventure-works.com,8ABC1C93-FD2D-41C5-867D-AF14F7E96D2F,2013-12-24 00:00:00.000
6654,5849,eddie1@adventure-works.com,795F083C-5C5E-4256-BD2B-D0979128FD87,2013-07-04 00:00:00.000
6655,5850,david39@adventure-works.com,940D6352-8201-4D06-8B7A-4BD1871C4D42,2013-04-02 00:00:00.000
6656,5851,david40@adventure-works.com,0B0A22BC-E29B-41C6-AB0C-306DD9CAC2D2,2013-11-13 00:00:00.000
6657,5852,eddie2@adventure-works.com,59B5A891-DF51-4F4C-82E4-4639B828BA66,2013-07-31 00:00:00.000
6658,5853,david41@adventure-works.com,55C9028B-A200-4CC1-974D-BF955EA1DA49,2013-04-09 00:00:00.000
6659,5854,eddie3@adventure-works.com,E5E005C0-16C8-4512-B78B-5DF1DCD5CBF5,2013-07-22 00:00:00.000
6660,5855,eddie4@adventure-works.com,94A86A90-3B82-4384-8E16-53B43D6ED869,2014-05-15 00:00:00.000
6661,5856,david42@adventure-works.com,666E54DD-5D9D-4F25-B741-785E5B619E24,2014-04-30 00:00:00.000
6662,5857,eddie5@adventure-works.com,618A3B12-8E37-449E-B50D-31D4C65FD82B,2013-08-06 00:00:00.000
6663,5858,david43@adventure-works.com,1A147B0C-6093-405D-AD75-91AFFD06E1D1,2014-06-25 00:00:00.000
6664,5859,david44@adventure-works.com,E3934087-B8F2-46AB-84ED-8600E7ADDDC4,2013-08-20 00:00:00.000
6665,5860,damien4@adventure-works.com,0665BD9B-37C2-492E-BC31-0DB2433680D4,2011-06-18 00:00:00.000
6666,5861,clarence5@adventure-works.com,38F5ADAE-6731-4768-995D-D74623373162,2012-03-03 00:00:00.000
6667,5862,eddie6@adventure-works.com,A64767EE-566E-4E02-A949-27BD4625023C,2013-08-18 00:00:00.000
6668,5863,david45@adventure-works.com,D5A6D627-A2AC-4CEF-81DA-D9344502BF73,2014-01-27 00:00:00.000
6669,5864,david46@adventure-works.com,1C4BEE94-55E8-4F97-9C7F-411C8629D506,2011-11-20 00:00:00.000
6670,5865,david47@adventure-works.com,56F8E25A-4F95-4BEB-AB60-D3DBD1233680,2014-04-07 00:00:00.000
6671,5866,david48@adventure-works.com,DBE652A2-94E5-4794-A063-AE900AEBBD8E,2013-08-20 00:00:00.000
6672,5867,david49@adventure-works.com,3395EEE7-0173-4A04-850E-972CC1D5F372,2013-09-12 00:00:00.000
6673,5868,david50@adventure-works.com,BA2E2C46-D44E-4EF0-9250-EC328D753D4E,2014-02-20 00:00:00.000
6674,5869,david51@adventure-works.com,BE98AF75-C24C-4A1F-A87E-EEF6F00D7FDA,2014-04-14 00:00:00.000
6675,5870,david52@adventure-works.com,D912736D-75A7-4AE3-B7F8-F78648D17034,2013-12-10 00:00:00.000
6676,5871,eddie7@adventure-works.com,F8154207-7FD9-4AD0-8DCA-4E21A1590F5E,2013-07-08 00:00:00.000
6677,5872,david53@adventure-works.com,1C06E99D-6BF8-4AAB-AACB-9C67D5EF804B,2014-06-08 00:00:00.000
6678,5873,david54@adventure-works.com,6B305983-110E-4289-9DE1-7914595135B4,2013-07-25 00:00:00.000
6679,5874,david55@adventure-works.com,98813783-C843-4568-A0B9-91E5C87228DC,2012-02-17 00:00:00.000
6680,5875,david56@adventure-works.com,077E28DD-AD75-4F41-937A-1C04A522C438,2013-09-24 00:00:00.000
6681,5876,eddie8@adventure-works.com,8078E1F7-8E3E-4BC4-9872-FCF35FF002E6,2012-07-20 00:00:00.000
6682,5877,david57@adventure-works.com,54288CB4-5EF9-4620-BE62-F3B5C567ADDB,2014-05-27 00:00:00.000
6683,5878,eddie9@adventure-works.com,79988711-3D71-4FD1-8AB7-F1D6995CEE8F,2014-03-15 00:00:00.000
6684,5879,david58@adventure-works.com,872E025A-EEEB-4F10-A0E1-293AB101FE3B,2012-08-25 00:00:00.000
6685,5880,david59@adventure-works.com,2C884C9F-C101-4932-9655-2B9F2842CB39,2013-02-27 00:00:00.000
6686,5881,david60@adventure-works.com,6A62A94A-E6E6-43D4-979D-87585FEA0146,2013-10-29 00:00:00.000
6687,5882,eddie10@adventure-works.com,1C4AD6C8-6765-457E-853C-C692D9000199,2013-05-14 00:00:00.000
6688,5883,david61@adventure-works.com,AD122E36-43B4-4BF6-813B-381738779CB4,2013-12-08 00:00:00.000
6689,5884,eddie11@adventure-works.com,E9FF9CFF-B6CA-4B99-87D5-7B04CC4EF0A4,2014-03-09 00:00:00.000
6690,5885,eddie12@adventure-works.com,62D9363A-E23C-4B11-A0AA-0474356C963E,2012-09-04 00:00:00.000
6691,5886,eddie13@adventure-works.com,6C28E606-F7AB-4B2D-8913-E8B467DECAD0,2013-01-24 00:00:00.000
6692,5887,eddie14@adventure-works.com,8D8B238F-DB85-457A-9B07-370276AB3A99,2013-08-12 00:00:00.000
6693,5888,david62@adventure-works.com,5AE58AA5-160C-4FE7-B8C7-CF9F5F09E0CB,2014-04-05 00:00:00.000
6694,5889,david63@adventure-works.com,AA091677-A9A9-47EC-9437-8E89DE868558,2013-11-23 00:00:00.000
6695,5890,benjamin5@adventure-works.com,646854D0-D2DA-45F7-BBF7-7419A300DA7A,2012-12-21 00:00:00.000
6696,5891,clarence6@adventure-works.com,1755BACF-6D6B-45A2-BED7-DE289449C8A3,2013-07-14 00:00:00.000
6697,5892,eddie15@adventure-works.com,0453DA57-534A-414A-AD43-0622D2EF2051,2013-01-25 00:00:00.000
6698,5893,benjamin6@adventure-works.com,EF2BF086-0C32-455C-ACB8-A828E2C26A46,2013-09-06 00:00:00.000
6699,5894,benjamin7@adventure-works.com,3ACC378A-AE6C-4CA3-A7F9-0EAD130A968A,2012-03-17 00:00:00.000
6700,5895,eddie16@adventure-works.com,8F43A23C-A83E-4B10-BFAA-6E03EAE936AB,2013-07-07 00:00:00.000
6701,5896,eddie17@adventure-works.com,CF98156B-B750-43DE-BBDC-63B2C0253882,2013-12-09 00:00:00.000
6702,5897,eddie18@adventure-works.com,895D4AD3-2465-4F19-BF14-08D11D72CA87,2014-02-06 00:00:00.000
6703,5898,eddie19@adventure-works.com,66D28ED9-8DF4-431B-9E5F-995CB9A4B887,2013-09-13 00:00:00.000
6704,5899,eddie20@adventure-works.com,1D05FD8C-CFE5-4590-B350-8ABC2D16C837,2013-09-04 00:00:00.000
6705,5900,benjamin8@adventure-works.com,3091B64C-0EAB-4947-87B5-AA17EFE16C5C,2013-07-29 00:00:00.000
6706,5901,benjamin9@adventure-works.com,37F4CF18-B394-4B5F-8674-93DE837CEEE6,2014-04-20 00:00:00.000
6707,5902,eddie21@adventure-works.com,1B61F300-A12D-4153-8CE8-29138BC31DB2,2014-06-08 00:00:00.000
6708,5903,eddie22@adventure-works.com,E2876151-5A68-43B3-9285-1960D78CFF53,2012-11-10 00:00:00.000
6709,5904,benjamin10@adventure-works.com,9BBE3A06-CBAE-4296-9FD5-A0A1A7271A7A,2014-06-29 00:00:00.000
6710,5905,benjamin11@adventure-works.com,9F49C3DE-16A7-4BFF-A458-798A098F1F58,2014-05-28 00:00:00.000
6711,5906,benjamin12@adventure-works.com,491D474F-E198-4C50-8685-5AA807E85453,2014-03-03 00:00:00.000
6712,5907,benjamin13@adventure-works.com,BA99EB7F-B940-4936-8F90-2C08BB341B73,2014-01-20 00:00:00.000
6713,5908,theodore0@adventure-works.com,0EC52A32-2E59-471C-AC1F-8638F32BE94F,2014-04-12 00:00:00.000
6714,5909,benjamin14@adventure-works.com,C4754C6F-BF59-4496-A59F-2E262B9E060B,2014-05-22 00:00:00.000
6715,5910,theodore1@adventure-works.com,FDE6CCC6-5ED2-441D-A07E-38A00B94694F,2013-09-19 00:00:00.000
6716,5911,benjamin15@adventure-works.com,0DDC03A2-E4C3-41D8-B76F-05422FD2ACF1,2014-04-04 00:00:00.000
6717,5912,benjamin16@adventure-works.com,55B58F63-11EC-4EB1-858B-C0CDF43CA64C,2014-03-31 00:00:00.000
6718,5913,benjamin17@adventure-works.com,CD0AB39F-9ADA-419A-9A02-5DEF63454A33,2013-09-07 00:00:00.000
6719,5914,theodore2@adventure-works.com,0DC52A64-9047-4E1A-A56B-CCCF652289E6,2011-08-13 00:00:00.000
6720,5915,benjamin18@adventure-works.com,5647D321-797B-4988-A1DE-17F7AB37BCD2,2013-06-27 00:00:00.000
6721,5916,theodore3@adventure-works.com,866A2FAF-90A9-4816-B614-DBAAE49989FD,2013-09-21 00:00:00.000
6722,5917,benjamin19@adventure-works.com,64AD2C11-5538-42B3-8F6F-7FC780368D80,2013-07-27 00:00:00.000
6723,5918,theodore4@adventure-works.com,1DFEAC89-7673-4B52-8C43-DE692A0C7F3D,2014-04-08 00:00:00.000
6724,5919,theodore5@adventure-works.com,08A55077-AFFD-4396-A11C-AAF2BABE2F78,2013-10-06 00:00:00.000
6725,5920,theodore6@adventure-works.com,8C4A5B7A-E69D-44C6-8628-CEC2026FFC51,2013-03-22 00:00:00.000
6726,5921,benjamin20@adventure-works.com,BA382A08-1474-4C55-A0D4-037C93E9452B,2013-07-01 00:00:00.000
6727,5922,benjamin21@adventure-works.com,E8FAA8BC-8D1B-4D63-8062-D19B5D21C787,2013-10-28 00:00:00.000
6728,5923,theodore7@adventure-works.com,3A1E867C-A223-4DFA-85AA-50EF34F605B0,2012-11-22 00:00:00.000
6729,5924,theodore8@adventure-works.com,1635D868-3813-4857-8AF0-204F2AB73193,2014-01-05 00:00:00.000
6730,5925,benjamin22@adventure-works.com,3E3F9020-3670-4EA6-8109-3E225EFC5104,2013-11-14 00:00:00.000
6731,5926,theodore9@adventure-works.com,57AB67A4-932C-4454-9BF0-3A9B990F2662,2013-09-25 00:00:00.000
6732,5927,benjamin23@adventure-works.com,62D3E78A-A892-4C67-A43B-3650A1042CBD,2013-11-26 00:00:00.000
6733,5928,benjamin24@adventure-works.com,9A680FB7-D3F7-473C-A988-368EB04C7C7C,2013-09-10 00:00:00.000
6734,5929,benjamin25@adventure-works.com,A55D1F34-D39D-4E23-9EE6-6BCA128E70E5,2013-07-21 00:00:00.000
6735,5930,theodore10@adventure-works.com,FEB45B6D-85F4-4623-822D-DC7A0E393BFC,2013-12-16 00:00:00.000
6736,5931,benjamin26@adventure-works.com,3D2E4ADA-62AD-4CC8-851D-3CA184DE9819,2013-11-14 00:00:00.000
6737,5932,benjamin27@adventure-works.com,17DA9504-D438-4383-B9C2-1255580A6AF8,2014-05-13 00:00:00.000
6738,5933,theodore11@adventure-works.com,EAB7F8E3-62A7-472C-8816-04DD8E891870,2013-11-18 00:00:00.000
6739,5934,benjamin28@adventure-works.com,F223D0B3-A9FB-4A48-8A5E-5D2169D67316,2013-08-06 00:00:00.000
6740,5935,benjamin29@adventure-works.com,47C16247-12E7-41C3-97CF-FA4199030D4B,2013-10-27 00:00:00.000
6741,5936,theodore12@adventure-works.com,EB76B9AD-7B4C-400F-8C1E-CAE8947C8E05,2012-06-22 00:00:00.000
6742,5937,benjamin30@adventure-works.com,F065CF53-F1CC-47A5-A521-4F16A061779E,2014-05-16 00:00:00.000
6743,5938,theodore13@adventure-works.com,7CC16502-D283-4F07-8011-8783345746C3,2012-09-27 00:00:00.000
6744,5939,benjamin31@adventure-works.com,DB0EE796-680D-4E19-953A-72F2280C342C,2014-02-11 00:00:00.000
6745,5940,benjamin32@adventure-works.com,EC611638-9208-481E-8961-544F9D94B9F8,2014-05-18 00:00:00.000
6746,5941,benjamin33@adventure-works.com,C174480C-C796-4E91-93DF-DDD870A05328,2012-03-05 00:00:00.000
6747,5942,theodore14@adventure-works.com,4DAF5F72-1445-4214-A1BB-C70639388AFD,2013-11-04 00:00:00.000
6748,5943,benjamin34@adventure-works.com,FD3C3582-09DC-4DEE-8BBC-361BD6DFA07D,2014-06-22 00:00:00.000
6749,5944,christian18@adventure-works.com,05D65CE4-6192-4320-8F98-324EDE7E5793,2012-03-28 00:00:00.000
6750,5945,theodore15@adventure-works.com,0DD85001-D539-4040-B09E-E9FF737C4CAC,2012-10-24 00:00:00.000
6751,5946,christian19@adventure-works.com,E2CB781D-7CBE-48FD-9EED-0A7B7F22C75B,2013-03-27 00:00:00.000
6752,5947,theodore16@adventure-works.com,F8291C72-9B2A-44E5-8573-4D5003150126,2012-12-12 00:00:00.000
6753,5948,christian20@adventure-works.com,E724D718-7EB9-49F4-BCB7-FDB5ADF03D63,2014-03-14 00:00:00.000
6754,5949,christian21@adventure-works.com,9871365D-40BF-4C6D-AEA0-99261C64CA8A,2013-08-12 00:00:00.000
6755,5950,christian22@adventure-works.com,5611AD66-E2B2-4DEC-8831-6ACD0DE5BB0F,2012-05-20 00:00:00.000
6756,5951,theodore17@adventure-works.com,346C4E8E-6FA2-4EAA-BF5D-3DCF4987B0C6,2013-06-08 00:00:00.000
6757,5952,christian23@adventure-works.com,7FF9C396-4CD8-4125-9129-DF940429A979,2013-10-16 00:00:00.000
6758,5953,christian24@adventure-works.com,974BBED2-0E9A-48CD-B03F-CC007AA2F510,2014-03-25 00:00:00.000
6759,5954,christian25@adventure-works.com,D8C36559-3070-4233-BEF0-F0D4CFFD6CC8,2013-12-10 00:00:00.000
6760,5955,theodore18@adventure-works.com,A7E86BDA-24C9-4FA1-94CA-01E37D6B5464,2013-03-03 00:00:00.000
6761,5956,theodore19@adventure-works.com,1C1A21E3-F3E9-4D70-8A95-6071420008A3,2013-10-08 00:00:00.000
6762,5957,christian26@adventure-works.com,FD5939A1-D0D5-4572-9D01-9A9422A7ACFC,2012-02-03 00:00:00.000
6763,5958,christian27@adventure-works.com,369BA18D-BCE5-445F-92AF-C4ED20AAFB6E,2013-04-04 00:00:00.000
6764,5959,theodore20@adventure-works.com,B55FF432-D734-4073-BEA9-445223263A6C,2012-04-25 00:00:00.000
6765,5960,christian28@adventure-works.com,A38DD245-3448-4EA5-A591-165F353E1C84,2014-03-22 00:00:00.000
6766,5961,christian29@adventure-works.com,73E0F214-E040-4C5E-9DB6-62AC2366BFC0,2012-01-19 00:00:00.000
6767,5962,mya0@adventure-works.com,456004CF-D38D-4F68-B5D2-18AAB061C00D,2014-03-03 00:00:00.000
6768,5963,theodore21@adventure-works.com,4E730B17-BB90-49DB-AADA-655E3F779C41,2014-04-01 00:00:00.000
6769,5964,mya1@adventure-works.com,A6CB06F3-A7DC-4873-B5CC-975251CAF3A7,2014-02-02 00:00:00.000
6770,5965,theodore22@adventure-works.com,9607BEE4-6162-4763-A403-C6818A7B8CBB,2013-01-23 00:00:00.000
6771,5966,theodore23@adventure-works.com,47AE63A5-676D-47F2-A0D5-3067BF315A41,2014-01-01 00:00:00.000
6772,5967,caroline2@adventure-works.com,C993ECBF-78EA-45B9-9DFC-F8DCD541A9A6,2014-05-04 00:00:00.000
6773,5968,caroline3@adventure-works.com,B0F6CE26-2357-4FE9-9D7C-2073F2CC66FC,2014-04-24 00:00:00.000
6774,5969,caroline4@adventure-works.com,C18534AD-271B-4E37-BE49-04DC9E2BACF7,2013-08-13 00:00:00.000
6775,5970,caroline5@adventure-works.com,848C0116-52DF-4B30-B7AD-D2CB32D468CE,2013-07-30 00:00:00.000
6776,5971,caroline6@adventure-works.com,2009F8B2-2717-4361-8EC9-0890AB4DD45F,2014-01-13 00:00:00.000
6777,5972,tyrone0@adventure-works.com,E916BDDF-5AAA-4D56-9523-45F9D07704DB,2014-02-03 00:00:00.000
6778,5973,caroline7@adventure-works.com,BDFA538F-0CB2-412E-8FAD-9886FC06BEF7,2013-12-20 00:00:00.000
6779,5974,caroline8@adventure-works.com,2EA502DD-7FAA-445D-867B-6D03FF84E20D,2013-07-14 00:00:00.000
6780,5975,tyrone1@adventure-works.com,939D417F-CBE7-4307-A1FF-51CF01AB23F5,2013-09-18 00:00:00.000
6781,5976,caroline9@adventure-works.com,035B831A-2882-4AED-A601-19AF04244422,2013-11-12 00:00:00.000
6782,5977,tyrone2@adventure-works.com,499D9287-E76E-43D3-9D01-A9DF730A6344,2013-08-14 00:00:00.000
6783,5978,tyrone3@adventure-works.com,7D066ABF-CFDC-444D-A628-9123A1BC2559,2012-09-11 00:00:00.000
6784,5979,caroline10@adventure-works.com,37020D8B-3C50-475D-84F0-84125E476708,2011-12-04 00:00:00.000
6785,5980,caroline11@adventure-works.com,1D868F58-3ED6-4DF4-8EF4-1D4FD8FF289C,2014-04-06 00:00:00.000
6786,5981,tyrone4@adventure-works.com,CFF19625-FE44-4D87-99DC-20CBA3457769,2014-02-10 00:00:00.000
6787,5982,caroline12@adventure-works.com,8BA45163-8764-4926-9AA3-83B6F9811024,2013-08-06 00:00:00.000
6788,5983,clarence7@adventure-works.com,8D960AAB-AC8A-457E-B9EF-768A0331C1BD,2011-11-22 00:00:00.000
6789,5984,tyrone5@adventure-works.com,0E554A0D-E09A-4C41-B4B3-6D472FC56F27,2014-03-05 00:00:00.000
6790,5985,caroline13@adventure-works.com,EE11B43F-1F4D-4387-ACFD-1992DB03486A,2013-10-05 00:00:00.000
6791,5986,tyrone6@adventure-works.com,E277A73F-9C94-4885-B742-4A616519E958,2012-12-22 00:00:00.000
6792,5987,caroline14@adventure-works.com,15F91495-F9A3-405F-8F45-8722226FAAB9,2012-01-10 00:00:00.000
6793,5988,caroline15@adventure-works.com,E883A00B-A262-479C-AD5B-2D75841BA2C7,2012-03-26 00:00:00.000
6794,5989,caroline16@adventure-works.com,9535DAB9-0489-47D4-8902-249FEDFF65F3,2013-04-08 00:00:00.000
6795,5990,tyrone7@adventure-works.com,0DA0F50B-4F38-4723-B670-CDB78ADD7040,2014-05-15 00:00:00.000
6796,5991,caroline17@adventure-works.com,9DCF46B9-B273-40A5-9A51-2D84A17F2A47,2012-10-26 00:00:00.000
6797,5992,caroline18@adventure-works.com,07E94473-6118-495F-B02D-BD2B8A45233B,2013-05-13 00:00:00.000
6798,5993,tyrone8@adventure-works.com,16ED83B6-99A3-4A4B-B505-23C594F5A9C4,2014-03-19 00:00:00.000
6799,5994,caroline19@adventure-works.com,97CFF67C-F1C2-415D-9B60-52DBA40539C2,2011-11-10 00:00:00.000
6800,5995,caroline20@adventure-works.com,36A2972C-F894-4EA8-B2DB-4BDADD0543DC,2014-04-18 00:00:00.000
6801,5996,caroline21@adventure-works.com,B250F98E-2227-4A25-90EC-CA8421DC73AA,2014-05-11 00:00:00.000
6802,5997,tyrone9@adventure-works.com,4E16E863-CBA4-4779-8262-0946EA723317,2011-08-27 00:00:00.000
6803,5998,caroline22@adventure-works.com,B96A5D14-606E-4FF9-A366-C6127BC8623D,2011-09-29 00:00:00.000
6804,5999,tyrone10@adventure-works.com,D2C6F48D-DBF2-41E5-8AAD-B546488CCF4A,2014-02-05 00:00:00.000
6805,6000,tyrone11@adventure-works.com,A0B0CDCE-4219-4F56-8CAE-003311004AF5,2011-09-09 00:00:00.000
6806,6001,caroline23@adventure-works.com,D8DBF43D-1B0A-4334-BA6E-158BA3783AD4,2014-01-19 00:00:00.000
6807,6002,cassidy0@adventure-works.com,C6C9A62C-127D-408B-BB78-9FD70DB3A804,2013-10-19 00:00:00.000
6808,6003,tyrone12@adventure-works.com,30B3AB2D-C864-4F1C-8947-0E9230A2476E,2011-09-21 00:00:00.000
6809,6004,cassidy1@adventure-works.com,1BD849C6-1D28-468F-8FA1-CFF1B0CE880F,2013-09-03 00:00:00.000
6810,6005,clarence8@adventure-works.com,1C5ADD76-934C-495E-BC6C-E8D1646CB028,2012-03-26 00:00:00.000
6811,6006,tyrone13@adventure-works.com,E10C0062-D2D5-4D33-80CB-5E48EEE6234A,2014-01-02 00:00:00.000
6812,6007,cassidy2@adventure-works.com,EBB47264-BDA7-4380-8CCE-F5C9EFBFBBDD,2013-01-17 00:00:00.000
6813,6008,cassidy3@adventure-works.com,76942450-8A16-4671-91C4-209B47F2EC38,2013-11-26 00:00:00.000
6814,6009,tyrone14@adventure-works.com,88CDB64E-FEF4-4C4B-A5AF-4BCD11814C13,2013-04-25 00:00:00.000
6815,6010,cassidy4@adventure-works.com,A91C3CFD-913C-4435-AB70-7518ED62B919,2013-04-23 00:00:00.000
6816,6011,cassidy5@adventure-works.com,8EB36DA2-0088-4A1E-8409-5CAB56912EC4,2012-07-12 00:00:00.000
6817,6012,cassidy6@adventure-works.com,7B0FF7CC-3B06-4ED3-B7A7-EB57946A7BAE,2011-08-20 00:00:00.000
6818,6013,cassidy7@adventure-works.com,C619D317-CFDF-493C-9186-CE9CF7A77281,2014-06-10 00:00:00.000
6819,6014,tyrone15@adventure-works.com,13203032-9973-4827-B644-A93A1CB05DBA,2011-11-27 00:00:00.000
6820,6015,tyrone16@adventure-works.com,B269E6D9-818F-4BD5-9A87-4074D057CF82,2013-03-06 00:00:00.000
6821,6016,tyrone17@adventure-works.com,EACAEC5F-B361-47EB-AE16-8B3CEE22FB7B,2014-04-22 00:00:00.000
6822,6017,cassidy8@adventure-works.com,511EC9DA-BB3E-46E6-9F0E-7B826EDC7F98,2013-08-17 00:00:00.000
6823,6018,cassidy9@adventure-works.com,F85FC3D5-34F6-44A7-B0E4-CDB17F10A09C,2013-08-08 00:00:00.000
6824,6019,cassidy10@adventure-works.com,701F98A4-61B3-41E4-90EF-CC0FB112324B,2014-01-25 00:00:00.000
6825,6020,cassidy11@adventure-works.com,F33D38F2-65C0-47D6-A5F3-32D95FC58798,2014-03-07 00:00:00.000
6826,6021,tyrone18@adventure-works.com,97C2CAD4-078C-443A-BC32-3566A46160F3,2012-08-09 00:00:00.000
6827,6022,cassidy12@adventure-works.com,FD05D630-0D85-44DF-AD90-3CEE12042DAD,2014-03-08 00:00:00.000
6828,6023,cassidy13@adventure-works.com,4E3E587E-AB82-4B7E-A095-A0231B0A00AF,2013-12-02 00:00:00.000
6829,6024,tyrone19@adventure-works.com,B3C9C91C-74D1-47B6-8552-02C7A4D8D293,2014-01-21 00:00:00.000
6830,6025,tyrone20@adventure-works.com,C17F8752-AADF-4694-A882-8031B85E780C,2013-01-17 00:00:00.000
6831,6026,tyrone21@adventure-works.com,F35FBDF6-7EDE-47DA-995D-A196CA6EF931,2012-07-30 00:00:00.000
6832,6027,neil1@adventure-works.com,23961C07-201F-4E80-AE1C-D4450F3108BC,2013-09-08 00:00:00.000
6833,6028,cassidy14@adventure-works.com,905DF530-2BEC-42DB-94FC-A0699906C687,2013-07-07 00:00:00.000
6834,6029,cassidy15@adventure-works.com,315CDEE8-BB11-4455-AC37-451CA9A7F9FB,2014-05-02 00:00:00.000
6835,6030,neil2@adventure-works.com,FE657940-E123-4DA3-A737-35E3B7B1AA35,2014-03-14 00:00:00.000
6836,6031,neil3@adventure-works.com,F8160043-DC2A-4421-9A35-1DD9FF5C61F3,2013-11-18 00:00:00.000
6837,6032,cassidy16@adventure-works.com,70CF5275-BF20-4961-B5B9-B0FDA41EDC3A,2014-03-24 00:00:00.000
6838,6033,cassidy17@adventure-works.com,05D04FF3-61AF-4F33-85BE-B9C0D547C7F1,2014-04-24 00:00:00.000
6839,6034,neil4@adventure-works.com,23290911-B342-4F4B-AD84-14380D81184B,2013-10-26 00:00:00.000
6840,6035,cassidy18@adventure-works.com,2053DA35-CB6F-4045-9405-4A5FEE7F1D32,2014-03-08 00:00:00.000
6841,6036,cassidy19@adventure-works.com,4FB3C046-49BC-4301-A3B5-CB15D70174A3,2012-06-01 00:00:00.000
6842,6037,neil5@adventure-works.com,F418AD4B-C968-4E67-B20C-B3B4E97EA66A,2014-03-18 00:00:00.000
6843,6038,cassidy20@adventure-works.com,B9A18CE0-10E8-4E3B-8ADC-8830B881F6D3,2014-03-30 00:00:00.000
6844,6039,neil6@adventure-works.com,8030F92D-9D49-4207-85E8-A376F93E8F69,2014-02-08 00:00:00.000
6845,6040,cassidy21@adventure-works.com,2F0B3F67-434C-48E7-8D1A-C904C7ECA49A,2013-10-05 00:00:00.000
6846,6041,cassidy22@adventure-works.com,10F71F1A-0B8B-4979-A242-0456F26E8631,2012-10-26 00:00:00.000
6847,6042,cassidy23@adventure-works.com,C4D2425E-BD85-49CC-BAAC-06ABA4AA6E66,2013-11-28 00:00:00.000
6848,6043,cassidy24@adventure-works.com,05BD8584-2467-4FB7-A1B6-551E2DD103DD,2013-10-20 00:00:00.000
6849,6044,neil7@adventure-works.com,80D3C640-DD5F-4403-8583-DB15680403CC,2014-03-19 00:00:00.000
6850,6045,jordyn0@adventure-works.com,F44E4C9F-7092-4F3C-ABB5-653F72003CF8,2011-10-26 00:00:00.000
6851,6046,neil8@adventure-works.com,37258E23-1983-4BA6-821F-1CED104655E4,2014-04-15 00:00:00.000
6852,6047,clarence9@adventure-works.com,6E401053-BDA9-45CB-971B-AD3158C7B62B,2014-03-27 00:00:00.000
6853,6048,neil9@adventure-works.com,6FA0D842-2B43-4F1F-A085-FEC3DE63DA45,2014-02-13 00:00:00.000
6854,6049,jordyn1@adventure-works.com,B29C3ECF-F473-4F4A-A74D-F6AAB8FD4C60,2013-07-19 00:00:00.000
6855,6050,jordyn2@adventure-works.com,3467AA3C-7401-4AC4-BB20-F51182B1AD8A,2014-05-25 00:00:00.000
6856,6051,neil10@adventure-works.com,63BB9C17-B70F-4B4D-AD8D-C2642648AF08,2014-02-08 00:00:00.000
6857,6052,jordyn3@adventure-works.com,AE526F95-8B7A-48C3-8783-253AAC34FF95,2014-03-17 00:00:00.000
6858,6053,neil11@adventure-works.com,E947A490-1AD3-49BC-90CE-51CC62B9B7B9,2013-07-02 00:00:00.000
6859,6054,neil12@adventure-works.com,E90136DC-29C1-4602-816B-758742F37288,2013-02-14 00:00:00.000
6860,6055,jordyn4@adventure-works.com,5513DD5E-D867-4504-829D-4575B6FE5C1F,2013-11-27 00:00:00.000
6861,6056,jordyn5@adventure-works.com,9C328F79-E5C6-4E9F-A652-1378BCA0A34D,2012-07-24 00:00:00.000
6862,6057,neil13@adventure-works.com,72497FE2-9E17-4377-A6B2-3EA3040518C5,2013-07-07 00:00:00.000
6863,6058,jordyn6@adventure-works.com,9C15520D-325D-4A54-BA51-56E75BE9E189,2011-11-29 00:00:00.000
6864,6059,neil14@adventure-works.com,809084C0-9057-42FB-AB1B-5C6965DF1A2E,2013-10-14 00:00:00.000
6865,6060,neil15@adventure-works.com,57CD399D-5D9F-4829-8884-FE59CEFE0B48,2014-01-10 00:00:00.000
6866,6061,jordyn7@adventure-works.com,37388F04-4B29-405F-A2E7-FB6B95A6FB3A,2012-11-17 00:00:00.000
6867,6062,jordyn8@adventure-works.com,ED0C0562-54EE-4DE6-A72D-5DC192878DE5,2013-11-26 00:00:00.000
6868,6063,jordyn9@adventure-works.com,49CF0219-CD59-42ED-8A7C-930D56CC9B03,2014-01-22 00:00:00.000
6869,6064,neil16@adventure-works.com,A24C4229-2FF8-4678-AF39-DFCB32D1143D,2014-02-23 00:00:00.000
6870,6065,jordyn10@adventure-works.com,308AFA5C-28FE-4394-89B2-15B4AC40B034,2014-06-14 00:00:00.000
6871,6066,neil17@adventure-works.com,37D59368-D9B7-45C9-88AD-D2B042659462,2014-06-25 00:00:00.000
6872,6067,jordyn11@adventure-works.com,DB6778E4-30CA-40E8-924B-F9FC9FC16163,2013-09-24 00:00:00.000
6873,6068,jordyn12@adventure-works.com,00DFA6AB-8B21-4C5F-8221-8C27FBD60C5C,2012-07-18 00:00:00.000
6874,6069,clarence10@adventure-works.com,D900F187-A79F-4496-9C3C-1696E4D81261,2013-08-13 00:00:00.000
6875,6070,neil18@adventure-works.com,74008B8A-E35D-4AAE-8CA5-1619A11D9F28,2014-01-12 00:00:00.000
6876,6071,jordyn13@adventure-works.com,BBE52F25-83EE-44EA-8A60-2E0C9CB2B2DB,2013-05-18 00:00:00.000
6877,6072,jordyn14@adventure-works.com,F111AD5F-C5FD-4CC2-B89E-6A1E8446095C,2012-06-12 00:00:00.000
6878,6073,neil19@adventure-works.com,6889E1DD-F932-42F4-B41F-97CE7946168F,2014-01-27 00:00:00.000
6879,6074,neil20@adventure-works.com,454EC36D-6250-408D-896D-234B8D8819F0,2014-04-20 00:00:00.000
6880,6075,jordyn15@adventure-works.com,3D63DE1F-C8BD-48F8-8506-FBFCE410E0C4,2011-06-26 00:00:00.000
6881,6076,neil21@adventure-works.com,325BC57C-371D-4137-8F6F-63F48D07D98A,2013-11-09 00:00:00.000
6882,6077,jordyn16@adventure-works.com,089E9AAA-3A22-4F0D-9AD8-11C67CE178AE,2014-04-23 00:00:00.000
6883,6078,marvin1@adventure-works.com,4CB4AAA5-ADFF-4758-892F-AA1060FB8980,2013-09-21 00:00:00.000
6884,6079,marvin2@adventure-works.com,D5A99683-C252-41C7-BEDE-E78EC43A201F,2014-03-11 00:00:00.000
6885,6080,jordyn17@adventure-works.com,DA3ACAF3-B2C7-48CE-ADCA-2C9A5AB97E56,2012-05-22 00:00:00.000
6886,6081,marvin3@adventure-works.com,5A58C57D-532A-4F35-9001-D65F86897EEE,2013-07-02 00:00:00.000
6887,6082,marvin4@adventure-works.com,9927E037-4AA5-4197-81AC-F38FBEE2EC69,2013-08-23 00:00:00.000
6888,6083,jordyn18@adventure-works.com,A919E8A2-B283-4D51-AB09-78413726E597,2014-04-14 00:00:00.000
6889,6084,marvin5@adventure-works.com,E5451911-45B3-4F3D-BAFB-D8AEE8C17973,2013-02-05 00:00:00.000
6890,6085,jordyn19@adventure-works.com,BBE08E69-79FE-4FBB-BE8A-A120640FDD64,2014-01-06 00:00:00.000
6891,6086,jordyn20@adventure-works.com,FF40B2F3-F4BE-4116-A187-A19CBB9B286C,2014-03-24 00:00:00.000
6892,6087,clarence11@adventure-works.com,9276EF0D-16B2-4CCD-84A6-D1AA9E6B9E2A,2013-11-23 00:00:00.000
6893,6088,marvin6@adventure-works.com,565D8F6A-6C66-4DA5-B81D-8C5E18B96620,2014-06-16 00:00:00.000
6894,6089,brandon1@adventure-works.com,D179838A-6750-4921-A395-A0B1968D1530,2013-01-16 00:00:00.000
6895,6090,brandon2@adventure-works.com,53514E9C-4071-4F1D-8F6E-67AC4CEEA1A0,2013-12-09 00:00:00.000
6896,6091,marvin7@adventure-works.com,C6ACEBC1-7820-44F5-B988-D9FFD198F693,2012-03-25 00:00:00.000
6897,6092,marvin8@adventure-works.com,F68DC180-6F71-42BF-8E0C-ABC96D014054,2014-04-30 00:00:00.000
6898,6093,brandon3@adventure-works.com,546C4B2A-CECB-40D6-822D-45232A7C1FB4,2014-05-12 00:00:00.000
6899,6094,brandon4@adventure-works.com,0CEA194F-4F35-4E02-B459-00889E67EE4A,2013-08-26 00:00:00.000
6900,6095,marvin9@adventure-works.com,08DA983A-7F87-4F12-AFF0-89BC45D7EF59,2014-01-11 00:00:00.000
6901,6096,brandon5@adventure-works.com,E7E0184C-7DE4-4C6A-93F2-85AD097B5AB7,2014-04-12 00:00:00.000
6902,6097,brandon6@adventure-works.com,E080BBD7-8A1A-41F9-8899-01F896BA816D,2014-01-03 00:00:00.000
6903,6098,marvin10@adventure-works.com,4A0B1153-42D1-48A9-9572-3FF4DF3EDBB9,2012-09-23 00:00:00.000
6904,6099,brandon7@adventure-works.com,B9C5013D-91B9-4937-9AAA-EFF30E07E73D,2014-03-26 00:00:00.000
6905,6100,marvin11@adventure-works.com,EC102CFF-D8C8-4238-80FC-7942283F5CDD,2012-04-26 00:00:00.000
6906,6101,brandon8@adventure-works.com,175CCE4D-41ED-43BF-AA04-16CBD1F5C2D0,2013-10-13 00:00:00.000
6907,6102,marvin12@adventure-works.com,AF9E8035-6952-4C90-A879-F17653E4208C,2014-02-28 00:00:00.000
6908,6103,brandon9@adventure-works.com,11A31A90-C52F-47F9-817F-24032CEA3349,2014-03-01 00:00:00.000
6909,6104,brandon10@adventure-works.com,B78053E6-C70E-46F1-91AF-A6F78EDABA8F,2013-12-07 00:00:00.000
6910,6105,brandon11@adventure-works.com,06EB47C1-EEA7-46CC-9301-7FBB634F1007,2014-04-30 00:00:00.000
6911,6106,brandon12@adventure-works.com,00F6D81F-C5C3-4282-A9DD-015FC7075E14,2014-01-12 00:00:00.000
6912,6107,marvin13@adventure-works.com,D90B486E-6961-4343-8D25-C208B9D4F80C,2014-03-31 00:00:00.000
6913,6108,brandon13@adventure-works.com,53FAFE32-CB23-4D58-AD14-AD7EBA7A4F92,2014-06-27 00:00:00.000
6914,6109,brandon14@adventure-works.com,FF047122-EDC1-4363-95AB-2235C3494456,2011-11-22 00:00:00.000
6915,6110,marvin14@adventure-works.com,F5D821CB-C31E-41EF-8E4B-22F5269983D3,2013-09-18 00:00:00.000
6916,6111,brandon15@adventure-works.com,CB51C816-3FC2-438C-A5C2-7A7B2C6BBBEE,2013-12-13 00:00:00.000
6917,6112,clarence12@adventure-works.com,18F16340-73D0-466D-9F40-8D4E36103CFC,2014-05-09 00:00:00.000
6918,6113,marvin15@adventure-works.com,6C76E09B-A6BC-4B83-BE05-D18239AFDB81,2013-09-21 00:00:00.000
6919,6114,brandon16@adventure-works.com,F0C7293E-E5D2-4B3B-98A2-FFE7F539A262,2013-09-06 00:00:00.000
6920,6115,marvin16@adventure-works.com,18177CF1-ADAC-475A-911F-627092A992E6,2011-10-06 00:00:00.000
6921,6116,brandon17@adventure-works.com,A52D4BBF-3D4D-4575-9839-0968D60F44A7,2013-07-06 00:00:00.000
6922,6117,marvin17@adventure-works.com,68791701-867D-41A0-A796-FB5CCC84E4B7,2014-04-06 00:00:00.000
6923,6118,brandon18@adventure-works.com,A3AD5ADC-9696-47A5-8F1E-AFB5CBE09765,2013-07-28 00:00:00.000
6924,6119,brandon19@adventure-works.com,DEA66C08-26DE-4283-9BBD-D054DB7CA931,2013-12-16 00:00:00.000
6925,6120,marvin18@adventure-works.com,3131BB33-8ABB-4BF5-80F7-190D2711DF7D,2014-06-27 00:00:00.000
6926,6121,marvin19@adventure-works.com,2A4BA4FC-4E52-48AA-AD86-139A78FE10E1,2013-11-02 00:00:00.000
6927,6122,marvin20@adventure-works.com,A05A55FD-0281-4FD8-861A-3603E3D6EAD6,2012-01-10 00:00:00.000
6928,6123,marvin21@adventure-works.com,95F8B5E7-0B97-47C8-9CA2-5297D1450FD3,2013-09-06 00:00:00.000
6929,6124,brandon20@adventure-works.com,52F73EF9-DF6D-4CB8-9228-FAC2A58E1FE2,2011-12-24 00:00:00.000
6930,6125,marvin22@adventure-works.com,C13B4AE7-3508-4551-A4F7-73D64A362D61,2014-05-11 00:00:00.000
6931,6126,brandon21@adventure-works.com,E193FED3-AC38-47F9-9CF7-7C7883B83D0A,2013-11-16 00:00:00.000
6932,6127,armando0@adventure-works.com,636BF358-F88E-491A-95CC-D448B4350D25,2013-11-25 00:00:00.000
6933,6128,brandon22@adventure-works.com,928E03F2-EC55-4554-8F84-B1159258F7FD,2014-04-12 00:00:00.000
6934,6129,clarence13@adventure-works.com,2F4B1928-E58C-444D-B03F-69684DC53A14,2014-02-10 00:00:00.000
6935,6130,armando1@adventure-works.com,40B84A69-B445-456B-9156-511DBF5CC1C6,2013-12-21 00:00:00.000
6936,6131,armando2@adventure-works.com,A775BCD5-B27E-472D-8B61-B394BA420BC9,2014-01-23 00:00:00.000
6937,6132,armando3@adventure-works.com,9C54B062-36D4-4A02-A919-42323B2DA7F0,2013-03-20 00:00:00.000
6938,6133,brandon23@adventure-works.com,92D44E73-1A8F-473B-A866-969D7D095C71,2014-05-25 00:00:00.000
6939,6134,brandon24@adventure-works.com,5500DA22-7FED-4C1D-8FCC-50CACE933B60,2013-09-06 00:00:00.000
6940,6135,brandon25@adventure-works.com,FFCE5B05-FD58-481B-9ADA-C85EAFA9784A,2014-05-15 00:00:00.000
6941,6136,armando4@adventure-works.com,9572C50C-20EF-417A-910B-AFED97AD5210,2012-08-13 00:00:00.000
6942,6137,armando5@adventure-works.com,AC66E738-B3A2-4193-8999-3AEB89575250,2013-03-29 00:00:00.000
6943,6138,brandon26@adventure-works.com,88BF1615-7127-4556-BD6D-60AEB78470EA,2013-01-18 00:00:00.000
6944,6139,brandon27@adventure-works.com,C0DE9FEB-DBF4-4D11-8709-121047DB24E9,2014-05-28 00:00:00.000
6945,6140,brandon28@adventure-works.com,9DAEBA89-39D2-4836-83B8-5A4320D41EB9,2012-11-12 00:00:00.000
6946,6141,armando6@adventure-works.com,9E618A63-CFA1-4C06-99F4-397EE40D4C2D,2011-06-23 00:00:00.000
6947,6142,armando7@adventure-works.com,CE0EC404-F5F9-4A92-AC65-8DD6EE22085A,2014-01-09 00:00:00.000
6948,6143,dylan3@adventure-works.com,EA2D694A-85B0-4660-A541-22524E41D45E,2014-03-21 00:00:00.000
6949,6144,armando8@adventure-works.com,9F2ADD8D-4327-4497-8351-037852669D75,2012-12-01 00:00:00.000
6950,6145,armando9@adventure-works.com,05EC06FC-C4B6-4BF2-AE35-1F6E99D58E5B,2014-02-24 00:00:00.000
6951,6146,dylan4@adventure-works.com,1C2218AA-805F-4054-B5D5-7EC87FEFCC76,2014-04-18 00:00:00.000
6952,6147,clarence14@adventure-works.com,0061F74D-320A-4781-BDBA-C64236DA9EBF,2013-11-07 00:00:00.000
6953,6148,armando10@adventure-works.com,6B3F20EE-525A-4A3C-938A-B90618153135,2011-06-27 00:00:00.000
6954,6149,dylan5@adventure-works.com,C5D304E9-048F-4BF3-95B0-A7963ABA51F0,2013-12-27 00:00:00.000
6955,6150,dylan6@adventure-works.com,E61C3110-D737-433D-AC6B-7CA1F7A6ACEE,2014-01-07 00:00:00.000
6956,6151,armando11@adventure-works.com,9ACBF42E-20CA-4A5A-8DE5-972B6D7E532C,2013-10-17 00:00:00.000
6957,6152,armando12@adventure-works.com,6E22F6D4-0A13-4287-B261-9B46021A2F67,2013-11-13 00:00:00.000
6958,6153,dylan7@adventure-works.com,A414F08C-1C72-4583-8ABF-E03661049D8F,2014-06-19 00:00:00.000
6959,6154,dylan8@adventure-works.com,2942B6E8-7585-4BB0-A7F2-E41635E223B5,2012-11-17 00:00:00.000
6960,6155,armando13@adventure-works.com,1C65F601-8615-4C81-B66A-57AA0566145E,2012-01-02 00:00:00.000
6961,6156,armando14@adventure-works.com,B04208E9-4471-47A1-AF1A-FB094620718C,2013-12-18 00:00:00.000
6962,6157,dylan9@adventure-works.com,22A24650-9848-44B3-901B-36DAF0C13316,2014-04-06 00:00:00.000
6963,6158,armando15@adventure-works.com,0A27F2F7-C7B4-412B-9FE1-FA97DA119D2D,2012-10-07 00:00:00.000
6964,6159,dylan10@adventure-works.com,F0F83C1D-7119-403C-8F95-A969BD8171AC,2014-02-26 00:00:00.000
6965,6160,armando16@adventure-works.com,B03A603F-C0FB-4F69-B507-1AE22DCA878E,2014-05-18 00:00:00.000
6966,6161,dylan11@adventure-works.com,80B7DD1D-CF4A-40FA-AFD3-303A351AAB0D,2014-03-10 00:00:00.000
6967,6162,dylan12@adventure-works.com,A9F7B530-1E57-4418-9F96-CF4BF5758625,2013-11-22 00:00:00.000
6968,6163,dylan13@adventure-works.com,B8E163B4-0F48-4202-AB72-8E58CD708C92,2013-08-18 00:00:00.000
6969,6164,dylan14@adventure-works.com,90E42A8E-6C78-4E1E-8F8D-8B01CF5159E6,2013-07-10 00:00:00.000
6970,6165,dylan15@adventure-works.com,D06BA9FF-6266-4968-ACA3-E9AE2527651D,2013-08-26 00:00:00.000
6971,6166,armando17@adventure-works.com,31AFBDED-4ED6-4FD2-BB08-0AC38EDB7259,2014-01-01 00:00:00.000
6972,6167,dylan16@adventure-works.com,A5791EB4-61CE-4F39-AA0F-BA6125084E95,2014-04-11 00:00:00.000
6973,6168,dylan17@adventure-works.com,0C707CAD-16E6-4A41-A722-5CF06635396A,2011-10-28 00:00:00.000
6974,6169,armando18@adventure-works.com,2EEEE666-3D27-4271-9DB3-AFB7645CAD06,2013-07-25 00:00:00.000
6975,6170,dylan18@adventure-works.com,3B7C1A44-DAFD-491C-AC5C-50C5503DCB30,2013-11-14 00:00:00.000
6976,6171,dylan19@adventure-works.com,7770CBB5-B80D-46FD-9DC5-FEC1B42727BA,2013-11-16 00:00:00.000
6977,6172,clarence15@adventure-works.com,830FA94C-C2BC-4FD2-867F-5E27E9D75FEA,2013-09-26 00:00:00.000
6978,6173,armando19@adventure-works.com,6A2EB5D2-3FED-4483-9A40-532CD3628E94,2014-01-05 00:00:00.000
6979,6174,armando20@adventure-works.com,4DE283E2-0FAA-4A58-A6BE-D1F86BB747E8,2013-09-13 00:00:00.000
6980,6175,armando21@adventure-works.com,B6F09BF5-2623-4877-AE84-D0F284397B15,2013-08-16 00:00:00.000
6981,6176,dylan20@adventure-works.com,F5DEA968-24E0-48CB-B990-55707235C711,2013-11-02 00:00:00.000
6982,6177,dylan21@adventure-works.com,8EDFAA00-1C3B-485A-8A35-AEE47533FFB0,2013-07-28 00:00:00.000
6983,6178,dylan22@adventure-works.com,B98F078D-171E-4017-BD79-71E2F8540055,2013-10-02 00:00:00.000
6984,6179,armando22@adventure-works.com,4E947DE9-E564-4349-9540-C78B3849EB0A,2013-08-27 00:00:00.000
6985,6180,dylan23@adventure-works.com,48E9D29C-05D4-4322-B30E-0A3A37B2AC9F,2013-07-26 00:00:00.000
6986,6181,dylan24@adventure-works.com,E5143CF3-F20B-4CF6-8F45-1984C7FACABC,2013-12-03 00:00:00.000
6987,6182,dylan25@adventure-works.com,7FBEC762-2636-4F3C-8656-558255B89024,2013-07-01 00:00:00.000
6988,6183,dylan26@adventure-works.com,0ED45D1C-DD91-4635-BA5F-9E304BF7967A,2013-09-12 00:00:00.000
6989,6184,julio0@adventure-works.com,35E9ECA1-A54C-4F46-ACED-1C72904BFD10,2013-10-13 00:00:00.000
6990,6185,julio1@adventure-works.com,F09E8410-4D5F-4CCF-B735-85BB77336CF2,2011-06-01 00:00:00.000
6991,6186,julio2@adventure-works.com,DF3D483F-C780-470D-BA06-56B2909CA8D5,2013-07-01 00:00:00.000
6992,6187,julio3@adventure-works.com,2443F5A3-9530-4FF2-B49C-62E3B74E6C1F,2013-12-07 00:00:00.000
6993,6188,dylan27@adventure-works.com,7016393A-B13C-4985-9826-ACE145DBC585,2013-08-07 00:00:00.000
6994,6189,julio4@adventure-works.com,EC46B4B7-1EE5-4729-AB25-653D4DB311CE,2014-05-01 00:00:00.000
6995,6190,clarence16@adventure-works.com,322ADCAA-98D0-4891-91DF-9FEA60BE2523,2012-09-19 00:00:00.000
6996,6191,julio5@adventure-works.com,579A2E4B-EC0B-4797-9F84-99E1751B3453,2013-02-01 00:00:00.000
6997,6192,julio6@adventure-works.com,36A545B1-129A-4365-87A5-F9A201883419,2013-05-07 00:00:00.000
6998,6193,julio7@adventure-works.com,B968E33F-C2B9-466C-8F36-E7459F6D7D1A,2014-03-09 00:00:00.000
6999,6194,dylan28@adventure-works.com,BD8B0537-770B-42A1-BAB8-0EEAB98E2397,2013-11-16 00:00:00.000
7000,6195,julio8@adventure-works.com,D744F9FC-A6D6-4860-9671-ED23D82EA198,2013-11-24 00:00:00.000
7001,6196,julio9@adventure-works.com,4EB23120-3C0B-4004-9AD0-9BC9E1B15CAF,2012-10-08 00:00:00.000
7002,6197,julio10@adventure-works.com,2D36062E-59F2-46FB-8068-D7ACB0ED60FF,2012-01-19 00:00:00.000
7003,6198,dylan29@adventure-works.com,94056596-3D9E-4B22-AC72-112FC925DF71,2014-03-03 00:00:00.000
7004,6199,dylan30@adventure-works.com,262578BA-AD4C-46BD-915C-6CB120BE720E,2013-09-19 00:00:00.000
7005,6200,dylan31@adventure-works.com,9A5A1969-43A7-4CE1-86B4-CE2AA8E66082,2013-11-27 00:00:00.000
7006,6201,julio11@adventure-works.com,5D71DED5-9491-453D-AE52-142A6E2365A0,2013-09-19 00:00:00.000
7007,6202,zachary2@adventure-works.com,51BED262-AEDD-426F-BB7F-AAEE2ACF2EE6,2014-05-26 00:00:00.000
7008,6203,zachary3@adventure-works.com,F7B4CB6D-031C-491B-83C5-DB1FC252F0E9,2013-10-02 00:00:00.000
7009,6204,julio12@adventure-works.com,731BC1BA-4201-4546-A046-C84C7D012366,2014-03-13 00:00:00.000
7010,6205,julio13@adventure-works.com,A496E648-50A3-46BF-B56E-B8F565FFA7C4,2012-11-22 00:00:00.000
7011,6206,julio14@adventure-works.com,1FAB796E-83AF-4A2F-A997-DAABC2CAA610,2014-05-07 00:00:00.000
7012,6207,zachary4@adventure-works.com,53DEE755-64A7-4964-96A4-CBA3CABD1971,2014-06-21 00:00:00.000
7013,6208,zachary5@adventure-works.com,75980D65-9621-46D2-97DA-2FD2FA8BE1AF,2014-04-05 00:00:00.000
7014,6209,clarence17@adventure-works.com,5212FB87-C878-46C7-908B-D3A3F92B5BCA,2013-09-16 00:00:00.000
7015,6210,julio15@adventure-works.com,AABC7466-50BE-4D02-9AD9-CA46761E4138,2012-05-11 00:00:00.000
7016,6211,zachary6@adventure-works.com,5D700415-77C8-42AA-AF56-D5E27AC05CF6,2014-01-27 00:00:00.000
7017,6212,zachary7@adventure-works.com,8C1A93F7-D460-4648-AF1B-E9B3ADE7543F,2013-11-10 00:00:00.000
7018,6213,julio16@adventure-works.com,9342454F-F13D-4605-84F0-2EEA8A36D47E,2014-02-01 00:00:00.000
7019,6214,julio17@adventure-works.com,99552F86-00DE-405B-8884-DD2224A5EC25,2012-05-01 00:00:00.000
7020,6215,zachary8@adventure-works.com,D8EB500B-0CF0-4EDA-B59E-13BE60ECD9A3,2014-04-27 00:00:00.000
7021,6216,julio18@adventure-works.com,0F23C4D2-904B-471E-A697-25D500A2FC5A,2014-01-09 00:00:00.000
7022,6217,julio19@adventure-works.com,E500C8AC-07D4-47BD-9E0D-394956776998,2013-05-15 00:00:00.000
7023,6218,zachary9@adventure-works.com,E6C1BDA8-6096-46D8-B83A-C410A3C8E4E2,2012-06-08 00:00:00.000
7024,6219,zachary10@adventure-works.com,90F38C4F-2F3C-4434-ADFC-C3948398E121,2013-12-03 00:00:00.000
7025,6220,julio20@adventure-works.com,03D1BAAC-6DEC-4F1D-BDC8-2865148CD79A,2012-01-10 00:00:00.000
7026,6221,julio21@adventure-works.com,120254E7-6290-489C-9467-4A68EF5C1DD5,2012-07-23 00:00:00.000
7027,6222,zachary11@adventure-works.com,3FA8C136-24B3-475D-B921-C9A8385C8115,2012-02-23 00:00:00.000
7028,6223,julio22@adventure-works.com,1E8AEB45-0800-4FFD-AC9E-770AD4F1E5E8,2013-04-22 00:00:00.000
7029,6224,zachary12@adventure-works.com,B768C3F2-F9AE-4E6F-ADAC-1F3C24A26BF3,2013-08-15 00:00:00.000
7030,6225,zachary13@adventure-works.com,A97ED176-12C1-44E5-BFFA-CA05606E4F32,2013-07-12 00:00:00.000
7031,6226,julio23@adventure-works.com,B05939E0-601F-4B0B-BF81-0F2A7D7A7627,2012-02-04 00:00:00.000
7032,6227,zachary14@adventure-works.com,C55AE8DB-6B6A-4AC6-91EE-D1730C5704ED,2013-12-28 00:00:00.000
7033,6228,zachary15@adventure-works.com,37F71986-BC82-4772-9710-66686492CDB5,2014-06-19 00:00:00.000
7034,6229,jaime1@adventure-works.com,4E2A6255-17DB-47D4-B4D4-33A7679C61F0,2013-11-01 00:00:00.000
7035,6230,zachary16@adventure-works.com,D214F138-C1B2-4C32-B2AD-7879F5BC1797,2013-05-29 00:00:00.000
7036,6231,zachary17@adventure-works.com,61C1BB69-BD1E-45A7-88F7-3CA41D1345EA,2013-11-05 00:00:00.000
7037,6232,jaime2@adventure-works.com,D8F7F551-0336-46F8-8F41-B62EF7BAF616,2013-06-02 00:00:00.000
7038,6233,zachary18@adventure-works.com,920C29AB-0CFD-429F-B943-372D935906AD,2014-02-08 00:00:00.000
7039,6234,zachary19@adventure-works.com,413DB951-2B75-4F8B-94E0-D5E1C3B5FA29,2013-11-27 00:00:00.000
7040,6235,zachary20@adventure-works.com,70288244-9182-43A7-81F8-D0E9A67E99B4,2013-11-09 00:00:00.000
7041,6236,zachary21@adventure-works.com,5815274C-27AA-4AB7-8EA4-35E99DCEDD3F,2014-02-25 00:00:00.000
7042,6237,jaime3@adventure-works.com,EE84A5E2-C7F1-4584-8976-03BF0F564AF4,2013-01-03 00:00:00.000
7043,6238,zachary22@adventure-works.com,A7F90F86-0A76-49B7-A8F3-C6E3F3E9BD0E,2013-07-25 00:00:00.000
7044,6239,zachary23@adventure-works.com,30E653BB-86D8-4A8D-8CD1-7FDA35F60CB5,2013-12-13 00:00:00.000
7045,6240,zachary24@adventure-works.com,2D751D8F-3DD5-4B80-9B0C-185AFF6C0C89,2012-07-15 00:00:00.000
7046,6241,jaime4@adventure-works.com,DF00F650-8B43-4B64-A07B-F61107E67B83,2013-03-10 00:00:00.000
7047,6242,jaime5@adventure-works.com,17C44DC4-8593-456A-81FE-27A68FA849C3,2014-05-05 00:00:00.000
7048,6243,zachary25@adventure-works.com,E0544B3F-28D4-4B64-8B7A-D0ED50369E0F,2011-12-25 00:00:00.000
7049,6244,jaime6@adventure-works.com,6FAB964D-12DF-46B4-9C27-1822EC93E7AF,2013-07-09 00:00:00.000
7050,6245,zachary26@adventure-works.com,5584E7B4-00DF-4DC2-B3A5-2809BE2CDEC2,2014-04-03 00:00:00.000
7051,6246,jaime7@adventure-works.com,FF0699E8-5DE2-4449-82F9-BCC38627C9CD,2013-03-12 00:00:00.000
7052,6247,andrew8@adventure-works.com,F2DEE1C7-53FD-4954-8F5B-D7550D18217F,2013-09-24 00:00:00.000
7053,6248,jaime8@adventure-works.com,51C268E1-6BC4-411E-94E5-EA8902979767,2013-05-12 00:00:00.000
7054,6249,zachary27@adventure-works.com,0F54250D-E3CB-42AD-AB5D-7E204461C4BA,2013-11-21 00:00:00.000
7055,6250,jaime9@adventure-works.com,9947F339-0DAF-49FE-83BD-A81FE270EC9D,2012-01-05 00:00:00.000
7056,6251,marissa0@adventure-works.com,3712500B-5098-4B24-B400-E97930DC31BB,2013-03-12 00:00:00.000
7057,6252,marissa1@adventure-works.com,B56A2818-05FB-4A7F-8ABF-EE9534DB6B26,2014-03-01 00:00:00.000
7058,6253,marissa2@adventure-works.com,4DE1CEBE-2040-4B0A-B0B3-CFA1DC3DA735,2013-02-01 00:00:00.000
7059,6254,marissa3@adventure-works.com,FCAFD0FB-9780-42F7-AB2D-228CBCCE5272,2013-09-23 00:00:00.000
7060,6255,jaime10@adventure-works.com,FF04FB4C-050B-4840-B932-CD2DCBE2F857,2014-05-13 00:00:00.000
7061,6256,marissa4@adventure-works.com,43B13B81-1BE1-4EAB-970B-A9360D685240,2013-11-25 00:00:00.000
7062,6257,clarence18@adventure-works.com,EC58ABF7-AD53-42BE-9116-B64C6C36A9E1,2012-10-10 00:00:00.000
7063,6258,jaime11@adventure-works.com,6DE84F99-9A29-452F-B1A5-023CAE19C415,2014-02-18 00:00:00.000
7064,6259,marissa5@adventure-works.com,3257223E-766E-4278-838A-CB651CEE944B,2014-05-14 00:00:00.000
7065,6260,jaime12@adventure-works.com,153DB826-AEFD-47A2-B3FA-CFCBC833C292,2011-12-17 00:00:00.000
7066,6261,marissa6@adventure-works.com,DC46CA51-65BB-4773-8850-B0EF204D18AB,2013-12-22 00:00:00.000
7067,6262,jaime13@adventure-works.com,6BFBA467-547F-4BDC-8F9B-33B3A98A9DA7,2014-02-13 00:00:00.000
7068,6263,marissa7@adventure-works.com,C1A39618-5037-4642-B0C6-73F2EB547035,2013-10-09 00:00:00.000
7069,6264,jaime14@adventure-works.com,EB2D1697-4276-4692-9F25-C321B5F75F55,2013-07-17 00:00:00.000
7070,6265,margaret4@adventure-works.com,57183C22-DFEF-41FA-8F9A-E73ECAAE377A,2013-09-19 00:00:00.000
7071,6266,jaime15@adventure-works.com,887257FE-0602-4775-98A2-352C933399EE,2012-08-01 00:00:00.000
7072,6267,marissa8@adventure-works.com,426757BA-262F-4A3F-93F8-965802383838,2014-02-02 00:00:00.000
7073,6268,marissa9@adventure-works.com,EDE13CD6-63C7-4D06-98C0-A5AD50A36A08,2014-02-08 00:00:00.000
7074,6269,jaime16@adventure-works.com,E3132EAE-6E0B-4974-A578-707B406B46E4,2013-12-22 00:00:00.000
7075,6270,marissa10@adventure-works.com,AC8B5BE4-CC32-4175-BB4A-3606BA8753AD,2013-10-30 00:00:00.000
7076,6271,jaime17@adventure-works.com,BE2F2592-D498-45EA-AB3A-2BFFFED500F4,2014-01-08 00:00:00.000
7077,6272,marissa11@adventure-works.com,DCA056E9-A3A4-4D01-96F8-E8A32CD0B82C,2011-08-19 00:00:00.000
7078,6273,marissa12@adventure-works.com,5A759E52-5706-4778-B667-E9500C1EDDB3,2014-05-15 00:00:00.000
7079,6274,marissa13@adventure-works.com,72DE6954-FE28-4B5A-B8FC-DDEB00E1CDE9,2013-09-29 00:00:00.000
7080,6275,marissa14@adventure-works.com,7B44FB4B-E02C-4BFF-BDF6-644612D4B1EC,2014-06-12 00:00:00.000
7081,6276,jaime18@adventure-works.com,2B5EFEE9-E2C2-4E98-ABBC-D33E33923FFC,2014-06-25 00:00:00.000
7082,6277,marissa15@adventure-works.com,EA50C779-ACB8-470E-B408-4A2D7D2EEC4F,2014-01-14 00:00:00.000
7083,6278,jaime19@adventure-works.com,79DC6AA0-6082-41D8-B5EA-7BBCC0CB6EDB,2013-07-13 00:00:00.000
7084,6279,jaime20@adventure-works.com,F812858F-1C6E-484F-8528-F1BB53153A05,2014-04-17 00:00:00.000
7085,6280,jaime21@adventure-works.com,3FDEE15D-F1DA-44EF-BB3C-9EBD06896946,2012-01-13 00:00:00.000
7086,6281,margaret5@adventure-works.com,93284C1B-0D9F-425E-93C5-982979EDEF6B,2014-01-26 00:00:00.000
7087,6282,marissa16@adventure-works.com,B58C029E-BB6A-41D7-B943-1DBB46550F65,2014-05-22 00:00:00.000
7088,6283,jaime22@adventure-works.com,EA9B8A98-2429-42DE-84BF-B0549E754D8B,2013-10-03 00:00:00.000
7089,6284,jaime23@adventure-works.com,F9A4DB4E-210D-4B5C-8A5D-37B5C49314A0,2013-07-27 00:00:00.000
7090,6285,marissa17@adventure-works.com,639E7FAA-BF15-4700-8B23-5D4888F04667,2011-12-31 00:00:00.000
7091,6286,marissa18@adventure-works.com,7D929944-A9F5-49BD-8BF3-5CA1F21FA177,2013-05-21 00:00:00.000
7092,6287,alexia0@adventure-works.com,D274E408-CAB8-4598-A0C3-9AB14DD37C34,2014-02-15 00:00:00.000
7093,6288,alexia1@adventure-works.com,AAA571CD-179D-434F-8E05-81ED5706FB6E,2013-10-26 00:00:00.000
7094,6289,adrienne0@adventure-works.com,28F4C0C5-ADFF-4276-9C6C-D8D3DC054721,2013-08-06 00:00:00.000
7095,6290,adrienne1@adventure-works.com,318F2529-EBC4-40AF-8CCE-4238BC6659D1,2012-03-11 00:00:00.000
7096,6291,adrienne2@adventure-works.com,FD1A4420-D7ED-4103-BCB5-C4E42172079D,2013-10-23 00:00:00.000
7097,6292,alexia2@adventure-works.com,6F0BC77C-C107-4190-9D8B-770C5ACFA37E,2013-07-20 00:00:00.000
7098,6293,alexia3@adventure-works.com,A21E8C4F-3D60-4A03-AD55-FDA094D4EBF4,2014-03-03 00:00:00.000
7099,6294,alexia4@adventure-works.com,1526D963-A24F-48BE-83F5-42616470CADB,2013-09-24 00:00:00.000
7100,6295,alexia5@adventure-works.com,56A300D3-1640-43A5-87B4-A65DD45F1F9A,2013-04-13 00:00:00.000
7101,6296,adrienne3@adventure-works.com,346BF91A-A6A2-4BCD-99FF-595469CF7B9C,2013-06-18 00:00:00.000
7102,6297,alexia6@adventure-works.com,4349F559-59C1-4827-AD1D-BC5339390F87,2012-09-13 00:00:00.000
7103,6298,adrienne4@adventure-works.com,71AC57A8-3677-4CC7-9972-3067482F804F,2014-01-26 00:00:00.000
7104,6299,alexia7@adventure-works.com,774E8B0A-18D8-4494-AC31-9A2A20DD2A04,2013-10-03 00:00:00.000
7105,6300,warren14@adventure-works.com,412C2239-4CD2-44B1-B360-0DFCC2161816,2013-10-29 00:00:00.000
7106,6301,damien5@adventure-works.com,00AD75FA-5E8E-4A24-9FA7-E5609EBEAB7F,2012-12-03 00:00:00.000
7107,6302,clarence19@adventure-works.com,79B69552-F9A4-404C-924A-642A38B41FF0,2012-08-17 00:00:00.000
7108,6303,adrienne5@adventure-works.com,F78D9C79-8111-456D-88B0-B432063D170D,2013-12-13 00:00:00.000
7109,6304,alexia8@adventure-works.com,C48FEBD6-F5C3-4E6A-B6AD-451EE54F492D,2014-06-03 00:00:00.000
7110,6305,adrienne6@adventure-works.com,54AFBD78-FBE8-4D9B-894D-E35971A35CC2,2014-02-08 00:00:00.000
7111,6306,alexia9@adventure-works.com,FBDE2628-959A-4801-94AC-40810E09E1F7,2014-06-07 00:00:00.000
7112,6307,adrienne7@adventure-works.com,F2A3D1FD-6BAC-4ED7-883D-FF14AB7FCCF4,2011-12-03 00:00:00.000
7113,6308,alexia10@adventure-works.com,D6D8B014-0848-422C-B1A5-288EEB75FFCB,2012-04-17 00:00:00.000
7114,6309,alexia11@adventure-works.com,E5AD5D90-E2DE-467C-A21F-1DB8D5CB712C,2013-05-06 00:00:00.000
7115,6310,adrienne8@adventure-works.com,C069A2A1-55B1-424B-B1DC-9E13CF95736D,2012-02-08 00:00:00.000
7116,6311,alexia12@adventure-works.com,B17A19C7-74D8-47F9-A512-EEEE226F67C7,2014-05-13 00:00:00.000
7117,6312,alexia13@adventure-works.com,0F112189-941F-4E39-9B60-88142DF2ADA8,2012-06-11 00:00:00.000
7118,6313,adrienne9@adventure-works.com,9BE41EC3-01AA-433E-B300-BDAC0813F304,2014-01-29 00:00:00.000
7119,6314,alexia14@adventure-works.com,73C57B5B-5772-4F73-BD4B-E874B7993084,2013-11-25 00:00:00.000
7120,6315,alexia15@adventure-works.com,63642D33-0CA9-4A72-8687-E61FA8EB80E4,2013-09-26 00:00:00.000
7121,6316,alexia16@adventure-works.com,7C7E7EC3-7FB0-4FF4-8749-1BA1CAF5446F,2014-03-23 00:00:00.000
7122,6317,adrienne10@adventure-works.com,7E4D7C05-F5FF-41E3-96DE-4B553366373B,2013-08-12 00:00:00.000
7123,6318,alexia17@adventure-works.com,6503F3CB-4BA2-41A3-9416-F571C49BBF2D,2013-05-14 00:00:00.000
7124,6319,alexia18@adventure-works.com,C3761409-3F5A-4360-9A00-790886233E6A,2013-07-18 00:00:00.000
7125,6320,alexia19@adventure-works.com,2254CEB1-278B-4B95-8FE7-9E14EF65B3F6,2013-10-31 00:00:00.000
7126,6321,clarence20@adventure-works.com,27EEB498-38C8-45E0-84C4-982724238192,2011-08-10 00:00:00.000
7127,6322,adrienne11@adventure-works.com,71A82737-30BB-47D9-AED6-A457DED13192,2014-01-13 00:00:00.000
7128,6323,adrienne12@adventure-works.com,81623B13-E13B-4796-A599-F6DC5A905536,2012-02-14 00:00:00.000
7129,6324,angelica0@adventure-works.com,4CE8B450-E1C4-440A-87A6-81AD9A9CE4DD,2014-06-13 00:00:00.000
7130,6325,angelica1@adventure-works.com,9236B693-623B-443C-B84A-0614A8DA18C9,2013-11-18 00:00:00.000
7131,6326,adrienne13@adventure-works.com,8E77F645-F1C0-4D0A-8A94-F817D88E92D2,2012-06-23 00:00:00.000
7132,6327,adrienne14@adventure-works.com,97804B84-C3CE-43EF-B580-98CFEECB9FFB,2013-08-02 00:00:00.000
7133,6328,angelica2@adventure-works.com,07F0149A-CDAD-43CD-B894-1E37CAD0E507,2013-09-17 00:00:00.000
7134,6329,angelica3@adventure-works.com,5F5E6723-DF41-441B-8E13-C91C3B9F18D7,2013-09-09 00:00:00.000
7135,6330,angelica4@adventure-works.com,18CEC618-D670-41B4-A150-0E3531BF2FA3,2013-10-27 00:00:00.000
7136,6331,adrienne15@adventure-works.com,18E6DD5B-F452-4EE2-8694-2B9F4A8FA740,2014-03-02 00:00:00.000
7137,6332,adrienne16@adventure-works.com,E3477ABB-D5BF-49D9-A2E7-1F13B4D5654D,2012-10-10 00:00:00.000
7138,6333,angelica5@adventure-works.com,F26D6B02-A6E2-42C8-A720-71149C438600,2013-10-15 00:00:00.000
7139,6334,angelica6@adventure-works.com,C7FA9625-425B-4767-B632-FDE5A4A6FD1A,2013-10-28 00:00:00.000
7140,6335,adrienne17@adventure-works.com,17A8D701-0C50-41AD-9B61-E4120416531F,2013-11-13 00:00:00.000
7141,6336,mallory8@adventure-works.com,C8979B87-E1E8-4A65-8A7C-9897FB926DC0,2011-08-30 00:00:00.000
7142,6337,angelica7@adventure-works.com,BB0CA7CD-D315-4D13-91D6-A827F2FDD4C0,2014-04-11 00:00:00.000
7143,6338,clarence21@adventure-works.com,F7D7B9B2-1672-4610-9E64-754C1D4C04EF,2013-12-05 00:00:00.000
7144,6339,mallory9@adventure-works.com,47B8C8AA-6E88-4199-B5E9-D4C78552E4A1,2013-09-24 00:00:00.000
7145,6340,mallory10@adventure-works.com,037E8C1D-411C-42E8-B915-42E2A44D7F4E,2013-09-15 00:00:00.000
7146,6341,mallory11@adventure-works.com,16B8E778-C7C4-4D47-87F6-E7E453F84A8D,2014-01-04 00:00:00.000
7147,6342,angelica8@adventure-works.com,66056E4C-EE0C-455C-9D04-E297B00DD442,2014-03-08 00:00:00.000
7148,6343,angelica9@adventure-works.com,0EE18F88-B7A4-4A28-86B0-E16A0256D43E,2013-06-26 00:00:00.000
7149,6344,mallory12@adventure-works.com,486A05F2-B6C4-4805-9C49-D15E512D7381,2014-05-15 00:00:00.000
7150,6345,angelica10@adventure-works.com,CE10A832-52B5-4A5F-8184-A9F7EEBEBCEE,2013-10-06 00:00:00.000
7151,6346,angelica11@adventure-works.com,D39681B9-E00B-458D-B7AB-69263268452F,2013-07-26 00:00:00.000
7152,6347,mallory13@adventure-works.com,B0184579-DF74-4AFF-9372-6C7355560EB8,2014-05-30 00:00:00.000
7153,6348,angelica12@adventure-works.com,C2D6102C-2D4D-46E5-91D5-548556C119A3,2014-04-10 00:00:00.000
7154,6349,mallory14@adventure-works.com,ACCFA1F3-78E9-4108-B983-7B75C2B2116E,2012-11-01 00:00:00.000
7155,6350,angelica13@adventure-works.com,A3422C55-2C24-46AB-B4CE-DEFEF99D8D55,2013-09-20 00:00:00.000
7156,6351,angelica14@adventure-works.com,D29B6E66-241A-455D-A061-E3CFB299AB1D,2013-11-21 00:00:00.000
7157,6352,mallory15@adventure-works.com,21D2D2CA-35DB-4864-8AFF-E245A5A886EB,2012-08-13 00:00:00.000
7158,6353,angelica15@adventure-works.com,B59D6E8D-EA77-4DE1-A99F-578578DA5960,2013-07-25 00:00:00.000
7159,6354,angelica16@adventure-works.com,FA4555D2-C1CD-48B3-BBD7-04871BC2663B,2013-07-16 00:00:00.000
7160,6355,angelica17@adventure-works.com,5C8EA17A-5257-42FC-8D87-66AC4134EB89,2012-09-04 00:00:00.000
7161,6356,angelica18@adventure-works.com,2F4D0F87-9B27-4E25-938E-EBC32B94C0D0,2013-11-25 00:00:00.000
7162,6357,mallory16@adventure-works.com,5F89DDF3-6D38-4246-A22B-BD00BDB27CF9,2013-11-21 00:00:00.000
7163,6358,clarence22@adventure-works.com,E1D33E46-6B96-4080-ACCA-AFD4F71423AC,2014-02-02 00:00:00.000
7164,6359,mallory17@adventure-works.com,8AEA1138-E3E9-4027-8D10-8E6EBE6DB56F,2013-04-16 00:00:00.000
7165,6360,angelica19@adventure-works.com,63ADB92E-414D-4AE3-A904-600CBFEF6284,2014-05-15 00:00:00.000
7166,6361,angelica20@adventure-works.com,36E87C1A-244B-4534-B3D3-2104E2EE5D58,2011-11-10 00:00:00.000
7167,6362,mallory18@adventure-works.com,128FAD45-25CD-4F13-B4A9-97B58DD25C49,2014-05-21 00:00:00.000
7168,6363,angelica21@adventure-works.com,31EF8209-45E5-41B4-B0C7-955A95B3649E,2013-12-09 00:00:00.000
7169,6364,angelica22@adventure-works.com,7E2F9192-6EF9-4DB3-8D60-4AEA02591820,2014-01-26 00:00:00.000
7170,6365,brittany0@adventure-works.com,AB385EF8-B79D-4025-8ED6-C6D1BC055517,2012-12-13 00:00:00.000
7171,6366,mallory19@adventure-works.com,9B4D75DE-EB08-425F-BA79-B49ABDAF96F7,2013-12-07 00:00:00.000
7172,6367,brittany1@adventure-works.com,AE30D307-0B6E-403E-AC46-E73724EBB849,2013-11-16 00:00:00.000
7173,6368,carmen0@adventure-works.com,CA736D89-ED7C-4A76-8B1D-BB1C8D36607A,2012-06-05 00:00:00.000
7174,6369,brittany2@adventure-works.com,891E6683-C51F-4AAF-BB3B-8407479A236B,2014-04-26 00:00:00.000
7175,6370,brittany3@adventure-works.com,44D8B2E8-05A5-42B7-8D19-F6779AE0D764,2013-08-16 00:00:00.000
7176,6371,carmen1@adventure-works.com,5191753E-E028-4521-9602-DC62C379E9F6,2012-12-10 00:00:00.000
7177,6372,joan5@adventure-works.com,1E88FA52-BD98-486F-9EA9-BE627C988991,2013-11-09 00:00:00.000
7178,6373,carmen2@adventure-works.com,61398CB3-CF06-4166-90A7-BA0E29FF51BD,2012-07-15 00:00:00.000
7179,6374,brittany4@adventure-works.com,73B4B8CA-47ED-40FB-A719-20797D8FA846,2013-09-22 00:00:00.000
7180,6375,brittany5@adventure-works.com,0F34741B-4FCC-44CC-96ED-B5839C5BC196,2013-07-12 00:00:00.000
7181,6376,joan6@adventure-works.com,EB3D43C5-1257-4FD9-942A-D53DE3FEDACA,2013-05-07 00:00:00.000
7182,6377,brittany6@adventure-works.com,C5B166B6-BEF0-4125-9B50-3128402F12E5,2013-07-01 00:00:00.000
7183,6378,brittany7@adventure-works.com,C59F4A0C-C70E-46CE-9D4B-566DEA62B708,2013-09-04 00:00:00.000
7184,6379,clarence23@adventure-works.com,59D6DB01-6F7A-4291-8CAA-C0839328B6DA,2013-10-01 00:00:00.000
7185,6380,carmen3@adventure-works.com,2C0003C4-ECED-4895-AD9B-88CDB8A3CB0C,2012-11-09 00:00:00.000
7186,6381,brittany8@adventure-works.com,07AAA4AE-8414-4D15-98F2-75510C80EF98,2014-01-06 00:00:00.000
7187,6382,meagan0@adventure-works.com,FB761D4E-25F0-4AC0-9F2A-7480667FA103,2014-06-27 00:00:00.000
7188,6383,meagan1@adventure-works.com,2BA825F4-AB4E-40A2-AAB7-9777A560488B,2013-08-08 00:00:00.000
7189,6384,meagan2@adventure-works.com,4F12DB6F-6C66-4E0D-B1E2-BCC872231562,2013-08-05 00:00:00.000
7190,6385,meagan3@adventure-works.com,43703D09-7E33-4FEC-BDB1-68FBFEC96DDC,2013-07-28 00:00:00.000
7191,6386,brittany9@adventure-works.com,8EB1385E-5004-4B2B-BC23-A600AC7E6FB2,2014-01-30 00:00:00.000
7192,6387,meagan4@adventure-works.com,E818ADDE-EE60-4786-B2EE-0F63E0DB586F,2014-01-13 00:00:00.000
7193,6388,meagan5@adventure-works.com,9CD11B4D-099E-4F4B-8077-68B8A1195B54,2014-04-09 00:00:00.000
7194,6389,meagan6@adventure-works.com,F71CDAB1-3FFE-451E-9DCE-E5B412BF6ABB,2011-11-06 00:00:00.000
7195,6390,brittany10@adventure-works.com,895C7B29-1D4A-4945-B7BE-073D225140C1,2013-10-02 00:00:00.000
7196,6391,clarence24@adventure-works.com,9490C08E-F72E-40CA-9CA8-4D584254DCD3,2013-09-01 00:00:00.000
7197,6392,meagan7@adventure-works.com,DCEC9A40-6ED9-4310-99F6-DADA89796D9F,2013-11-11 00:00:00.000
7198,6393,brittany11@adventure-works.com,2341AD07-9CF8-42B6-A91B-78CE6CECCEF0,2014-01-10 00:00:00.000
7199,6394,meagan8@adventure-works.com,3AD2E4CE-B556-45FF-BD7D-C9EECE13DD73,2012-02-17 00:00:00.000
7200,6395,joan7@adventure-works.com,10F1D254-BF7E-47D7-8608-D49A567658C1,2012-02-12 00:00:00.000
7201,6396,brittany12@adventure-works.com,E4AF60C1-B22A-4D2C-BE64-3357D61DD8EA,2014-02-08 00:00:00.000
7202,6397,meagan9@adventure-works.com,52302312-9E0A-478E-BB55-F6786FB92FCD,2012-01-21 00:00:00.000
7203,6398,brittany13@adventure-works.com,D23CF0E7-0539-4B47-AC7D-CE260EBBB6AF,2014-04-08 00:00:00.000
7204,6399,meagan10@adventure-works.com,056A1C60-55DB-477C-8FF4-090AC02C4AF5,2012-11-22 00:00:00.000
7205,6400,meagan11@adventure-works.com,A34FE17E-9145-4F70-BF2F-6764524E1B78,2012-03-19 00:00:00.000
7206,6401,brittany14@adventure-works.com,5231336B-746C-4FFD-AB40-2C2F5706B74B,2013-12-21 00:00:00.000
7207,6402,meagan12@adventure-works.com,3D0C29B2-7E92-454E-B506-7285C5FAF614,2013-03-25 00:00:00.000
7208,6403,brittany15@adventure-works.com,A93EAEAC-7331-4713-8581-722AA1A1F029,2011-06-23 00:00:00.000
7209,6404,brittany16@adventure-works.com,51D23CB7-25FC-430B-B60D-AC294E786DEC,2014-01-05 00:00:00.000
7210,6405,brittany17@adventure-works.com,0430D45F-A371-4700-A1EC-D8F7DEB1B2AF,2013-12-27 00:00:00.000
7211,6406,meagan13@adventure-works.com,B5EF165F-D906-41D6-8956-8EADC4531429,2013-12-27 00:00:00.000
7212,6407,brittany18@adventure-works.com,B49B4E88-C328-4EAD-A972-6FD1F97AF15D,2014-05-26 00:00:00.000
7213,6408,brittany19@adventure-works.com,2BBF374F-532D-45B5-A611-78F6AFA7F0DC,2013-10-03 00:00:00.000
7214,6409,brittany20@adventure-works.com,EDDE9F3B-7BA6-46CD-A6C4-A324D98BD2A6,2014-02-04 00:00:00.000
7215,6410,brittany21@adventure-works.com,A002134A-0E45-4B91-BD21-119BE839AD80,2013-10-03 00:00:00.000
7216,6411,jocelyn0@adventure-works.com,5F9A923E-ECEB-4236-9891-A5727C571350,2012-07-18 00:00:00.000
7217,6412,jocelyn1@adventure-works.com,2D7166AA-DC49-47C8-8B1A-7BCAB5AB43A5,2013-10-24 00:00:00.000
7218,6413,meagan14@adventure-works.com,51A8B32D-21FA-4604-9213-9B952F9E3B6E,2014-01-12 00:00:00.000
7219,6414,jocelyn2@adventure-works.com,FD7A836F-CE91-4173-AFF9-B5E10EBD44B9,2013-05-12 00:00:00.000
7220,6415,clarence25@adventure-works.com,F2813BDE-AD4E-411E-8796-5695A166086D,2012-10-10 00:00:00.000
7221,6416,meagan15@adventure-works.com,7CED94B8-042A-4368-8ED2-35D5885AF0E5,2013-02-18 00:00:00.000
7222,6417,meagan16@adventure-works.com,538D2871-124A-4716-BDA4-6A21DD3BB0BD,2013-11-26 00:00:00.000
7223,6418,meagan17@adventure-works.com,4F2243C4-81C2-4225-B652-DB476D061EDB,2013-12-03 00:00:00.000
7224,6419,jocelyn3@adventure-works.com,F3013835-38CC-4087-9CB8-D2CBA6270B55,2013-10-16 00:00:00.000
7225,6420,jocelyn4@adventure-works.com,793F2A07-F927-46FD-A0A2-874E055FE074,2013-11-24 00:00:00.000
7226,6421,jocelyn5@adventure-works.com,760120BB-9E11-4838-95FB-2388896E476F,2011-11-02 00:00:00.000
7227,6422,jocelyn6@adventure-works.com,43790FE8-EB73-4C23-9A2E-0C993A672F40,2012-04-10 00:00:00.000
7228,6423,meagan18@adventure-works.com,50285119-B063-4B98-BCAE-B81C8E6F7878,2013-12-20 00:00:00.000
7229,6424,meagan19@adventure-works.com,0AF5C563-4F1B-4F03-B947-56E98C1F68B6,2014-02-21 00:00:00.000
7230,6425,ann5@adventure-works.com,129CD784-14BC-4690-BCE3-B96061CFCC19,2013-07-19 00:00:00.000
7231,6426,ann6@adventure-works.com,F034D9C2-FF3A-4878-96F2-C0C028343CE2,2014-04-02 00:00:00.000
7232,6427,ann7@adventure-works.com,F784FAC4-2E05-4921-A0FE-6FA22B9AC4F9,2011-10-10 00:00:00.000
7233,6428,jocelyn7@adventure-works.com,38F2F69C-193C-49CB-A600-AAE148582279,2013-11-05 00:00:00.000
7234,6429,jocelyn8@adventure-works.com,CE84CCCE-A47F-4DB1-B717-54F70A9C294E,2011-11-26 00:00:00.000
7235,6430,jocelyn9@adventure-works.com,F557ACF8-00A6-4EBE-824C-6B798863C4A7,2013-05-05 00:00:00.000
7236,6431,clarence26@adventure-works.com,FFB42F0C-B215-4558-AB50-3FF846D45835,2012-01-06 00:00:00.000
7237,6432,ann8@adventure-works.com,27AA3B42-52E1-4140-842B-61B7154239E9,2013-12-06 00:00:00.000
7238,6433,jocelyn10@adventure-works.com,F23038CA-E89C-4943-8471-8A7D4EE1B150,2012-05-18 00:00:00.000
7239,6434,jocelyn11@adventure-works.com,3C09A529-C775-4F49-B4F7-FD0F2FDF39D8,2013-07-03 00:00:00.000
7240,6435,ann9@adventure-works.com,96B2A626-0C7D-4F5D-95BF-9DB5AD33D985,2014-06-23 00:00:00.000
7241,6436,ann10@adventure-works.com,3B73AAC2-0307-4767-B829-477EBFDF6B7B,2012-02-16 00:00:00.000
7242,6437,jocelyn12@adventure-works.com,53E947C8-FDB1-42AD-B728-5C92E96082AA,2014-05-25 00:00:00.000
7243,6438,jocelyn13@adventure-works.com,98B98426-4CEC-43E2-BAB6-97CF4F01986D,2013-12-17 00:00:00.000
7244,6439,ann11@adventure-works.com,43B234F4-AE67-4857-8B0F-30D3A13644FD,2013-04-01 00:00:00.000
7245,6440,jocelyn14@adventure-works.com,28C5F5A9-1EB4-4FE9-913E-BA0ACD067218,2013-03-31 00:00:00.000
7246,6441,jocelyn15@adventure-works.com,CB79185B-6E0B-41E5-A01D-FF6472F7DE3E,2013-09-24 00:00:00.000
7247,6442,ann12@adventure-works.com,06ADC6CA-9B87-4B23-9CC7-28788EC1EC91,2013-09-09 00:00:00.000
7248,6443,jocelyn16@adventure-works.com,A49F54B3-51FB-4468-854C-9F17734164C8,2014-03-13 00:00:00.000
7249,6444,jocelyn17@adventure-works.com,87F127FA-AAF8-49A5-B419-71997F6D8AB7,2013-08-12 00:00:00.000
7250,6445,ann13@adventure-works.com,BDE2C786-0190-4F69-A3D3-EA7A9BE7D41F,2012-08-03 00:00:00.000
7251,6446,jocelyn18@adventure-works.com,6B3231FA-440F-4C99-ADAE-79EAAA4C1B65,2013-10-25 00:00:00.000
7252,6447,jocelyn19@adventure-works.com,39D41166-D0E3-4421-B568-E5B9FA93ADA4,2013-09-14 00:00:00.000
7253,6448,ann14@adventure-works.com,3FE23D0C-BACB-47BB-A39B-F3F0C30A94FC,2014-05-04 00:00:00.000
7254,6449,ann15@adventure-works.com,39C8FB1E-4A2E-444E-8876-21155E9DAA24,2013-10-21 00:00:00.000
7255,6450,clarence27@adventure-works.com,60ACB0F0-5AD0-4417-9DCC-20AB6D0A98FB,2014-01-19 00:00:00.000
7256,6451,ann16@adventure-works.com,9B3FD915-3A17-4D1F-B169-00162461EEF4,2013-06-02 00:00:00.000
7257,6452,jocelyn20@adventure-works.com,A2BBBED7-6C21-4569-96E9-A935ACB3D523,2013-07-25 00:00:00.000
7258,6453,jocelyn21@adventure-works.com,1F6DAD72-02B5-43D6-8D52-E2D109DD08D6,2012-12-04 00:00:00.000
7259,6454,ann17@adventure-works.com,2077C1BB-E77B-43D5-BE36-871EE7069A81,2011-11-19 00:00:00.000
7260,6455,ann18@adventure-works.com,B13B2FC4-1ED7-472F-A198-434539976B3C,2011-11-07 00:00:00.000
7261,6456,jocelyn22@adventure-works.com,F82109ED-9DE9-415E-9DBC-FCEE0F0B9866,2013-09-12 00:00:00.000
7262,6457,miranda0@adventure-works.com,AA90D7DE-B750-447A-B543-C42AB856E3E4,2011-07-19 00:00:00.000
7263,6458,ann19@adventure-works.com,EDC27CB4-F0F2-4A86-9F6B-36FA338E3308,2013-07-20 00:00:00.000
7264,6459,ann20@adventure-works.com,DCBEF08B-23F6-40AA-A190-DB9F1AD550A8,2013-07-07 00:00:00.000
7265,6460,miranda1@adventure-works.com,E06A11DC-8C41-4C70-98DA-F5C87788DE46,2014-05-07 00:00:00.000
7266,6461,miranda2@adventure-works.com,854FB41C-0F74-417E-8423-74F21042ABD7,2013-11-13 00:00:00.000
7267,6462,ann21@adventure-works.com,D81C82BC-97D5-453D-BFC4-7C1AE597EDCD,2013-01-13 00:00:00.000
7268,6463,miranda3@adventure-works.com,B1F7AE56-6453-4456-810E-9C55115E7940,2013-08-13 00:00:00.000
7269,6464,miranda4@adventure-works.com,BA861CB1-1DCA-4244-BF4D-F4A135118619,2013-11-03 00:00:00.000
7270,6465,ann22@adventure-works.com,107B95AA-FF3B-491E-9D4E-46B97A4297C7,2012-05-12 00:00:00.000
7271,6466,miranda5@adventure-works.com,7A982485-2F51-4B55-894B-92168A830076,2014-04-14 00:00:00.000
7272,6467,miranda6@adventure-works.com,F07945B0-C3A2-4660-8898-A35C609B0E8A,2014-01-03 00:00:00.000
7273,6468,ann23@adventure-works.com,D0BA75F2-0BAF-4AE4-92E3-FF421BAA7B68,2012-02-22 00:00:00.000
7274,6469,miranda7@adventure-works.com,1D032D58-AA26-4A4B-A093-9BD657B8560B,2014-04-04 00:00:00.000
7275,6470,ann24@adventure-works.com,45FFEF83-84DF-4115-8344-F8EA4D7131BA,2012-11-26 00:00:00.000
7276,6471,clarence28@adventure-works.com,F883FB83-561A-42A7-B326-099B651E3F4C,2013-03-08 00:00:00.000
7277,6472,ann25@adventure-works.com,4157AEBA-8F11-4730-A703-3D854C7F9BB9,2014-04-05 00:00:00.000
7278,6473,miranda8@adventure-works.com,5FFD5E89-042F-413D-9D76-B3CD1696032E,2013-11-03 00:00:00.000
7279,6474,miranda9@adventure-works.com,43B511AD-B0C3-42FE-ACCC-87E58AC2970B,2012-03-15 00:00:00.000
7280,6475,miranda10@adventure-works.com,4FDA53B6-ADA8-4046-9138-12FD76888453,2013-12-11 00:00:00.000
7281,6476,cindy1@adventure-works.com,CBF3C734-0BAF-44F0-A5BB-0E4CBE2E3487,2014-01-30 00:00:00.000
7282,6477,miranda11@adventure-works.com,CCC9B642-8B4F-4043-9B8E-BEEEFC9BF37B,2014-01-02 00:00:00.000
7283,6478,miranda12@adventure-works.com,58E941A5-EA93-46E9-A716-EBCDBE161723,2013-07-22 00:00:00.000
7284,6479,miranda13@adventure-works.com,25FA58B1-F181-4DCE-915C-FA4AA4405EF1,2013-11-25 00:00:00.000
7285,6480,miranda14@adventure-works.com,44EE80F4-BB1B-475E-A28C-610842E52A34,2014-06-07 00:00:00.000
7286,6481,miranda15@adventure-works.com,9664F99F-1BCB-4281-B081-E70C4F7122E0,2014-01-20 00:00:00.000
7287,6482,cindy2@adventure-works.com,8FDF3EB3-FEE7-4A6C-8F98-FB8D3D0BEBE7,2013-07-14 00:00:00.000
7288,6483,miranda16@adventure-works.com,62E92072-C573-4524-8F59-B7D1E6D51E15,2014-04-12 00:00:00.000
7289,6484,cindy3@adventure-works.com,0014938B-BE71-4282-A261-067C314CD943,2012-03-10 00:00:00.000
7290,6485,miranda17@adventure-works.com,765EB7F6-48DF-451C-AA27-1E7BEA905424,2013-10-08 00:00:00.000
7291,6486,miranda18@adventure-works.com,C2F566B4-F0AB-4C22-8813-4B6295C22536,2014-05-14 00:00:00.000
7292,6487,cindy4@adventure-works.com,C9D3C4BA-6021-4466-A1C9-238CF2ED41F4,2013-07-24 00:00:00.000
7293,6488,miranda19@adventure-works.com,DE0AFA7C-C8A8-44A6-B00D-D7AC8FE310F7,2011-06-30 00:00:00.000
7294,6489,cindy5@adventure-works.com,E0F0EAF6-FBC9-4FE9-B8E4-ED53638D25F2,2013-12-30 00:00:00.000
7295,6490,miranda20@adventure-works.com,0E9C9738-4307-4586-9B2F-6BD523F9A642,2013-10-29 00:00:00.000
7296,6491,miranda21@adventure-works.com,265E9AB5-E9D2-428C-B007-F003952E9545,2013-11-15 00:00:00.000
7297,6492,miranda22@adventure-works.com,28881EE9-7E49-4949-89EA-19772E12D574,2014-03-01 00:00:00.000
7298,6493,cindy6@adventure-works.com,D66F3311-88B7-4E71-96D8-0F405578666E,2013-05-27 00:00:00.000
7299,6494,miranda23@adventure-works.com,4AEE9F54-AFCD-4256-BD0E-9FDA34988EE6,2013-03-30 00:00:00.000
7300,6495,mya2@adventure-works.com,00F31075-4A06-47E3-A55D-F5FFD6FD76D1,2013-07-29 00:00:00.000
7301,6496,mya3@adventure-works.com,147710A4-E111-4041-8F59-6D1465829CD9,2014-04-18 00:00:00.000
7302,6497,mya4@adventure-works.com,B8A4C520-DCFB-4A1C-8B55-07DBAC3CD3ED,2014-02-17 00:00:00.000
7303,6498,mya5@adventure-works.com,947D01D7-6658-4329-B401-F52FFA25BC05,2013-12-06 00:00:00.000
7304,6499,mya6@adventure-works.com,B6055853-CE97-40E6-BA21-74E800B260A3,2014-05-09 00:00:00.000
7305,6500,mya7@adventure-works.com,E08FBE39-6EE4-4C99-B17B-BE6FD6C65D83,2013-07-01 00:00:00.000
7306,6501,mya8@adventure-works.com,303C95B6-50E3-4E0F-AD4F-9E72BB7AB804,2013-04-17 00:00:00.000
7307,6502,damien6@adventure-works.com,D6A5DEA6-5572-41E5-B381-2698A15D51F5,2014-03-19 00:00:00.000
7308,6503,mya9@adventure-works.com,53381239-5FC8-4293-A61C-CFF63C3E40C0,2014-05-17 00:00:00.000
7309,6504,cindy7@adventure-works.com,AF19EFC2-C226-46B0-8227-F282276F5500,2013-08-03 00:00:00.000
7310,6505,mya10@adventure-works.com,9355EF15-F8DC-4AB7-AEAC-52AA01ACC473,2012-11-16 00:00:00.000
7311,6506,mya11@adventure-works.com,BC6FAE2B-4FA6-42D2-A06B-0F1B8201C26D,2011-08-22 00:00:00.000
7312,6507,cindy8@adventure-works.com,C1BA64E9-E3D5-4F5A-AD0C-9FD21B3700B6,2013-08-07 00:00:00.000
7313,6508,mya12@adventure-works.com,28EE4F50-6C8F-4A77-9377-497F088F13E3,2014-02-15 00:00:00.000
7314,6509,cindy9@adventure-works.com,037761B7-FE5A-43EF-975B-37FA8FD4B97E,2013-11-20 00:00:00.000
7315,6510,cindy10@adventure-works.com,CF806570-AB76-4707-A255-5685C2979CB8,2012-10-05 00:00:00.000
7316,6511,mya13@adventure-works.com,64453E67-A011-4249-A107-E58A42744C8B,2013-07-28 00:00:00.000
7317,6512,cindy11@adventure-works.com,AB9ED1F0-117A-43FB-BF2E-FD1A6E6DA0AF,2013-07-24 00:00:00.000
7318,6513,mya14@adventure-works.com,51BD9DE4-BA6B-4C02-AD95-9CCB827DD739,2013-01-13 00:00:00.000
7319,6514,mya15@adventure-works.com,0F57E3F0-7317-422C-92FE-B15B6BB5CE3D,2013-11-06 00:00:00.000
7320,6515,cindy12@adventure-works.com,F14D6298-02EF-4425-B4AD-42D4A18D0CDA,2013-05-19 00:00:00.000
7321,6516,mya16@adventure-works.com,9FF5D6C6-EFF4-4485-B215-0AE497AE7EAE,2013-08-27 00:00:00.000
7322,6517,mya17@adventure-works.com,A5FE565C-6A83-4A5F-91BA-4EF33F0B4B4B,2012-02-15 00:00:00.000
7323,6518,cindy13@adventure-works.com,A6BF8CB4-93E4-469E-8CAE-D1504F9D880F,2014-04-30 00:00:00.000
7324,6519,mya18@adventure-works.com,A791A95C-C396-4615-8EFC-2EAF83D1DF26,2012-12-11 00:00:00.000
7325,6520,mya19@adventure-works.com,3A92DE49-19EB-465F-A7FE-4EB1B6413B6B,2014-03-01 00:00:00.000
7326,6521,mya20@adventure-works.com,F268FDA7-CA26-4C76-B875-0F665428D9EC,2014-06-23 00:00:00.000
7327,6522,cindy14@adventure-works.com,FCB065FC-5ECD-4A57-8012-B2622BD4FB0B,2012-08-23 00:00:00.000
7328,6523,cindy15@adventure-works.com,40ECCF35-F850-4428-9569-3A3612C7D00C,2014-06-14 00:00:00.000
7329,6524,clarence29@adventure-works.com,0DF90BC7-5FEE-4722-8509-F0BB92346F57,2014-04-25 00:00:00.000
7330,6525,mya21@adventure-works.com,919B997D-37D8-4352-B470-0FD0E2ED6567,2012-07-26 00:00:00.000
7331,6526,melissa1@adventure-works.com,1DDB72A8-B583-404A-ADF5-FF3A385EBA8E,2014-01-09 00:00:00.000
7332,6527,cindy16@adventure-works.com,087C6441-BACC-4DF9-879C-1D9C0D15CC6B,2014-01-16 00:00:00.000
7333,6528,melissa2@adventure-works.com,1B86D617-9AFB-4619-B697-64857A6810DD,2011-10-26 00:00:00.000
7334,6529,melissa3@adventure-works.com,0F98708E-E788-4D4F-BC8B-E55BFA115AA3,2013-09-30 00:00:00.000
7335,6530,melissa4@adventure-works.com,50FB44B6-A411-424F-9497-6A07CF09863C,2014-06-28 00:00:00.000
7336,6531,cindy17@adventure-works.com,AED33882-D90D-4BC3-845C-BD9B03640B95,2014-04-26 00:00:00.000
7337,6532,melissa5@adventure-works.com,FB329828-FF86-42F1-A639-BDE32269A38E,2012-07-12 00:00:00.000
7338,6533,melissa6@adventure-works.com,3C5F3E6E-F519-499D-90FB-D620617C770F,2012-09-26 00:00:00.000
7339,6534,cindy18@adventure-works.com,F95B81EE-9896-4F34-A68F-C827A7BEFFCD,2013-12-17 00:00:00.000
7340,6535,cindy19@adventure-works.com,10F11E07-2301-40FF-87B8-629E9A5652C7,2013-08-05 00:00:00.000
7341,6536,melissa7@adventure-works.com,C26E328A-0DD0-4475-83E4-4435AB4580A4,2013-12-04 00:00:00.000
7342,6537,melissa8@adventure-works.com,9FF5D765-053F-46C0-A365-E860DE868CFD,2013-09-16 00:00:00.000
7343,6538,stefanie0@adventure-works.com,658BFF7B-8742-4FC8-B611-ED3224985519,2013-07-12 00:00:00.000
7344,6539,melissa9@adventure-works.com,15363482-8F9F-45FB-ADCD-B4D734EF87CC,2013-12-10 00:00:00.000
7345,6540,melissa10@adventure-works.com,32CAD967-9D3F-48D9-8CAD-C1DC2C8BC022,2014-05-19 00:00:00.000
7346,6541,melissa11@adventure-works.com,826D74C3-DDBE-4D3C-A607-4B4FCBBD873D,2013-09-16 00:00:00.000
7347,6542,stefanie1@adventure-works.com,F33EA026-31DD-4978-8326-80DBDE5DF009,2013-07-26 00:00:00.000
7348,6543,melissa12@adventure-works.com,A71C5FF1-5EBF-4DF4-9C30-7EEF66A838AD,2012-09-17 00:00:00.000
7349,6544,melissa13@adventure-works.com,BCF8274E-0615-4AD0-AFE3-3DE37C9720B9,2014-04-04 00:00:00.000
7350,6545,melissa14@adventure-works.com,BD12FD7B-B06A-48A2-8ECD-F85CB664C040,2013-12-22 00:00:00.000
7351,6546,melissa15@adventure-works.com,308475AA-F988-4A51-8979-9CA7578CF1BF,2013-08-18 00:00:00.000
7352,6547,clarence30@adventure-works.com,18F0AC6B-FCB3-40A1-BB2D-19E81AA4644A,2013-08-14 00:00:00.000
7353,6548,stefanie2@adventure-works.com,D54E41C5-D3CD-47AD-9821-25FFC8B6D2A2,2013-09-18 00:00:00.000
7354,6549,melissa16@adventure-works.com,ABF39014-CAD6-4D35-9981-5D2A025003AB,2013-11-13 00:00:00.000
7355,6550,stefanie3@adventure-works.com,3FC536DE-17A6-401F-A6FB-866024F9725D,2014-04-07 00:00:00.000
7356,6551,melissa17@adventure-works.com,C8C781EF-E893-4EA6-ABD0-8870AF1E1E1A,2014-02-28 00:00:00.000
7357,6552,melissa18@adventure-works.com,694FD253-EC92-4A13-AD9F-AF21AC2C7823,2014-01-21 00:00:00.000
7358,6553,stefanie4@adventure-works.com,0389B680-C62C-4091-8DF3-F5B7B1BFD0CE,2012-11-27 00:00:00.000
7359,6554,riley0@adventure-works.com,201C97E5-58C9-4AED-81EA-83C2FC4AC5C8,2013-10-05 00:00:00.000
7360,6555,riley1@adventure-works.com,7D763590-2ECA-47A4-943E-9ECED11C5A63,2014-03-30 00:00:00.000
7361,6556,riley2@adventure-works.com,17290DE9-D259-4C72-8103-2ED6674B01FB,2011-10-12 00:00:00.000
7362,6557,riley3@adventure-works.com,FF8B2542-7046-4D38-8EC9-3BBF1E1619B5,2014-01-12 00:00:00.000
7363,6558,stefanie5@adventure-works.com,0D7BE19A-8079-4044-8128-A1611A8FB0C4,2013-07-14 00:00:00.000
7364,6559,stefanie6@adventure-works.com,12A67958-AAE7-46E7-84EA-4F5CF3F7BBF6,2014-03-18 00:00:00.000
7365,6560,riley4@adventure-works.com,55EF8E21-C733-4D72-9938-068B320FCDA9,2011-11-06 00:00:00.000
7366,6561,stefanie7@adventure-works.com,4C3D29CC-7A5B-4BE3-AFC0-30ABDA49F991,2014-05-13 00:00:00.000
7367,6562,riley5@adventure-works.com,54E575BA-EE35-455B-9046-86124778D272,2013-10-29 00:00:00.000
7368,6563,clarence31@adventure-works.com,72DFBCEE-8D16-46F1-98A5-5EAB868AD526,2011-08-13 00:00:00.000
7369,6564,stefanie8@adventure-works.com,BAD6A457-D272-4003-BEC3-2D42242D954F,2012-01-26 00:00:00.000
7370,6565,riley6@adventure-works.com,F90722FD-238B-4A62-B004-25E07523798E,2014-03-21 00:00:00.000
7371,6566,riley7@adventure-works.com,32AFD5D7-5FF8-44F3-9D3C-AA2AA7B8020A,2012-02-10 00:00:00.000
7372,6567,stefanie9@adventure-works.com,DD0AA995-AC18-488B-ADFD-20EAA1E72639,2012-08-04 00:00:00.000
7373,6568,riley8@adventure-works.com,FAB5B55E-5B26-4FA1-A900-8019291D03DB,2014-02-03 00:00:00.000
7374,6569,stefanie10@adventure-works.com,5E835F9B-2632-45A1-B05D-1251CECC6EC0,2013-12-01 00:00:00.000
7375,6570,riley9@adventure-works.com,60B1D401-FCE5-4B3C-B85C-087D239802C3,2014-05-13 00:00:00.000
7376,6571,riley10@adventure-works.com,B71B40CE-51F1-4F73-B3C0-B3E64CCDC810,2013-11-09 00:00:00.000
7377,6572,stefanie11@adventure-works.com,247E105D-2F59-4A7F-AF91-E52E4E28CDE5,2014-01-14 00:00:00.000
7378,6573,riley11@adventure-works.com,2DA23CB0-DF9D-405E-AA50-7C9EDD71D38A,2013-06-03 00:00:00.000
7379,6574,stefanie12@adventure-works.com,F561A2D0-DE91-4F25-8223-5E63B5465DA9,2014-05-11 00:00:00.000
7380,6575,riley12@adventure-works.com,8AB6695E-A1CC-4EA9-B67C-F57E95AA31DC,2013-07-11 00:00:00.000
7381,6576,riley13@adventure-works.com,9C00BD47-F7CC-408D-B811-FDD608A6119D,2012-02-29 00:00:00.000
7382,6577,riley14@adventure-works.com,D75BDF4C-9388-4552-BA2A-81B6BAD55C6E,2013-04-04 00:00:00.000
7383,6578,riley15@adventure-works.com,05DA9117-32B1-4928-9E32-96191A8B3C47,2014-05-25 00:00:00.000
7384,6579,stefanie13@adventure-works.com,DC979752-579B-4747-9C55-334E570CDBE8,2014-02-04 00:00:00.000
7385,6580,riley16@adventure-works.com,7A5FE16B-2716-4D3B-AEFC-58D482BFB054,2014-04-25 00:00:00.000
7386,6581,riley17@adventure-works.com,4451BB5A-5CB0-4387-80A8-47BB4909BDEE,2014-05-28 00:00:00.000
7387,6582,stefanie14@adventure-works.com,48C0074F-1A06-47BA-8D6D-24EAF8ADD631,2014-01-15 00:00:00.000
7388,6583,stefanie15@adventure-works.com,F4277995-981F-4B5A-A819-685C4FEEDB4D,2013-09-29 00:00:00.000
7389,6584,riley18@adventure-works.com,D1BC425A-A053-47D1-AF50-D393AE2A48E2,2014-01-04 00:00:00.000
7390,6585,stefanie16@adventure-works.com,010CE7EE-606D-4E9D-8167-5E5185FF4219,2013-08-03 00:00:00.000
7391,6586,riley19@adventure-works.com,DA74D3B7-BADC-44C4-B2C8-B7AC9D1C16B0,2011-11-11 00:00:00.000
7392,6587,vanessa1@adventure-works.com,3A6BE6EE-EB86-4EE5-848B-E43631710ECB,2013-12-19 00:00:00.000
7393,6588,stefanie17@adventure-works.com,5A08218C-1FA3-45FF-8792-AA8625ED3A70,2012-12-02 00:00:00.000
7394,6589,clarence32@adventure-works.com,228DD53C-F487-482F-90C6-33033E9AA2AF,2011-06-19 00:00:00.000
7395,6590,vanessa2@adventure-works.com,97119F78-1ECE-406A-8813-04470AA6BC38,2014-02-02 00:00:00.000
7396,6591,vanessa3@adventure-works.com,DD0B8EB9-C37F-42B4-BDF9-9C0F2F0B2EEB,2014-05-21 00:00:00.000
7397,6592,vanessa4@adventure-works.com,079F958A-B4CC-4D3C-A2F4-6EBF8D66B2AF,2012-07-27 00:00:00.000
7398,6593,stefanie18@adventure-works.com,B1FC5586-5D4E-42E9-BDD6-428DB03CA8D2,2013-10-06 00:00:00.000
7399,6594,vanessa5@adventure-works.com,4BD19EA7-E287-4C30-A5B2-7D52999E054A,2011-07-27 00:00:00.000
7400,6595,vanessa6@adventure-works.com,8956F6B3-A7A3-441A-A458-BDA181930916,2013-03-01 00:00:00.000
7401,6596,vanessa7@adventure-works.com,6A6861E0-D508-4379-9ED1-6A2E6EE8FCEC,2013-12-24 00:00:00.000
7402,6597,tammy1@adventure-works.com,2DB12A88-4D5B-4DFC-9E92-EBBB73A8CF2A,2013-11-02 00:00:00.000
7403,6598,vanessa8@adventure-works.com,0FF2A3DE-4036-4C9B-B033-AB43DCF77E38,2014-04-07 00:00:00.000
7404,6599,vanessa9@adventure-works.com,49F0B3C3-671F-4CB0-9015-42E80000893C,2011-09-21 00:00:00.000
7405,6600,vanessa10@adventure-works.com,1E98CEB2-D3DB-450B-BC3A-E300CFAD9725,2013-07-20 00:00:00.000
7406,6601,vanessa11@adventure-works.com,0C29EE4E-C8E6-41DF-96AF-341C1299C333,2014-03-06 00:00:00.000
7407,6602,tammy2@adventure-works.com,1511BDA7-EA3D-4D0A-B664-D9E0B32328F5,2011-12-22 00:00:00.000
7408,6603,vanessa12@adventure-works.com,EE910433-1EBB-4E35-9E34-89525AE65130,2014-05-21 00:00:00.000
7409,6604,vanessa13@adventure-works.com,0E380DCC-70C2-4C83-B750-2FDE5AC3D82E,2014-02-06 00:00:00.000
7410,6605,vanessa14@adventure-works.com,A83214A9-F26C-41D9-819B-FE0C099E24CB,2012-03-15 00:00:00.000
7411,6606,tammy3@adventure-works.com,D6F749BF-F008-4447-9046-37B234E4A2A5,2014-05-21 00:00:00.000
7412,6607,tammy4@adventure-works.com,1741BDEB-B477-4D8B-9597-D45099FB124C,2013-05-27 00:00:00.000
7413,6608,vanessa15@adventure-works.com,82990B68-60C8-4BAE-9B45-D97C4AD8514C,2014-01-14 00:00:00.000
7414,6609,vanessa16@adventure-works.com,6423A3A6-33CA-41CF-8B8B-B1F41EC392DE,2012-06-25 00:00:00.000
7415,6610,tammy5@adventure-works.com,5A23FBD3-F23E-4997-8BAB-7C5B498AE0AC,2013-08-22 00:00:00.000
7416,6611,tammy6@adventure-works.com,B1504CDA-7C7D-4289-A8DD-323F849F8D35,2014-04-14 00:00:00.000
7417,6612,vanessa17@adventure-works.com,18179550-A536-42A3-A6BE-3946D8A6D0A9,2013-09-04 00:00:00.000
7418,6613,vanessa18@adventure-works.com,8460E0D7-ACE0-4001-AB5A-218542811436,2013-07-27 00:00:00.000
7419,6614,clarence33@adventure-works.com,E404E568-CDAA-4C57-BDB8-C6D168670032,2013-12-21 00:00:00.000
7420,6615,tammy7@adventure-works.com,DD9B5F24-2AB1-408C-88B8-6883F9325025,2013-09-27 00:00:00.000
7421,6616,vanessa19@adventure-works.com,CC05AF49-C958-4733-AC56-970BB2653322,2012-06-01 00:00:00.000
7422,6617,vanessa20@adventure-works.com,77DC032B-D9E1-4474-944A-D3677F9FF1CA,2012-05-22 00:00:00.000
7423,6618,tammy8@adventure-works.com,1DA9638E-F3AE-4FCA-88AF-8FB1DB9AF750,2013-10-31 00:00:00.000
7424,6619,tammy9@adventure-works.com,EDE2D70F-1841-4D84-AE6E-8E8AF7FB6555,2012-05-25 00:00:00.000
7425,6620,tammy10@adventure-works.com,BA1C864B-FF6B-4493-BB2B-7180955E30CC,2013-07-30 00:00:00.000
7426,6621,vanessa21@adventure-works.com,8ED4B16F-A86D-4169-8592-24B44D7FD4E8,2014-03-07 00:00:00.000
7427,6622,vanessa22@adventure-works.com,4FA58216-874D-479C-9F64-65DE48EAAFC1,2014-05-01 00:00:00.000
7428,6623,vanessa23@adventure-works.com,98FCCE53-1329-43E0-A00A-598F32F9C409,2014-05-05 00:00:00.000
7429,6624,tammy11@adventure-works.com,D4FC7755-D3E6-4DD5-A7B8-0C56B7C77167,2014-04-15 00:00:00.000
7430,6625,ana0@adventure-works.com,61AF730A-B7F9-40A4-8C48-83D9B4121C5F,2013-06-19 00:00:00.000
7431,6626,tammy12@adventure-works.com,D632E19B-4A31-419F-AE24-32DA248D6580,2014-05-07 00:00:00.000
7432,6627,ana1@adventure-works.com,05AF32A0-D7E5-4C66-AA94-696B2AD039C4,2013-04-26 00:00:00.000
7433,6628,ana2@adventure-works.com,0736B955-C678-4F6B-834A-A4808B81A2CA,2013-08-31 00:00:00.000
7434,6629,ana3@adventure-works.com,5C7B8732-B0DB-4446-A335-21A273065F4B,2014-06-23 00:00:00.000
7435,6630,ana4@adventure-works.com,F0A0030A-C802-4E7C-AE6E-665661BA1532,2014-05-19 00:00:00.000
7436,6631,ana5@adventure-works.com,2AB72A94-ADB7-4D82-9937-739F902791EB,2014-05-08 00:00:00.000
7437,6632,tammy13@adventure-works.com,3254A918-F3C4-438C-BEA3-F02DF7610B52,2013-09-08 00:00:00.000
7438,6633,ana6@adventure-works.com,71BA4A7A-8F03-4C31-8B60-04832E74EAD1,2014-01-04 00:00:00.000
7439,6634,tammy14@adventure-works.com,CBAD12B6-3A99-4BDF-A763-C6D5451498BE,2013-04-21 00:00:00.000
7440,6635,ana7@adventure-works.com,C0B5F43B-5D66-429F-BB32-C1F941A95D3A,2013-07-18 00:00:00.000
7441,6636,ana8@adventure-works.com,43688FED-A9C9-4282-9375-8855D0139D1E,2013-11-29 00:00:00.000
7442,6637,tammy15@adventure-works.com,62E7EDE8-CF7A-48B7-83FE-EDE9BE393112,2013-11-01 00:00:00.000
7443,6638,ana9@adventure-works.com,401CF094-E651-4C1F-8F6E-C25D4EB82C2C,2013-12-25 00:00:00.000
7444,6639,clarence34@adventure-works.com,07D95FC2-C7C8-4E1A-BC09-8F4BFC844171,2013-08-09 00:00:00.000
7445,6640,tammy16@adventure-works.com,210CC3F8-D87E-4ED5-8F5C-5FB0ACDCCC6C,2013-12-27 00:00:00.000
7446,6641,tammy17@adventure-works.com,0F1BC674-89EA-4422-B864-226CDA6922EE,2014-04-03 00:00:00.000
7447,6642,ana10@adventure-works.com,F47B31CD-1EFC-438D-89F0-517C708B19F2,2013-11-24 00:00:00.000
7448,6643,tammy18@adventure-works.com,B0E34D9E-1A05-45B2-A41C-CCF82366446B,2014-04-12 00:00:00.000
7449,6644,tammy19@adventure-works.com,AFCAC37E-A311-42DC-ADFC-43F0C8BD3C57,2013-09-21 00:00:00.000
7450,6645,ana11@adventure-works.com,450F9B89-F476-4C86-8C70-2BEAD2811B11,2014-02-06 00:00:00.000
7451,6646,ana12@adventure-works.com,E14894FD-728A-497D-9B5B-18ED81B2CE26,2012-04-07 00:00:00.000
7452,6647,ana13@adventure-works.com,95DA032E-960C-4198-A24F-0111214F6B84,2012-12-15 00:00:00.000
7453,6648,tammy20@adventure-works.com,E8CDF877-98A2-480A-9E4B-543DD44EF34E,2013-12-06 00:00:00.000
7454,6649,ana14@adventure-works.com,6ECA3576-B266-4D51-B24D-C13D78E7C261,2013-10-21 00:00:00.000
7455,6650,tammy21@adventure-works.com,67D37701-9088-4756-B2EF-B92A5832939B,2013-12-31 00:00:00.000
7456,6651,ana15@adventure-works.com,DB32E953-7C02-4E1D-9D2B-EA23CE579BDD,2014-05-30 00:00:00.000
7457,6652,ana16@adventure-works.com,F0435EF2-8A61-4F94-865C-BE18648B9390,2012-07-21 00:00:00.000
7458,6653,ana17@adventure-works.com,87D2CA07-B86B-40C2-8B61-5868FD90E266,2014-05-07 00:00:00.000
7459,6654,dominique0@adventure-works.com,350ACF29-55A6-444F-9C39-72F1DCF3D46B,2014-05-14 00:00:00.000
7460,6655,ana18@adventure-works.com,D7F96D65-306A-4784-B43A-2E965BE86246,2013-07-02 00:00:00.000
7461,6656,dominique1@adventure-works.com,A0808C64-F437-4FB5-9281-E6546E80BA87,2013-12-31 00:00:00.000
7462,6657,ana19@adventure-works.com,5E705164-9B3C-49BD-AE00-D44672E7A0A8,2013-08-25 00:00:00.000
7463,6658,dominique2@adventure-works.com,9D44C1FB-59DF-40C2-BA1E-5D98D9E622BE,2013-08-13 00:00:00.000
7464,6659,ana20@adventure-works.com,899C5A5C-DF7F-4224-844C-AA08FA1EF0BA,2014-06-25 00:00:00.000
7465,6660,ana21@adventure-works.com,3EC2831F-B573-4EEA-B5EC-57931CD92FA6,2014-02-14 00:00:00.000
7466,6661,dominique3@adventure-works.com,0AF3940F-73FB-43A7-872D-C86645C0C5D3,2013-11-03 00:00:00.000
7467,6662,isabel0@adventure-works.com,D278191F-B547-48AD-9FE7-841BAF071152,2013-03-24 00:00:00.000
7468,6663,isabel1@adventure-works.com,211BA9A5-DE3C-4E4A-A3FF-910B5E880026,2013-09-02 00:00:00.000
7469,6664,isabel2@adventure-works.com,C8B898AA-B528-4436-9B60-9C1B6D788433,2014-02-27 00:00:00.000
7470,6665,isabel3@adventure-works.com,B341A49A-51B9-42F1-A082-AC1E01300547,2012-08-28 00:00:00.000
7471,6666,isabel4@adventure-works.com,219CA3EA-1D42-4ABD-8EFE-34A612771024,2014-01-05 00:00:00.000
7472,6667,dominique4@adventure-works.com,F60872DD-4147-4795-9497-D126BAF7C992,2012-12-25 00:00:00.000
7473,6668,dominique5@adventure-works.com,76B1CE32-52CB-45B9-BA8A-862DD834B8AD,2013-07-04 00:00:00.000
7474,6669,isabel5@adventure-works.com,7C3CB426-F179-4011-80D2-F059B1AEB0DD,2013-11-05 00:00:00.000
7475,6670,isabel6@adventure-works.com,8E0D6B8A-CF70-4E82-BFCE-3D8904AB9DEE,2013-07-18 00:00:00.000
7476,6671,isabel7@adventure-works.com,C77FE6D0-941A-4FCF-8CF0-47775657AFFF,2012-03-17 00:00:00.000
7477,6672,isabel8@adventure-works.com,62A7E840-29D5-43EB-993A-23F7D39C1B22,2014-04-18 00:00:00.000
7478,6673,isabel9@adventure-works.com,ADC3FB29-7BB5-4462-B62C-A015D02F9B9B,2014-02-02 00:00:00.000
7479,6674,dominique6@adventure-works.com,14D0350C-EB06-47AE-8026-7746D1DE12BB,2013-10-27 00:00:00.000
7480,6675,isabel10@adventure-works.com,B05EDFD3-0770-4E7F-BB5B-8AADA41A9DD3,2013-08-17 00:00:00.000
7481,6676,isabel11@adventure-works.com,EF6BBC91-4750-4445-9C9E-417DD17996FC,2013-07-10 00:00:00.000
7482,6677,isabel12@adventure-works.com,7EBD65DA-11F1-44F5-9E1C-49FD89B41280,2014-04-19 00:00:00.000
7483,6678,isabel13@adventure-works.com,693890AD-2FAC-49D6-8B37-FD53D301CB8D,2013-09-26 00:00:00.000
7484,6679,dominique7@adventure-works.com,B63066CD-A923-4998-A8D0-88284BAA0AA5,2013-05-12 00:00:00.000
7485,6680,isabel14@adventure-works.com,D4C1C9C3-1A71-4FB6-852E-A4C204A1F027,2013-09-26 00:00:00.000
7486,6681,dominique8@adventure-works.com,55688EFF-B8F4-4305-8496-2C72DAC1B4F2,2013-11-16 00:00:00.000
7487,6682,isabel15@adventure-works.com,01FDAAA4-5291-47A8-8935-305D6ECAC22D,2014-01-10 00:00:00.000
7488,6683,isabel16@adventure-works.com,FDEA7882-BB54-4CB4-9152-8634595ED16A,2014-03-26 00:00:00.000
7489,6684,clarence35@adventure-works.com,25A84E71-AA95-46EB-A978-2B9AB62912FE,2012-01-01 00:00:00.000
7490,6685,isabel17@adventure-works.com,1211657B-A7CE-4277-94F4-BF19F70DB363,2012-01-07 00:00:00.000
7491,6686,dominique9@adventure-works.com,E5DF5AAB-3BB4-45C2-BF56-56E8F1D64194,2014-02-07 00:00:00.000
7492,6687,isabel18@adventure-works.com,B8CD6550-0417-43CB-B57D-D6117D65BC5A,2014-02-10 00:00:00.000
7493,6688,dominique10@adventure-works.com,F2E8C806-DC5F-4D02-B738-A3DD1973DA05,2012-03-06 00:00:00.000
7494,6689,isabel19@adventure-works.com,49A2EB07-FD9E-4EFE-9656-1680A18825B9,2013-08-02 00:00:00.000
7495,6690,dominique11@adventure-works.com,F29F10CE-B98B-434F-97AA-84CE55FF5B48,2014-03-28 00:00:00.000
7496,6691,isabel20@adventure-works.com,FCF76228-CD1D-4F92-9AE8-E1C18FF859B7,2013-12-26 00:00:00.000
7497,6692,isabel21@adventure-works.com,CADA2581-8CDF-416D-827D-2C47C557CC4F,2014-01-12 00:00:00.000
7498,6693,dominique12@adventure-works.com,1A0F8265-4AB6-42AD-B91F-4682E6A43854,2011-06-26 00:00:00.000
7499,6694,isabelle0@adventure-works.com,DFD2A9BA-6181-49C8-AEC2-08B057FA0D4D,2012-05-05 00:00:00.000
7500,6695,dominique13@adventure-works.com,C2C14F59-962F-4BD2-9098-F144E0B0010A,2013-03-12 00:00:00.000
7501,6696,dominique14@adventure-works.com,87248CCC-0C96-4E84-AD66-D415510E869D,2012-01-06 00:00:00.000
7502,6697,isabelle1@adventure-works.com,006740CC-4F92-45EF-B828-CA0671CED7A9,2013-10-27 00:00:00.000
7503,6698,isabelle2@adventure-works.com,498AC13A-FB92-46E0-8A76-BC1BC721FC70,2014-03-27 00:00:00.000
7504,6699,dominique15@adventure-works.com,44710295-4415-4C4C-82DD-37DC95FF7F23,2013-06-30 00:00:00.000
7505,6700,isabelle3@adventure-works.com,84CF0A1A-7323-435C-B44F-1E1A7B895690,2012-03-06 00:00:00.000
7506,6701,isabelle4@adventure-works.com,6A5F9643-ACFD-4A90-93EB-90B4AC90ADAA,2013-08-17 00:00:00.000
7507,6702,isabelle5@adventure-works.com,5B2FDCF5-C2B9-482A-A4BA-D21C30554FD0,2014-04-13 00:00:00.000
7508,6703,isabelle6@adventure-works.com,FE15E4BF-4170-42FC-BD41-7825FBF4BE17,2013-07-01 00:00:00.000
7509,6704,dominique16@adventure-works.com,673C4F5C-4B42-4CAE-80D1-7D92DEC680FB,2014-02-16 00:00:00.000
7510,6705,isabelle7@adventure-works.com,F91BE732-D223-45C5-8E67-F7F26E8AA79A,2014-02-24 00:00:00.000
7511,6706,clarence36@adventure-works.com,6DF5F063-C402-4EF8-B3C1-42EE1ED88115,2012-02-05 00:00:00.000
7512,6707,dominique17@adventure-works.com,A0605911-A93A-4C5F-9B13-2999E2C6F07A,2012-05-17 00:00:00.000
7513,6708,dominique18@adventure-works.com,7FB21A04-047B-40DF-AB97-A5E2E3701BAF,2013-08-14 00:00:00.000
7514,6709,isabelle8@adventure-works.com,4FAB93BB-8E05-4229-80CB-D4AC9A54491B,2012-11-27 00:00:00.000
7515,6710,carla3@adventure-works.com,53E23FA8-F3D1-471B-84BA-5996ADE6FC5C,2013-07-13 00:00:00.000
7516,6711,isabelle9@adventure-works.com,E43990F7-02D0-42A0-A20B-88431CB7AD32,2012-11-15 00:00:00.000
7517,6712,isabelle10@adventure-works.com,1D3160C7-3461-4E81-A403-1603C1FF3346,2013-07-20 00:00:00.000
7518,6713,carla4@adventure-works.com,677C7627-2086-4BF1-98F9-74B59646616C,2013-08-17 00:00:00.000
7519,6714,carla5@adventure-works.com,8AF212E5-1DAF-4012-8C9E-749DDAE7F401,2012-07-01 00:00:00.000
7520,6715,isabelle11@adventure-works.com,5F76F1E7-862E-4CDD-A539-02649108D67A,2013-07-23 00:00:00.000
7521,6716,isabelle12@adventure-works.com,0BEC6556-6275-4A01-96B0-7EEAACEB97B0,2013-08-05 00:00:00.000
7522,6717,carla6@adventure-works.com,99E766C9-F139-443A-B27D-F56499619AAE,2013-10-12 00:00:00.000
7523,6718,isabelle13@adventure-works.com,A94E567D-7F3B-4CDF-8BE8-77E8F7B98521,2013-03-08 00:00:00.000
7524,6719,isabelle14@adventure-works.com,B778244C-C35D-4B89-812F-CC324A231B57,2013-10-05 00:00:00.000
7525,6720,isabelle15@adventure-works.com,6F1CEA72-BAC5-4789-B9B2-1AD3F038011D,2014-05-03 00:00:00.000
7526,6721,carla7@adventure-works.com,07594CD5-A959-4426-AAD9-538C1EAB5924,2013-07-21 00:00:00.000
7527,6722,isabelle16@adventure-works.com,1FD9908E-A6B7-4AD0-AF7D-718A64542B96,2012-03-11 00:00:00.000
7528,6723,carla8@adventure-works.com,89C35336-4EA2-497F-A463-E85949D4327E,2014-06-19 00:00:00.000
7529,6724,isabelle17@adventure-works.com,AA7A9090-9243-41BD-AAB8-FDF4C84382E3,2013-05-28 00:00:00.000
7530,6725,isabelle18@adventure-works.com,C5EC2831-F9C2-4316-83DA-0F328FB59627,2013-12-20 00:00:00.000
7531,6726,isabelle19@adventure-works.com,CF1B455F-6C42-4884-AF93-BCD03D9ADC6A,2014-04-04 00:00:00.000
7532,6727,isabelle20@adventure-works.com,5985ACB6-D45A-47FD-942A-3E59BD4FE840,2014-05-17 00:00:00.000
7533,6728,kelly4@adventure-works.com,7EE8F613-EA6D-4EC4-B2CF-56DFC2CED8B7,2013-08-24 00:00:00.000
7534,6729,kelly5@adventure-works.com,7924FEA7-DA22-4419-B734-9616FAFAD14A,2011-12-20 00:00:00.000
7535,6730,damien7@adventure-works.com,0961F9AE-1FC5-438D-BF71-A43E325F2548,2012-12-06 00:00:00.000
7536,6731,franklin0@adventure-works.com,183158C0-5B54-4721-BA8A-16ACDF0090D7,2014-01-04 00:00:00.000
7537,6732,carla9@adventure-works.com,160E6F10-3D4E-4B0D-8E7E-17F3D7814C30,2013-12-03 00:00:00.000
7538,6733,kelly6@adventure-works.com,DE79B0D4-B7A2-4FAC-82FD-1F8DEA4B1CF4,2014-03-09 00:00:00.000
7539,6734,carla10@adventure-works.com,DFD5830F-A049-4EB2-8CDF-672FFC4D7C8F,2014-05-04 00:00:00.000
7540,6735,carla11@adventure-works.com,48D47EE2-CA66-4D19-B435-A013724012F7,2013-12-15 00:00:00.000
7541,6736,kelly7@adventure-works.com,DBE67834-8EC9-4BFD-9B3A-C384D10ED48C,2013-08-18 00:00:00.000
7542,6737,kelly8@adventure-works.com,9D6E2747-584D-4936-923E-F19CF892C103,2013-11-21 00:00:00.000
7543,6738,kelly9@adventure-works.com,DC46C7DA-4E41-4F14-9CEB-06A744364B81,2013-11-17 00:00:00.000
7544,6739,carla12@adventure-works.com,7F95E03C-8D98-4D9D-A037-105143EE05C8,2012-08-04 00:00:00.000
7545,6740,kelly10@adventure-works.com,B0528880-9FB8-43C5-8C5E-B7C98CFB4EE5,2013-03-07 00:00:00.000
7546,6741,kelly11@adventure-works.com,6166E7A3-F6C2-42B9-93DA-71A9D5AAA5A1,2013-08-22 00:00:00.000
7547,6742,kelly12@adventure-works.com,0621E40C-BD79-41F9-8E49-72B6819BC178,2014-02-09 00:00:00.000
7548,6743,carla13@adventure-works.com,C3775EA5-7B52-4202-9657-B7018D30C46E,2012-01-26 00:00:00.000
7549,6744,kelly13@adventure-works.com,34069238-7DE3-41FA-83A5-0B24FC9A3443,2011-10-23 00:00:00.000
7550,6745,kelly14@adventure-works.com,D02B2BFD-4418-4099-BB17-EE8F14AF0A26,2014-05-28 00:00:00.000
7551,6746,carla14@adventure-works.com,15D5D869-C022-4573-8F84-FF196311B35D,2012-03-24 00:00:00.000
7552,6747,kelly15@adventure-works.com,5F9412C2-F466-4859-B16B-54368D3D2DE0,2013-10-03 00:00:00.000
7553,6748,kelly16@adventure-works.com,9AC0D34B-AFF9-4892-92EA-E5AA85A23D65,2013-07-09 00:00:00.000
7554,6749,carla15@adventure-works.com,A9F2F99F-315D-4D6F-A3A8-A84262A8758B,2012-03-30 00:00:00.000
7555,6750,kelly17@adventure-works.com,C9BD6E16-4FAC-47C7-9C1F-FA8BF9A29FB8,2012-11-12 00:00:00.000
7556,6751,kelly18@adventure-works.com,0FFA6F83-CC85-466F-A67B-EC448D71F1AC,2013-12-15 00:00:00.000
7557,6752,carla16@adventure-works.com,7BE6F6B8-F69F-490A-BB00-CF7044552683,2013-08-01 00:00:00.000
7558,6753,kelly19@adventure-works.com,68D79BAC-1F9D-4D13-BEE5-2A7771E159C0,2013-09-06 00:00:00.000
7559,6754,kelly20@adventure-works.com,E215D681-C490-4AEF-9DCD-804E5FBE90D9,2013-09-05 00:00:00.000
7560,6755,carla17@adventure-works.com,C82FF5DA-789A-4AC2-9D59-FDCD3B51684D,2013-09-09 00:00:00.000
7561,6756,franklin1@adventure-works.com,C217C93D-3EA8-4594-B6AB-CB01A12C41E6,2013-08-14 00:00:00.000
7562,6757,carla18@adventure-works.com,1F9F5A73-69D9-4628-A08D-D422243D2C16,2014-04-04 00:00:00.000
7563,6758,carla19@adventure-works.com,50821587-EB50-49E3-9A92-199794FE2A2B,2013-07-16 00:00:00.000
7564,6759,carla20@adventure-works.com,75D8677B-25F6-4915-8190-7D232A3AC433,2013-11-24 00:00:00.000
7565,6760,kelly21@adventure-works.com,586FA09D-BF1D-4A0F-BF9F-BEDA060755C5,2014-04-30 00:00:00.000
7566,6761,carla21@adventure-works.com,6C258459-64FC-41C5-B640-8E0FFCA1CDFF,2011-11-15 00:00:00.000
7567,6762,kelly22@adventure-works.com,DBE5E127-DE9E-44E0-B5A6-3B9DF83920C8,2014-02-04 00:00:00.000
7568,6763,kelly23@adventure-works.com,7B686BE1-2403-42DA-BF5B-B3C54F7501E7,2013-11-15 00:00:00.000
7569,6764,carla22@adventure-works.com,4D57FBDA-8DF4-4398-AA19-C9F33987B094,2012-07-08 00:00:00.000
7570,6765,kelly24@adventure-works.com,5ABEDB23-6746-4DF8-88EC-F1524965292A,2013-09-04 00:00:00.000
7571,6766,carla23@adventure-works.com,B2E20556-9194-4F55-BEB2-7B6FECE246F4,2014-03-27 00:00:00.000
7572,6767,kelly25@adventure-works.com,89E902FC-5A4A-4119-B061-23F2E474FDE9,2012-11-14 00:00:00.000
7573,6768,carla24@adventure-works.com,82F6E32E-8389-48E7-B6D6-633E95D602DC,2013-08-15 00:00:00.000
7574,6769,virginia1@adventure-works.com,BC8123B3-E26B-4BA6-A330-2798A83B10EC,2013-06-16 00:00:00.000
7575,6770,kelly26@adventure-works.com,452D0417-15FE-4779-A6BE-93FA56126635,2013-08-31 00:00:00.000
7576,6771,virginia2@adventure-works.com,357C3245-CBC9-4C25-AA13-D8C5918E9495,2014-04-01 00:00:00.000
7577,6772,kelly27@adventure-works.com,6BA90C6C-F329-4963-88B3-AD86A348B35C,2014-03-07 00:00:00.000
7578,6773,marissa19@adventure-works.com,6195DEFF-BFF9-4FA3-9A3A-65E922D39D1A,2013-07-19 00:00:00.000
7579,6774,virginia3@adventure-works.com,46A2C58E-DBCE-4B24-8029-541BB3A8CE3D,2014-04-25 00:00:00.000
7580,6775,marissa20@adventure-works.com,A95F5D70-C873-4D53-96C6-F0F6FD00B28A,2011-11-25 00:00:00.000
7581,6776,melanie0@adventure-works.com,DC4A96FC-E108-4199-84A1-5B53094749F1,2013-10-02 00:00:00.000
7582,6777,franklin2@adventure-works.com,9811D89A-2C4B-416A-AA29-E80C4971CB3F,2014-06-30 00:00:00.000
7583,6778,virginia4@adventure-works.com,83CA1133-95F3-4518-8AA9-C210535C66E4,2013-11-24 00:00:00.000
7584,6779,melanie1@adventure-works.com,F9375C7A-892C-47D0-8C61-6E7788F2F63B,2014-05-25 00:00:00.000
7585,6780,melanie2@adventure-works.com,16700CED-7EE7-4034-A6B6-56F6745BAAF7,2013-10-14 00:00:00.000
7586,6781,virginia5@adventure-works.com,046F6464-3D39-4148-859F-2C060B153B7D,2013-03-27 00:00:00.000
7587,6782,melanie3@adventure-works.com,D023F7A5-612A-44F6-B225-5F135B71EA41,2011-07-19 00:00:00.000
7588,6783,virginia6@adventure-works.com,4A8F79B4-2985-4736-8435-CC346990BC15,2013-07-17 00:00:00.000
7589,6784,melanie4@adventure-works.com,23391E3D-3E98-4128-ADCC-130618158915,2014-05-01 00:00:00.000
7590,6785,melanie5@adventure-works.com,05FB6122-D9E3-49B4-8B09-F3D12DE06C8D,2014-04-12 00:00:00.000
7591,6786,virginia7@adventure-works.com,E5E14A5D-8875-48D6-97D5-B84D2001B2E3,2013-07-18 00:00:00.000
7592,6787,melanie6@adventure-works.com,07B541D4-1F94-4B91-B875-F51D9A1719F5,2014-06-05 00:00:00.000
7593,6788,melanie7@adventure-works.com,CBF44D6F-2707-4281-896D-601E6AAD5FBC,2013-07-02 00:00:00.000
7594,6789,melanie8@adventure-works.com,5F409989-43FF-4CC1-8736-A6CDE2C1F06C,2013-08-21 00:00:00.000
7595,6790,melanie9@adventure-works.com,27B6F0E7-6195-4B15-8975-4B39B5F2DAD0,2014-01-03 00:00:00.000
7596,6791,virginia8@adventure-works.com,0C872EA3-6AE2-4755-8C45-B6BAA77D4E1C,2013-08-21 00:00:00.000
7597,6792,melanie10@adventure-works.com,37D40130-916B-435D-8D41-72DF04E91ACA,2013-07-26 00:00:00.000
7598,6793,alexandria0@adventure-works.com,9607B2D8-D8A1-4F45-9E3D-A70DF41A611C,2013-11-14 00:00:00.000
7599,6794,virginia9@adventure-works.com,C72CEAAC-44B2-41A3-B8FA-07A755F1A4A4,2014-05-11 00:00:00.000
7600,6795,virginia10@adventure-works.com,11196D67-0B89-45DB-BE24-6DD0F0000BB5,2011-07-05 00:00:00.000
7601,6796,alexandria1@adventure-works.com,9524A6B8-014C-4136-B479-7B123961C036,2014-04-11 00:00:00.000
7602,6797,alexandria2@adventure-works.com,DA161CA3-8BBC-4C2B-9609-CCB3D105D4D6,2012-06-16 00:00:00.000
7603,6798,virginia11@adventure-works.com,D96892E5-D84C-421F-BAD6-9D57EA3EE758,2013-02-14 00:00:00.000
7604,6799,alexandria3@adventure-works.com,AC1EA16C-DB3D-4D7C-BC78-BBD4DF464455,2014-05-01 00:00:00.000
7605,6800,alexandria4@adventure-works.com,ECD75539-43EF-419C-9AE1-D5725B1558AD,2013-08-26 00:00:00.000
7606,6801,alexandria5@adventure-works.com,11224811-AEAC-44F9-93BD-E22A72A7962F,2013-10-08 00:00:00.000
7607,6802,virginia12@adventure-works.com,75F4A49C-EBDA-410F-947B-F232B879C024,2011-08-09 00:00:00.000
7608,6803,alexandria6@adventure-works.com,93D56416-505B-42A4-8126-89C8B8821BCC,2013-12-09 00:00:00.000
7609,6804,franklin3@adventure-works.com,59594589-3B2B-4D4D-B474-816B3D7FD373,2014-04-06 00:00:00.000
7610,6805,virginia13@adventure-works.com,1F48BDDC-70EA-4368-A966-C07049EC5DF6,2014-03-27 00:00:00.000
7611,6806,virginia14@adventure-works.com,AC84CFF3-3E2A-4736-9947-A02B5357DF24,2014-02-14 00:00:00.000
7612,6807,virginia15@adventure-works.com,92AF41F4-1171-497C-935E-79A7B02531D6,2012-09-08 00:00:00.000
7613,6808,alexandria7@adventure-works.com,D4C0B3D3-9C4B-4A00-B459-1570F2FCB902,2014-02-20 00:00:00.000
7614,6809,virginia16@adventure-works.com,7B53B458-FF11-4FB7-BA5F-C8F24C0B0577,2011-07-08 00:00:00.000
7615,6810,virginia17@adventure-works.com,7F14D86D-B6AF-4517-BD91-DD9D56D91979,2014-01-13 00:00:00.000
7616,6811,alexandria8@adventure-works.com,6B9BD76D-CB9A-4724-BFCF-D78B54379430,2013-12-04 00:00:00.000
7617,6812,alexandria9@adventure-works.com,865C925E-3FD7-496E-B731-A77C348C861F,2013-07-21 00:00:00.000
7618,6813,alexandria10@adventure-works.com,9BD58FBC-5E81-4699-A2D3-6AD79E52DE1C,2013-08-09 00:00:00.000
7619,6814,virginia18@adventure-works.com,6B7772B5-1EDF-4A35-8E4A-CE178E848E4A,2013-06-02 00:00:00.000
7620,6815,alexandria11@adventure-works.com,68899A9E-C251-4F68-B693-DCB06053D23D,2011-06-13 00:00:00.000
7621,6816,virginia19@adventure-works.com,F76E59B5-AA05-4990-AD01-70315504B4EC,2013-03-02 00:00:00.000
7622,6817,virginia20@adventure-works.com,86BB96D4-7CD2-458E-94BC-0A1F7F07E637,2013-11-22 00:00:00.000
7623,6818,virginia21@adventure-works.com,B93BAB14-4ABF-42D1-8FED-829512C93BE1,2012-03-15 00:00:00.000
7624,6819,alexandria12@adventure-works.com,6E24DA4B-569B-466B-855C-95F5258DE91A,2014-03-15 00:00:00.000
7625,6820,alexandria13@adventure-works.com,5DA56513-76B3-4E47-9ADF-41AA226CF0D4,2014-05-13 00:00:00.000
7626,6821,virginia22@adventure-works.com,2D4E7CF0-F1DA-4AF3-821D-E0EAA839AF21,2013-07-17 00:00:00.000
7627,6822,alexandria14@adventure-works.com,E3EB9F5D-A695-402E-8F6B-AEB56FB9B456,2014-04-14 00:00:00.000
7628,6823,franklin4@adventure-works.com,9073B69E-AD29-4AE6-BBDC-91D5A4935811,2013-10-10 00:00:00.000
7629,6824,alexandria15@adventure-works.com,A777C263-DEA9-41D3-B798-0A0D6928E17E,2013-07-06 00:00:00.000
7630,6825,alexandria16@adventure-works.com,F8B8C7C8-81F6-4503-B929-E5960FF21DCA,2014-06-16 00:00:00.000
7631,6826,alexandria17@adventure-works.com,A992FCB5-3F6F-4C97-8773-3CABA2612DD5,2012-08-11 00:00:00.000
7632,6827,virginia23@adventure-works.com,88196402-4EB1-442A-B354-5A27B342DC15,2013-05-27 00:00:00.000
7633,6828,alexandria18@adventure-works.com,2C63CD16-F2B0-489E-8368-99D6EB184CFE,2014-06-13 00:00:00.000
7634,6829,alexandria19@adventure-works.com,566FDBDC-F1C2-4E23-9695-E065F9027C04,2013-10-06 00:00:00.000
7635,6830,regina0@adventure-works.com,45807D15-2BB8-4C16-8D4D-D48734595B53,2013-07-05 00:00:00.000
7636,6831,alexandria20@adventure-works.com,47151533-313E-4DF1-8539-D3F01F8EB7E4,2014-03-09 00:00:00.000
7637,6832,regina1@adventure-works.com,5D6D50B9-89AB-4B24-884A-E2B1A2003E76,2013-09-07 00:00:00.000
7638,6833,regina2@adventure-works.com,4F365193-799C-4045-9E0E-DE3DF58AFC65,2013-09-07 00:00:00.000
7639,6834,alexandria21@adventure-works.com,F6D9E295-9CC3-4685-B412-F0F110C217F2,2014-03-30 00:00:00.000
7640,6835,alexandria22@adventure-works.com,DD3C2360-F0D5-4917-848A-1E93CD5A3679,2013-09-06 00:00:00.000
7641,6836,alexandria23@adventure-works.com,66F3C0BE-BBC7-4BC8-B00F-034217C08DF2,2013-12-15 00:00:00.000
7642,6837,angela2@adventure-works.com,45C6C7ED-80F4-4ED9-934E-BDAA13D4CE7F,2013-12-14 00:00:00.000
7643,6838,angela3@adventure-works.com,4DA05106-B8D6-44B8-95DB-00209C085C70,2014-06-27 00:00:00.000
7644,6839,angela4@adventure-works.com,594D4E88-AAF7-4F8D-A382-C26198815680,2013-10-04 00:00:00.000
7645,6840,regina3@adventure-works.com,141E5EC4-7E15-4FC8-8841-166799DE369C,2011-12-15 00:00:00.000
7646,6841,angela5@adventure-works.com,A5EA1409-90FA-4281-A4E9-6FE00FA53038,2012-10-24 00:00:00.000
7647,6842,regina4@adventure-works.com,1787E258-15D0-4AEB-8E04-6D0DA86F07B3,2013-11-30 00:00:00.000
7648,6843,regina5@adventure-works.com,0541A6C1-C863-4373-A98F-B22028C99222,2012-06-19 00:00:00.000
7649,6844,angela6@adventure-works.com,7BD2EFA2-3C55-4B52-B963-7DF6992EF20C,2014-05-04 00:00:00.000
7650,6845,franklin5@adventure-works.com,9F5BCAD0-470E-42FA-BEAF-789832A98530,2013-12-02 00:00:00.000
7651,6846,regina6@adventure-works.com,F473F6E7-CC91-411C-AFD2-8DED1F204364,2011-12-14 00:00:00.000
7652,6847,regina7@adventure-works.com,D0E890DC-0A2E-490C-8887-30F2A2749B39,2013-10-27 00:00:00.000
7653,6848,angela7@adventure-works.com,2B3C4E66-CCE3-4D76-ADC6-CFFE0CCA3C27,2012-02-14 00:00:00.000
7654,6849,angela8@adventure-works.com,DEF32030-15D8-4D22-9D35-CA12FBBEA5F9,2014-03-04 00:00:00.000
7655,6850,angela9@adventure-works.com,138F5117-4685-4425-A9E7-20B3AE9F6A14,2013-04-20 00:00:00.000
7656,6851,regina8@adventure-works.com,C28FD07C-CC02-4175-BF0C-C935A9B6EB24,2014-02-15 00:00:00.000
7657,6852,angela10@adventure-works.com,B18C6B13-FEB6-424A-BF73-987CFBD265FB,2012-02-07 00:00:00.000
7658,6853,angela11@adventure-works.com,7255EE83-D456-4EB1-897C-9DEE8AB7B77B,2013-09-30 00:00:00.000
7659,6854,regina9@adventure-works.com,7ECF03A7-2856-4D98-AB71-EE2F06167DEA,2014-01-11 00:00:00.000
7660,6855,angela12@adventure-works.com,0B47670B-BE93-4B47-A347-29768C983ECE,2013-10-18 00:00:00.000
7661,6856,regina10@adventure-works.com,7A4B9B50-EF60-41C5-A8C9-2364ED0AB2F2,2013-09-04 00:00:00.000
7662,6857,angela13@adventure-works.com,F4A687DB-BD5F-4D6D-BB1F-F56C39006C77,2013-07-20 00:00:00.000
7663,6858,angela14@adventure-works.com,230A21B3-2421-4665-ABF1-0560A88EE827,2013-04-01 00:00:00.000
7664,6859,regina11@adventure-works.com,AFCFDDB1-7AC3-4EB6-8AD5-35A7F965EBF5,2013-10-16 00:00:00.000
7665,6860,regina12@adventure-works.com,C8407D86-6E1C-4C62-9A79-1EA95ADAA61E,2012-10-09 00:00:00.000
7666,6861,angela15@adventure-works.com,BE47CC5F-535D-40A5-B310-19ED608B15CC,2013-10-28 00:00:00.000
7667,6862,regina13@adventure-works.com,903170E1-27FF-48A6-8167-CE62BCACE47E,2013-11-02 00:00:00.000
7668,6863,regina14@adventure-works.com,0824FE88-A869-4755-94E0-220693377AB2,2014-04-26 00:00:00.000
7669,6864,angela16@adventure-works.com,1C0BD927-235A-4CA5-BE2E-6E4DE21E759A,2013-11-10 00:00:00.000
7670,6865,franklin6@adventure-works.com,431D33CA-7623-4200-93CC-0BB554429E8B,2014-01-07 00:00:00.000
7671,6866,regina15@adventure-works.com,5483EABD-C5EB-4F18-A22D-BE83ED40A76C,2013-12-20 00:00:00.000
7672,6867,angela17@adventure-works.com,C3F47513-E07E-4B24-B6F5-2B64BAE8D08A,2013-06-24 00:00:00.000
7673,6868,angela18@adventure-works.com,FDBD5D2D-66A4-4EAE-AE9C-66B93ED52BFD,2014-06-16 00:00:00.000
7674,6869,regina16@adventure-works.com,F757A6F8-9787-4203-92EE-A6F7AB6978CF,2013-09-12 00:00:00.000
7675,6870,angela19@adventure-works.com,0A264859-779E-4118-A7A3-70388CCA947E,2014-02-10 00:00:00.000
7676,6871,angela20@adventure-works.com,903B2782-1FD6-4313-9B03-40176DF8DBF5,2014-02-14 00:00:00.000
7677,6872,regina17@adventure-works.com,CA30FB2A-6824-49DF-AD15-5665DE52058D,2013-03-10 00:00:00.000
7678,6873,angela21@adventure-works.com,2BBEA2F8-57D8-4DFA-909A-BA7256A12411,2013-07-12 00:00:00.000
7679,6874,regina18@adventure-works.com,B27B74A2-B674-4754-9D48-F92A69CDB592,2014-02-03 00:00:00.000
7680,6875,angela22@adventure-works.com,7858FFE8-4C80-4871-92F2-5B9E51DE3310,2014-01-19 00:00:00.000
7681,6876,angela23@adventure-works.com,63E61677-5BC0-47BD-81FA-59345AFF4C7B,2014-06-01 00:00:00.000
7682,6877,regina19@adventure-works.com,8BDA90C6-7173-4E61-B138-D44B2E923B84,2013-08-31 00:00:00.000
7683,6878,angela24@adventure-works.com,0EE015F8-2934-480B-B940-A527D9059159,2012-11-18 00:00:00.000
7684,6879,angela25@adventure-works.com,57CA5937-419B-4A8B-B771-56FD4355A42D,2013-09-24 00:00:00.000
7685,6880,regina20@adventure-works.com,E8D8C6B6-36BB-4092-81B2-DF18EF9BAF7F,2013-05-20 00:00:00.000
7686,6881,arianna0@adventure-works.com,43B0D25E-BE9E-42A7-8117-F2DBF41B1D81,2013-07-16 00:00:00.000
7687,6882,arianna1@adventure-works.com,143505D8-035A-4A27-A00A-1188D12BADB0,2014-06-19 00:00:00.000
7688,6883,jerome0@adventure-works.com,63AA73AE-D3F5-4E71-A396-3E66164B067A,2011-10-14 00:00:00.000
7689,6884,jerome1@adventure-works.com,92331E29-0002-4F75-9F06-5137DC8083A8,2013-02-15 00:00:00.000
7690,6885,arianna2@adventure-works.com,3DECAC36-D978-45AE-928E-E43079FD7821,2013-08-22 00:00:00.000
7691,6886,jerome2@adventure-works.com,38E195E3-F822-4C7C-AD7B-8D846643FF67,2013-08-04 00:00:00.000
7692,6887,jerome3@adventure-works.com,9BA59858-8F37-428B-8663-8CC281B63924,2012-08-12 00:00:00.000
7693,6888,arianna3@adventure-works.com,406DDE59-CF85-4584-9A73-E0B2C0FD01C1,2014-06-01 00:00:00.000
7694,6889,arianna4@adventure-works.com,DD4FA769-92CC-44A4-8402-BFCD2F187811,2013-02-15 00:00:00.000
7695,6890,jerome4@adventure-works.com,F290BF16-1ED6-45BA-8771-9BA26694B789,2012-09-26 00:00:00.000
7696,6891,jerome5@adventure-works.com,584B9106-8B04-4507-9B80-353DDF77548C,2014-03-12 00:00:00.000
7697,6892,arianna5@adventure-works.com,4E5F89A7-735F-4BE2-83AE-A6E80B7A6C86,2012-04-28 00:00:00.000
7698,6893,arianna6@adventure-works.com,FB82F418-0CFB-4684-9775-7C7ABE5D4825,2013-12-10 00:00:00.000
7699,6894,arianna7@adventure-works.com,D4BD7DB4-680B-4EEC-9534-AEE00872463C,2014-02-14 00:00:00.000
7700,6895,jerome6@adventure-works.com,86753485-5983-4AAB-833A-BC643AE55D6D,2014-04-11 00:00:00.000
7701,6896,jerome7@adventure-works.com,9215067F-EF1A-4F00-BFAA-1E3236E9D187,2011-08-09 00:00:00.000
7702,6897,arianna8@adventure-works.com,65F17E19-FDE0-4840-A2A2-7E33B03AA583,2013-08-08 00:00:00.000
7703,6898,jerome8@adventure-works.com,80E60E2C-F042-4348-A3E9-87119C47DD41,2013-08-13 00:00:00.000
7704,6899,jerome9@adventure-works.com,AC3EA6AE-85F5-456F-B164-95CEDFCB4901,2013-12-29 00:00:00.000
7705,6900,franklin7@adventure-works.com,BB3453D3-82C5-4802-AEEB-C6AD84F3238A,2013-10-29 00:00:00.000
7706,6901,jerome10@adventure-works.com,46953EAB-F04F-4855-A311-FA562BBDD937,2012-06-20 00:00:00.000
7707,6902,arianna9@adventure-works.com,A5DEB5FB-62F1-4DBF-BEC8-5302114E0906,2013-07-11 00:00:00.000
7708,6903,jerome11@adventure-works.com,12BBFDBE-28B4-4A78-A8B2-DBBF967626A2,2012-11-03 00:00:00.000
7709,6904,arianna10@adventure-works.com,C1463E3C-8F91-45B1-997D-3008A31CD7F5,2011-06-29 00:00:00.000
7710,6905,jerome12@adventure-works.com,4B5846E3-0E7F-4357-9123-C8BCBC87C9C6,2014-02-20 00:00:00.000
7711,6906,arianna11@adventure-works.com,32FB4587-3ABD-45D4-9736-8AE151524C4E,2013-12-11 00:00:00.000
7712,6907,arianna12@adventure-works.com,3F6FA566-17D2-46CD-A2E9-F3302175D48F,2014-05-21 00:00:00.000
7713,6908,jerome13@adventure-works.com,48255096-4B7D-40AE-B6A8-65203C399431,2012-12-28 00:00:00.000
7714,6909,arianna13@adventure-works.com,44A09FD2-4CC5-463D-827F-080F827890B0,2011-11-29 00:00:00.000
7715,6910,arianna14@adventure-works.com,92E1F3F0-DE00-48D0-9CAD-FA527E982074,2014-05-02 00:00:00.000
7716,6911,arianna15@adventure-works.com,23DB0EEF-8AE4-4392-ADFB-014115147025,2014-04-21 00:00:00.000
7717,6912,jerome14@adventure-works.com,97F13525-055F-42A1-93C4-5FD6AA5666D3,2014-05-27 00:00:00.000
7718,6913,arianna16@adventure-works.com,EC4F40C2-9282-41C7-82F2-8323C3827E17,2013-06-27 00:00:00.000
7719,6914,arianna17@adventure-works.com,64FB6F66-0F33-459B-BD95-4707A9F17DAD,2014-04-15 00:00:00.000
7720,6915,jerome15@adventure-works.com,2761DD2B-B5E5-4FFB-93B4-A893DC110FC4,2013-02-15 00:00:00.000
7721,6916,arianna18@adventure-works.com,9E36FE6A-C824-46BA-856B-AA54CCE33C11,2013-07-27 00:00:00.000
7722,6917,jerome16@adventure-works.com,E56BB3D4-276C-44B6-8EC6-11535984146F,2014-03-25 00:00:00.000
7723,6918,arianna19@adventure-works.com,D8DE5833-6858-40C2-BE4D-BA226C2B306C,2012-04-14 00:00:00.000
7724,6919,jerome17@adventure-works.com,1E01B953-48BA-471E-B3AE-2CA037EB4B64,2014-03-28 00:00:00.000
7725,6920,arianna20@adventure-works.com,DBBDD512-C6B4-4E1E-B464-575A71A9A529,2012-09-06 00:00:00.000
7726,6921,jerome18@adventure-works.com,4A7A8889-CD8D-45B1-A511-627726578195,2012-05-26 00:00:00.000
7727,6922,jacqueline0@adventure-works.com,26BCA127-2A66-4B53-8BDB-43BC4A85EB98,2013-08-13 00:00:00.000
7728,6923,jerome19@adventure-works.com,97CEDE64-EC3D-4EF9-8AD1-D3D89917E75B,2014-01-24 00:00:00.000
7729,6924,jacqueline1@adventure-works.com,881F4CFF-F04A-4A34-B7AD-A6240A8CC673,2013-08-18 00:00:00.000
7730,6925,jacqueline2@adventure-works.com,E101A1FD-BE32-4E8A-AB18-8E2145D81C24,2014-01-10 00:00:00.000
7731,6926,franklin8@adventure-works.com,F59EDFE0-6608-47A7-9E04-4DF11E3F6D4B,2012-11-22 00:00:00.000
7732,6927,jerome20@adventure-works.com,4771C129-75AA-41FB-920E-F2520D571869,2011-11-30 00:00:00.000
7733,6928,jacqueline3@adventure-works.com,2F4B5A56-3331-4C71-A3B2-F39BC18882D6,2013-07-18 00:00:00.000
7734,6929,jacqueline4@adventure-works.com,3AE6577C-0A61-4407-AD48-14FD45E80CCB,2014-01-18 00:00:00.000
7735,6930,reginald8@adventure-works.com,35DC5A41-49FB-4099-8E2E-CEADD9F2EE05,2014-05-01 00:00:00.000
7736,6931,jacqueline5@adventure-works.com,F54C84E8-D8F1-4FB9-86B5-7502AB41CB46,2013-11-21 00:00:00.000
7737,6932,reginald9@adventure-works.com,82ABB1D5-8561-4E65-859C-2DA2065C9F41,2012-05-18 00:00:00.000
7738,6933,jacqueline6@adventure-works.com,9DD191FC-56EB-413D-A2DB-F7C1FB7B10EF,2014-04-29 00:00:00.000
7739,6934,jacqueline7@adventure-works.com,BD751368-76A5-4EDF-B21E-ED82D5EDB2B0,2013-12-13 00:00:00.000
7740,6935,reginald10@adventure-works.com,B29582A7-1535-4638-B44F-3A81A04D44CF,2014-06-24 00:00:00.000
7741,6936,jacqueline8@adventure-works.com,B210F911-656B-46DC-8575-F62B73B761FA,2013-09-13 00:00:00.000
7742,6937,jacqueline9@adventure-works.com,7E72D373-E9E0-4A96-9870-27247292F89B,2012-01-24 00:00:00.000
7743,6938,reginald11@adventure-works.com,142378DC-B789-4AE3-98FC-A3328BD609BB,2014-03-30 00:00:00.000
7744,6939,jacqueline10@adventure-works.com,4D07863B-6D53-497C-91A6-0E386EC74B66,2014-03-25 00:00:00.000
7745,6940,reginald12@adventure-works.com,08A87C99-6821-4201-8E57-9A4AE143B1BE,2011-12-02 00:00:00.000
7746,6941,jacqueline11@adventure-works.com,4AFA847C-D562-47F3-A629-6FCF99D95241,2013-07-16 00:00:00.000
7747,6942,jacqueline12@adventure-works.com,BA4D5977-AE71-44AF-9744-84190C4B5348,2012-07-15 00:00:00.000
7748,6943,jacqueline13@adventure-works.com,8C1675F0-B76D-4A14-ACD9-01503CA21A8C,2014-03-24 00:00:00.000
7749,6944,jacqueline14@adventure-works.com,4B3A8F52-BC28-42D3-81DD-5669437CEB62,2013-10-16 00:00:00.000
7750,6945,reginald13@adventure-works.com,DC8D07F3-8ED8-4E09-A903-93FFF709F9D5,2013-08-07 00:00:00.000
7751,6946,jacqueline15@adventure-works.com,8600BEEF-213D-49D0-B286-42B277B18B71,2013-05-20 00:00:00.000
7752,6947,damien8@adventure-works.com,0DB45EFD-869F-48BC-9315-29E3A7186C4F,2013-07-04 00:00:00.000
7753,6948,franklin9@adventure-works.com,1EC2062D-5935-4D8D-95BC-E3E37D906FA8,2014-02-05 00:00:00.000
7754,6949,reginald14@adventure-works.com,54FADF2E-A193-431D-86B3-9766FF948575,2011-08-12 00:00:00.000
7755,6950,jacqueline16@adventure-works.com,958D1B7E-807D-4827-8461-62E323B6EC77,2013-08-26 00:00:00.000
7756,6951,reginald15@adventure-works.com,A128CA5E-5118-441C-9E1C-8F5A6290645D,2014-03-19 00:00:00.000
7757,6952,reginald16@adventure-works.com,4EED79CA-8EEF-456A-926E-DA0C1F2C8688,2013-03-03 00:00:00.000
7758,6953,jacqueline17@adventure-works.com,5A384975-6908-49C2-A040-29C4B975FDA4,2014-03-06 00:00:00.000
7759,6954,reginald17@adventure-works.com,A5F1BB2A-FF8C-4A83-8336-E10567E414B1,2013-08-07 00:00:00.000
7760,6955,jacqueline18@adventure-works.com,492D419B-DB59-42BE-801B-DFB01A2208CD,2013-12-10 00:00:00.000
7761,6956,jacqueline19@adventure-works.com,8C883AAA-C467-43BF-83DA-A0534C159F3E,2014-04-11 00:00:00.000
7762,6957,jacqueline20@adventure-works.com,FFEC02B5-85BE-4A02-A24E-A33499D16FBE,2013-08-19 00:00:00.000
7763,6958,reginald18@adventure-works.com,938B7791-A8A8-4AA3-A7FA-73FAF3409B7E,2013-09-05 00:00:00.000
7764,6959,jacqueline21@adventure-works.com,1505281F-0D68-4D8F-A569-D5AD45E62A4B,2013-08-24 00:00:00.000
7765,6960,jacqueline22@adventure-works.com,DAD60F8E-8078-4426-AEAA-B9751C602241,2013-10-09 00:00:00.000
7766,6961,reginald19@adventure-works.com,EA2C0F7A-2849-40FD-8017-33EA56F8B82F,2013-11-17 00:00:00.000
7767,6962,reginald20@adventure-works.com,822D844C-D84E-4C96-8B4C-9FCC7CF40855,2013-12-13 00:00:00.000
7768,6963,jacqueline23@adventure-works.com,4941ED45-A315-4ADB-9130-6FAE01DF1421,2013-04-19 00:00:00.000
7769,6964,reginald21@adventure-works.com,3C55A1F4-E5E4-4F0D-846F-9E08C5EA7721,2014-04-30 00:00:00.000
7770,6965,paige0@adventure-works.com,2DD23DD1-4AD6-442F-AD10-60624559665E,2014-03-14 00:00:00.000
7771,6966,ashlee0@adventure-works.com,075988B5-45B8-4658-A045-80930493F08F,2013-09-29 00:00:00.000
7772,6967,paige1@adventure-works.com,AE69DE86-5AD2-4610-915B-A91808E8A4FA,2013-08-03 00:00:00.000
7773,6968,paige2@adventure-works.com,E0B2FE33-65B4-401A-B221-A076D83C0FE7,2014-04-24 00:00:00.000
7774,6969,paige3@adventure-works.com,FCC8664A-9F96-46AC-B582-B6EB457D164E,2013-09-28 00:00:00.000
7775,6970,paige4@adventure-works.com,8DD45DAB-EB29-4FE2-9F0A-3920E82CA064,2014-04-29 00:00:00.000
7776,6971,paige5@adventure-works.com,4D23B230-859E-4E11-9CF9-6081DE9F3689,2013-08-29 00:00:00.000
7777,6972,paige6@adventure-works.com,43BB4AAC-FCA3-4503-B896-34BFBEB04E16,2014-03-06 00:00:00.000
7778,6973,paige7@adventure-works.com,F867EB05-D8BE-42CE-AD30-A4CF5CBE4C67,2014-04-07 00:00:00.000
7779,6974,paige8@adventure-works.com,1D36696B-5899-4146-B5F5-8119F2ED00F5,2014-04-26 00:00:00.000
7780,6975,franklin10@adventure-works.com,5075F878-A181-4571-B391-7A4F92896E25,2014-06-28 00:00:00.000
7781,6976,ashlee1@adventure-works.com,6FB37441-64F9-49A2-B528-4BD89EE9D6A5,2013-12-05 00:00:00.000
7782,6977,paige9@adventure-works.com,CD25F464-19CC-4128-BC58-A40B5D83B6EC,2014-06-09 00:00:00.000
7783,6978,ashlee2@adventure-works.com,388E7E53-DAFE-49F5-A44B-D83915DF814D,2013-07-03 00:00:00.000
7784,6979,ashlee3@adventure-works.com,488B6987-2F64-448E-A080-D9B4675637EF,2013-12-17 00:00:00.000
7785,6980,ashlee4@adventure-works.com,3C8252F9-4969-41A6-842B-3BC7D4B3E0ED,2013-01-24 00:00:00.000
7786,6981,paige10@adventure-works.com,5F633D99-514B-48D0-B44D-B571CB0A4209,2013-05-04 00:00:00.000
7787,6982,paige11@adventure-works.com,BDDAB082-C672-4744-8E44-5864397FE0CF,2013-11-03 00:00:00.000
7788,6983,ashlee5@adventure-works.com,C3366C5E-E866-4410-BCE0-29897DB06A3E,2012-09-15 00:00:00.000
7789,6984,paige12@adventure-works.com,28191618-FE6F-4F4A-9F7A-89272D7B76B7,2013-07-15 00:00:00.000
7790,6985,paige13@adventure-works.com,66E52CC9-9DE3-4317-B4CF-7FFED4D2EFD0,2014-04-25 00:00:00.000
7791,6986,ashlee6@adventure-works.com,F19DC6A9-B98A-4E2C-9E5C-5DA5465B8C68,2013-08-08 00:00:00.000
7792,6987,paige14@adventure-works.com,6F508547-E90D-41C7-ABA5-AE410D789E05,2013-12-10 00:00:00.000
7793,6988,paige15@adventure-works.com,32AA753B-F695-488A-AC35-E6845C2CF2FA,2013-11-29 00:00:00.000
7794,6989,sergio0@adventure-works.com,DA533576-79CD-475D-A638-DD4A4ABEE8A9,2013-03-03 00:00:00.000
7795,6990,paige16@adventure-works.com,F4029522-D84D-42E6-9CD3-6AAABD02DA89,2013-08-12 00:00:00.000
7796,6991,sergio1@adventure-works.com,90FDBD82-B732-426F-A492-2ABFBCFD56EC,2013-07-19 00:00:00.000
7797,6992,paige17@adventure-works.com,A3722271-DA0B-46C0-BFE2-F886123901CD,2014-03-29 00:00:00.000
7798,6993,paige18@adventure-works.com,D0819498-73A2-491C-B36D-05262BEBE409,2013-07-11 00:00:00.000
7799,6994,sergio2@adventure-works.com,48EA5907-7F33-487C-B441-C8455B39B66B,2014-02-12 00:00:00.000
7800,6995,paige19@adventure-works.com,88F12FF1-E5E9-4579-A357-645CA30509BE,2013-07-04 00:00:00.000
7801,6996,paige20@adventure-works.com,440C159A-A2B6-45DD-AA9A-3E07BD483992,2012-09-29 00:00:00.000
7802,6997,sergio3@adventure-works.com,DAB41272-5D17-47D2-8CCA-18A79674528A,2014-05-28 00:00:00.000
7803,6998,paige21@adventure-works.com,36986DAE-F286-4AE3-A30D-940AB9E22F37,2014-03-27 00:00:00.000
7804,6999,paige22@adventure-works.com,0D7E3C05-042D-49EB-9817-0EA1FBF150DF,2013-08-03 00:00:00.000
7805,7000,faith1@adventure-works.com,AC8A6979-4001-4258-BD82-23BE1E336ABC,2013-10-10 00:00:00.000
7806,7001,sergio4@adventure-works.com,B8CD2931-0121-4EC9-8905-7A591BDAE543,2013-08-27 00:00:00.000
7807,7002,sergio5@adventure-works.com,017DB796-B562-46A6-A5D1-28DEE1CE2E61,2014-05-27 00:00:00.000
7808,7003,faith2@adventure-works.com,7C6F54CC-6C09-4C80-90F0-E1632A686ED3,2014-06-30 00:00:00.000
7809,7004,faith3@adventure-works.com,36FB0222-C2DD-4D7D-8DCB-05A4D123F9DC,2013-04-09 00:00:00.000
7810,7005,sergio6@adventure-works.com,E64585EB-319D-419B-A345-4721ABCE0E81,2012-12-11 00:00:00.000
7811,7006,joan8@adventure-works.com,7CEB0549-E7E5-4486-9985-E3132D48C51B,2013-12-08 00:00:00.000
7812,7007,faith4@adventure-works.com,A34A769C-93CF-4169-83D3-19FBA5F5458A,2013-09-13 00:00:00.000
7813,7008,faith5@adventure-works.com,86B97E0E-1649-4E50-9C93-91D5BCDDB208,2014-05-16 00:00:00.000
7814,7009,faith6@adventure-works.com,485D35B1-9D5D-47DF-B892-36D323464486,2013-07-16 00:00:00.000
7815,7010,sergio7@adventure-works.com,21E0FE6B-338E-4101-A500-542DD3A52266,2013-10-29 00:00:00.000
7816,7011,faith7@adventure-works.com,791EEC5F-BF1B-4BEA-867F-482F3D9BF68F,2014-04-01 00:00:00.000
7817,7012,faith8@adventure-works.com,49272DF9-98F1-4C58-891F-D3C7A7C26F9B,2014-04-03 00:00:00.000
7818,7013,joan9@adventure-works.com,365E9AE8-2612-4647-8780-104419C13B6D,2013-11-08 00:00:00.000
7819,7014,sergio8@adventure-works.com,0C569B4A-5E60-4AEE-91A7-7D2469393B31,2014-03-03 00:00:00.000
7820,7015,faith9@adventure-works.com,21C0A543-D673-42DC-9656-4CF893374BBC,2012-03-22 00:00:00.000
7821,7016,sergio9@adventure-works.com,C9386EE6-98D4-4B87-A4F8-559F05EB03EE,2013-08-02 00:00:00.000
7822,7017,faith10@adventure-works.com,4F29BE4D-361B-4750-9A4C-69F8F9FFB470,2013-09-02 00:00:00.000
7823,7018,faith11@adventure-works.com,308E4C2F-5FF9-4B17-A8E1-A62C88FE27F4,2014-05-05 00:00:00.000
7824,7019,sergio10@adventure-works.com,BC89132B-2454-42BE-9CE8-A54233E15A8A,2012-08-28 00:00:00.000
7825,7020,faith12@adventure-works.com,C40E0085-D1CB-4CBE-AF62-F271CD890854,2014-03-05 00:00:00.000
7826,7021,franklin11@adventure-works.com,A5496B49-798A-49C5-8CB5-F607CC8F0F8E,2012-03-18 00:00:00.000
7827,7022,sergio11@adventure-works.com,F062530E-D77D-4E3E-9FEA-809337B5F3EB,2014-02-24 00:00:00.000
7828,7023,faith13@adventure-works.com,B1C98190-791E-4FA8-890F-F67654F6B67B,2014-05-07 00:00:00.000
7829,7024,faith14@adventure-works.com,E82DF835-B008-4CA3-98BE-91D1C193655B,2012-03-14 00:00:00.000
7830,7025,sergio12@adventure-works.com,05F33064-B1A0-42EE-9AE1-0BD15A8AAFB1,2013-12-06 00:00:00.000
7831,7026,faith15@adventure-works.com,8B00EB1B-05FD-4340-B7E3-249EE0AF3AF0,2014-06-19 00:00:00.000
7832,7027,sergio13@adventure-works.com,227D8F35-B455-416F-B518-4D4E712E375B,2014-04-05 00:00:00.000
7833,7028,faith16@adventure-works.com,20C59617-6296-4BE2-B05E-3E4B41D62266,2014-05-11 00:00:00.000
7834,7029,sergio14@adventure-works.com,708447F1-94B4-4702-8453-B17370EAF065,2014-05-05 00:00:00.000
7835,7030,faith17@adventure-works.com,65AC9364-9336-4177-9A9E-A4D611A82294,2013-11-05 00:00:00.000
7836,7031,sergio15@adventure-works.com,87CE7A0F-2B83-417A-927F-82682372F39F,2014-02-24 00:00:00.000
7837,7032,sergio16@adventure-works.com,4D140914-8FA9-4152-A4D8-D4FE12F3F531,2014-06-16 00:00:00.000
7838,7033,sergio17@adventure-works.com,6AEC7399-836C-4BE5-B801-F572D80E716A,2013-12-27 00:00:00.000
7839,7034,faith18@adventure-works.com,0566DFC4-9DBF-4DE5-9309-FE1D9AC9C8CD,2013-04-24 00:00:00.000
7840,7035,sergio18@adventure-works.com,C21B4483-8056-4F35-A6A8-A977BBBC8F37,2014-03-16 00:00:00.000
7841,7036,faith19@adventure-works.com,54A9C09E-D060-4AD7-A436-21B42FC19EFB,2013-09-02 00:00:00.000
7842,7037,faith20@adventure-works.com,6D6F9149-E1E0-40A0-A2AB-CFCEB5DC59DA,2013-04-04 00:00:00.000
7843,7038,sergio19@adventure-works.com,43B8925A-C806-41ED-A330-3D6D18225E30,2013-09-28 00:00:00.000
7844,7039,faith21@adventure-works.com,C83284BB-B292-4A50-9BB3-D52F42ADE062,2013-11-26 00:00:00.000
7845,7040,faith22@adventure-works.com,98BC4852-AD4F-4C69-811D-36D02C510450,2012-10-12 00:00:00.000
7846,7041,melissa19@adventure-works.com,0C44085F-14A6-45CB-BB5F-3BBF5DC174E3,2014-02-02 00:00:00.000
7847,7042,melissa20@adventure-works.com,9FAF71AC-7DF4-4F5D-8B69-15F078371155,2014-05-10 00:00:00.000
7848,7043,sergio20@adventure-works.com,82973B65-4E09-4EF9-B67F-1571E9616BB7,2013-12-19 00:00:00.000
7849,7044,franklin12@adventure-works.com,B56BFE78-BFC7-46DB-AB74-8DD6D84857A5,2012-01-26 00:00:00.000
7850,7045,sergio21@adventure-works.com,B9098B44-EEBE-4B31-BBD7-F9D1C1BCF264,2014-05-19 00:00:00.000
7851,7046,melissa21@adventure-works.com,CC78CE6B-1962-48DF-ACB4-981F2B7D3FB6,2013-11-07 00:00:00.000
7852,7047,frederick0@adventure-works.com,65EF3F7B-8F6C-4984-97FB-48A5D2BDAE17,2011-06-26 00:00:00.000
7853,7048,melissa22@adventure-works.com,DC219D68-334F-48EA-A61A-06D0837E69CB,2014-03-15 00:00:00.000
7854,7049,frederick1@adventure-works.com,4DB767E1-03D5-44C7-A8E2-F9B9F09319FE,2014-04-30 00:00:00.000
7855,7050,frederick2@adventure-works.com,36C889A6-7EFC-455D-8EC3-C82B2CB97CBA,2013-09-27 00:00:00.000
7856,7051,melissa23@adventure-works.com,37FED642-59B8-4009-B2D5-E4CFE7D3906B,2014-05-28 00:00:00.000
7857,7052,frederick3@adventure-works.com,FE19A54F-988C-4FB0-957E-95B8E229006B,2012-11-12 00:00:00.000
7858,7053,danielle3@adventure-works.com,1B305057-3FA0-46DC-B8C2-34D0D3786EF0,2013-10-12 00:00:00.000
7859,7054,frederick4@adventure-works.com,288B2D3A-F69F-46AF-9883-396C7EA3D4D4,2013-12-05 00:00:00.000
7860,7055,zoe0@adventure-works.com,10F47358-8D6B-407C-9432-B09B17FE93A9,2014-01-21 00:00:00.000
7861,7056,frederick5@adventure-works.com,38AEC301-EEB3-456F-B510-9B71CFFD442B,2012-05-06 00:00:00.000
7862,7057,alexa0@adventure-works.com,AACCDD5D-A4AE-4533-AE5F-10AF1D4A1A1C,2014-03-21 00:00:00.000
7863,7058,franklin13@adventure-works.com,90D16A40-CA66-4AA3-AB32-D4AC372AAA76,2014-06-06 00:00:00.000
7864,7059,christina0@adventure-works.com,1AAF9C48-7A08-423B-8BC2-3BD29FA01CFD,2014-01-15 00:00:00.000
7865,7060,ariana0@adventure-works.com,A00A08C0-3E87-4473-9406-B20C337CA8D3,2013-10-06 00:00:00.000
7866,7061,frederick6@adventure-works.com,B492F2B4-0900-4912-A82C-8367CB5DE381,2012-09-02 00:00:00.000
7867,7062,frederick7@adventure-works.com,D05EB5E4-D5AB-4DD4-87F3-2C66BF8FB66D,2013-07-11 00:00:00.000
7868,7063,caitlin0@adventure-works.com,F2FEC659-5306-441B-8487-5AAD44B2F56B,2013-07-07 00:00:00.000
7869,7064,michelle2@adventure-works.com,4854AB93-F470-40A9-958B-221B5CCD7B6F,2013-03-12 00:00:00.000
7870,7065,brooke0@adventure-works.com,E0A1807F-F7EF-4EB5-8B7E-7857E04FB05B,2013-09-20 00:00:00.000
7871,7066,frederick8@adventure-works.com,243D0041-B05C-40C1-93F7-FD2696E30426,2013-07-26 00:00:00.000
7872,7067,kimberly3@adventure-works.com,04A1D9D8-A55C-40B1-BF67-7768C28B4F85,2012-06-17 00:00:00.000
7873,7068,makayla0@adventure-works.com,74EEB22D-7C5F-4AEE-9363-3137A1CDF81C,2014-04-15 00:00:00.000
7874,7069,shelby0@adventure-works.com,2205AA53-08FF-41AD-BE23-1FD1D72B8462,2014-03-21 00:00:00.000
7875,7070,frederick9@adventure-works.com,61D389FD-40D8-4106-A87E-EA9AEFCC952F,2014-02-22 00:00:00.000
7876,7071,frederick10@adventure-works.com,BBF9BE10-8AB1-4010-941F-ACD2F73C49C1,2011-11-28 00:00:00.000
7877,7072,trinity0@adventure-works.com,12DA92B2-DE99-442D-9357-1D2DF8660EC6,2013-11-30 00:00:00.000
7878,7073,frederick11@adventure-works.com,D86D7B0E-67F9-48CC-9FBA-E67ED2F11684,2013-09-16 00:00:00.000
7879,7074,erin4@adventure-works.com,33F125D7-8E80-475C-966B-F7F4B6AA6748,2013-08-23 00:00:00.000
7880,7075,frederick12@adventure-works.com,41A6B51D-C21F-4AB3-9112-A7690D4C94DA,2014-05-01 00:00:00.000
7881,7076,jan4@adventure-works.com,9EF5D5C7-9773-49B1-9F0C-4AA6D71D5A1E,2011-07-20 00:00:00.000
7882,7077,mariah0@adventure-works.com,29869F78-8A03-4026-964B-AC4D2D6A713B,2011-11-08 00:00:00.000
7883,7078,melanie11@adventure-works.com,7E92F82F-C9C3-4A4E-AAF4-FAC9F3822F7C,2014-04-15 00:00:00.000
7884,7079,frederick13@adventure-works.com,B63602ED-D64C-41B1-81FA-63179053C581,2013-08-16 00:00:00.000
7885,7080,franklin14@adventure-works.com,F95C5CFE-56C8-48A6-9D16-B89EB933556F,2014-06-01 00:00:00.000
7886,7081,alexandria24@adventure-works.com,C440C451-D909-4C8E-9457-DDD877B7FE80,2013-12-10 00:00:00.000
7887,7082,frederick14@adventure-works.com,E3BF5C24-3E47-4C6A-8A19-4FCE5C3E5CEA,2012-04-02 00:00:00.000
7888,7083,angela26@adventure-works.com,0F9DED0B-F262-4BE2-90BB-EFEA88FDCC77,2014-05-18 00:00:00.000
7889,7084,arianna21@adventure-works.com,0E2DA942-C8C5-412A-ACE2-BD7B74FAF71C,2014-06-14 00:00:00.000
7890,7085,jacqueline24@adventure-works.com,36BAEC08-C596-4BAF-8341-3A9768EF28CB,2013-07-20 00:00:00.000
7891,7086,frederick15@adventure-works.com,F2F8D31E-0029-4740-B2D7-1536D3911DE7,2014-01-30 00:00:00.000
7892,7087,paige23@adventure-works.com,A45109FE-FA63-45FC-AD47-5A6ADC38C9FC,2014-05-16 00:00:00.000
7893,7088,frederick16@adventure-works.com,CAFC1C26-934E-4E56-8D68-01BA186209C0,2013-04-10 00:00:00.000
7894,7089,frederick17@adventure-works.com,3EB67318-6E9C-44ED-8E40-15084613079A,2013-07-19 00:00:00.000
7895,7090,joan10@adventure-works.com,82D3FBE9-5D91-4D67-8657-96C92B2DC288,2014-05-11 00:00:00.000
7896,7091,frederick18@adventure-works.com,67836F92-278E-4A3B-A674-23618F941738,2012-06-27 00:00:00.000
7897,7092,levi0@adventure-works.com,4362BA07-E22A-437C-8159-E6F97AAF8031,2013-02-07 00:00:00.000
7898,7093,levi1@adventure-works.com,50811A22-B66B-40D8-A45E-BD81248E3A10,2014-04-07 00:00:00.000
7899,7094,riley20@adventure-works.com,15633DB9-5F46-4DDE-88D1-42D77293EF44,2013-08-13 00:00:00.000
7900,7095,bailey0@adventure-works.com,DB340804-13A1-474D-991C-8A1625F63D0B,2013-04-26 00:00:00.000
7901,7096,mackenzie0@adventure-works.com,AD35468A-08CB-4EFE-825B-8BAAEB7CB9B1,2013-07-16 00:00:00.000
7902,7097,franklin15@adventure-works.com,93DD768C-2FC1-40BD-B686-7533C0A0CDAA,2013-05-25 00:00:00.000
7903,7098,levi2@adventure-works.com,463B26AF-5573-4754-9B31-E1D03DE51B93,2014-04-14 00:00:00.000
7904,7099,levi3@adventure-works.com,FD823ECF-FB30-4FFF-8C6B-E555031C4825,2013-07-16 00:00:00.000
7905,7100,sara2@adventure-works.com,90875B6D-3634-4E31-AACF-7EFE0CA2CDDC,2014-03-03 00:00:00.000
7906,7101,jada0@adventure-works.com,858300F9-A7E6-4916-B15C-9D1D5DDD7593,2014-04-24 00:00:00.000
7907,7102,levi4@adventure-works.com,9E865892-52F1-41DD-A02A-94259B8C4EB2,2013-09-21 00:00:00.000
7908,7103,katelyn0@adventure-works.com,2D20DB4D-6800-44AB-98B0-1E931819E430,2013-04-18 00:00:00.000
7909,7104,savannah0@adventure-works.com,126A5CFE-0FEE-4E17-ACBB-08141984EF38,2013-09-28 00:00:00.000
7910,7105,levi5@adventure-works.com,A289E89A-F91B-470D-B339-C44861A68275,2011-06-27 00:00:00.000
7911,7106,kaylee0@adventure-works.com,E9A96459-00AD-4E59-9539-410F9CA8AE71,2013-08-19 00:00:00.000
7912,7107,allison0@adventure-works.com,72B6866A-2BDF-4A55-AE40-23B3778F393B,2013-11-27 00:00:00.000
7913,7108,andrea2@adventure-works.com,93902F1E-E96E-4860-8F71-F2D3A623FE44,2014-01-04 00:00:00.000
7914,7109,levi6@adventure-works.com,173A4720-D58F-49DD-B5E5-CB85EBFF2BD3,2013-08-23 00:00:00.000
7915,7110,catherine2@adventure-works.com,27B23675-1E46-4299-890B-68307DA13B53,2013-06-12 00:00:00.000
7916,7111,levi7@adventure-works.com,B115424B-D7ED-4BC1-A18B-0DED1889E958,2013-10-15 00:00:00.000
7917,7112,danielle4@adventure-works.com,DC447151-64B4-4E91-91A2-F4D19EC40FFA,2013-09-01 00:00:00.000
7918,7113,zoe1@adventure-works.com,5130DE75-7361-41EF-8D70-7F9C5A3D3E0F,2014-04-07 00:00:00.000
7919,7114,alexa1@adventure-works.com,7DE7311B-C142-4B7B-8343-A6AAA8AAE244,2013-10-22 00:00:00.000
7920,7115,christina1@adventure-works.com,4E299F7C-B85A-4453-907B-AFBC15F7722A,2014-03-07 00:00:00.000
7921,7116,levi8@adventure-works.com,5B9D0452-BD4D-4402-998F-1DD2FF2AEB7C,2011-11-27 00:00:00.000
7922,7117,levi9@adventure-works.com,47BEC581-58C6-45D1-9A0D-10DFAF4CA5E2,2013-08-02 00:00:00.000
7923,7118,ariana1@adventure-works.com,7284BD15-1B34-44EA-B8BA-FDE28967C588,2014-04-26 00:00:00.000
7924,7119,caitlin1@adventure-works.com,37457638-947B-4B36-BEBD-177BDA09A225,2012-04-18 00:00:00.000
7925,7120,levi10@adventure-works.com,A9B9FAF7-6A53-4661-AC31-0F1C9D513252,2011-09-18 00:00:00.000
7926,7121,michelle3@adventure-works.com,BA83DD24-2F80-4ADB-A808-5DFD713B65FD,2013-08-20 00:00:00.000
7927,7122,levi11@adventure-works.com,FF3267DC-CA47-4B55-9A5A-87A0BEA22309,2013-09-13 00:00:00.000
7928,7123,brooke1@adventure-works.com,138F6CF3-7B5C-4A8C-B10E-4E75FDAA2658,2013-12-12 00:00:00.000
7929,7124,kimberly4@adventure-works.com,E8497F55-A6AE-4F55-AFCD-4C8D2121FAF9,2013-07-29 00:00:00.000
7930,7125,levi12@adventure-works.com,192B2199-74FB-4350-88DF-AA2CFFE3CC50,2012-03-14 00:00:00.000
7931,7126,levi13@adventure-works.com,4CBDEFEE-3768-4B62-BB6C-C80ECD108FF0,2012-11-04 00:00:00.000
7932,7127,makayla1@adventure-works.com,001B6B05-5C33-4E43-915A-D23DD43DF1EF,2011-11-23 00:00:00.000
7933,7128,levi14@adventure-works.com,3A7EA60D-92B4-4826-98C4-A2D57325953C,2014-05-21 00:00:00.000
7934,7129,shelby1@adventure-works.com,FAF2DB97-74CB-4C54-99AD-8F164FB04F54,2014-01-04 00:00:00.000
7935,7130,levi15@adventure-works.com,537E38F6-9011-4675-8CA8-C771D2D9487F,2013-11-10 00:00:00.000
7936,7131,trinity1@adventure-works.com,F31D87CD-5D59-449C-A181-8359022B3A81,2014-03-17 00:00:00.000
7937,7132,erin5@adventure-works.com,EC77D212-27CD-45C3-AB4C-2B8E9AEEBD1E,2013-08-21 00:00:00.000
7938,7133,jade0@adventure-works.com,9D834A99-10A6-4F43-BD78-E674FE1807C3,2014-05-17 00:00:00.000
7939,7134,mariah1@adventure-works.com,16F216F4-166D-4AF9-BEF9-0923E8197181,2013-03-30 00:00:00.000
7940,7135,melanie12@adventure-works.com,ED642DF8-84D8-48F2-A2D0-85E7F76B8EEA,2014-06-24 00:00:00.000
7941,7136,levi16@adventure-works.com,B92FEA76-6DA2-4238-97DE-134074CAE214,2011-10-17 00:00:00.000
7942,7137,alexandria25@adventure-works.com,9F187659-46DA-4978-85D2-506FCEEBE6FC,2011-07-20 00:00:00.000
7943,7138,levi17@adventure-works.com,59A00C10-CEA8-4F21-800C-63BAB01BA933,2014-01-04 00:00:00.000
7944,7139,levi18@adventure-works.com,E366E164-13CB-470C-824B-527B0463F46D,2013-06-08 00:00:00.000
7945,7140,levi19@adventure-works.com,D5389354-F6E0-442F-BC30-39266158B93A,2013-10-28 00:00:00.000
7946,7141,emmanuel0@adventure-works.com,6C59A452-4783-40E9-A972-03AB388413F3,2013-11-23 00:00:00.000
7947,7142,emmanuel1@adventure-works.com,E160C75E-5B2D-4E0D-BA0C-642A7064C12C,2014-02-12 00:00:00.000
7948,7143,angela27@adventure-works.com,E9E7CC3D-B431-47A6-87CE-4F3D79BBAC31,2014-06-04 00:00:00.000
7949,7144,arianna22@adventure-works.com,1F1675D2-5B64-4DE5-B6DD-C315D96B801B,2014-04-28 00:00:00.000
7950,7145,jacqueline25@adventure-works.com,ADCA5D44-F670-4DC8-A4F4-B9EE167D6512,2013-11-21 00:00:00.000
7951,7146,paige24@adventure-works.com,26F5DEC6-E8FC-43C8-8883-929EAD237579,2011-10-21 00:00:00.000
7952,7147,emmanuel2@adventure-works.com,98A6CEF0-4D6F-42A0-8C71-F6EF77E20A50,2014-04-13 00:00:00.000
7953,7148,faith23@adventure-works.com,625B58D0-AA71-4A2E-A34F-819A47C19B1E,2012-08-08 00:00:00.000
7954,7149,emmanuel3@adventure-works.com,BF9C96AC-1EF9-4A5E-8CE9-6522181AD809,2011-09-06 00:00:00.000
7955,7150,melissa24@adventure-works.com,7717A334-C3F5-4372-96B0-5A6A67F790D3,2013-06-18 00:00:00.000
7956,7151,riley21@adventure-works.com,62B000FC-A0BA-4D90-BBD5-6BF6D770FBBF,2011-12-11 00:00:00.000
7957,7152,bailey1@adventure-works.com,377F87BC-F468-4DA4-863E-12551EC8F7B4,2014-05-21 00:00:00.000
7958,7153,emmanuel4@adventure-works.com,C21C8AE1-D69D-4E18-873F-0819343DAB86,2011-11-28 00:00:00.000
7959,7154,mackenzie1@adventure-works.com,AE608E65-04B8-404F-BC54-AB9F49BE47FA,2014-04-30 00:00:00.000
7960,7155,emmanuel5@adventure-works.com,C6687BAF-1F34-49A6-88D8-4456049815E4,2012-12-20 00:00:00.000
7961,7156,gabriella0@adventure-works.com,206EB3AA-ADC1-45B3-AFB4-75FF37F8DF1F,2011-12-28 00:00:00.000
7962,7157,sara3@adventure-works.com,A4429B41-974A-46D9-9D88-75EB7A2A4079,2012-08-09 00:00:00.000
7963,7158,damien9@adventure-works.com,D0CE53FD-4F8D-44E4-BFB8-66A1F79B5A91,2013-04-07 00:00:00.000
7964,7159,franklin16@adventure-works.com,ED622EBD-D41A-4312-B902-53A695B98026,2013-04-05 00:00:00.000
7965,7160,emmanuel6@adventure-works.com,75F2A396-4E3E-4E0B-B443-F9960FF7CDC2,2014-02-07 00:00:00.000
7966,7161,katelyn1@adventure-works.com,B2692562-EDE5-437F-AD75-F20C2454BF27,2013-07-08 00:00:00.000
7967,7162,emmanuel7@adventure-works.com,2AA2E1EB-A09B-4CEF-852E-20E4C1714F23,2014-02-05 00:00:00.000
7968,7163,emmanuel8@adventure-works.com,DF0E687F-6737-43C4-9719-FF438E336EFD,2013-05-26 00:00:00.000
7969,7164,savannah1@adventure-works.com,3399EFBB-1048-4683-A6B1-D150EFB94855,2013-07-25 00:00:00.000
7970,7165,kaylee1@adventure-works.com,53263438-AC3A-46C3-BAD5-4CE86A58FBD3,2011-09-06 00:00:00.000
7971,7166,emmanuel9@adventure-works.com,7F9C4BA0-9917-474F-BB2A-9D6E1BD6381E,2014-02-19 00:00:00.000
7972,7167,allison1@adventure-works.com,86189C2A-EFDD-4CB0-A204-F05AAB38C848,2014-04-21 00:00:00.000
7973,7168,andrea3@adventure-works.com,04A1B8D9-128B-435A-847D-40DFFDABDE5E,2013-03-02 00:00:00.000
7974,7169,catherine3@adventure-works.com,1D5CBE9A-FA5C-43EB-A933-3C9FFC5F9C37,2014-01-01 00:00:00.000
7975,7170,emmanuel10@adventure-works.com,FD2AFE02-4886-4249-BDEB-E20454A24AB3,2013-08-11 00:00:00.000
7976,7171,danielle5@adventure-works.com,243442B5-5337-4C0D-9683-DC5EC433D084,2014-05-25 00:00:00.000
7977,7172,zoe2@adventure-works.com,8393D9A2-8BE1-41B0-B782-45CA5A0EAFA7,2014-04-05 00:00:00.000
7978,7173,emmanuel11@adventure-works.com,2C06ADAA-CEFE-4C51-B222-668ACDABB95F,2014-02-24 00:00:00.000
7979,7174,alexa2@adventure-works.com,79010C18-BCB8-4A7C-A1C1-0318BEEDCBE8,2013-07-26 00:00:00.000
7980,7175,emmanuel12@adventure-works.com,3BDD68CD-0CDF-48FB-923D-A31AA1120616,2013-12-09 00:00:00.000
7981,7176,ariana2@adventure-works.com,ECA3EACB-4D66-4DEF-A4C5-9E10B2860C77,2014-02-06 00:00:00.000
7982,7177,caitlin2@adventure-works.com,FDD53652-6021-4338-A928-0F74BB7493D5,2014-01-26 00:00:00.000
7983,7178,emmanuel13@adventure-works.com,4D3FA3E2-91B1-4E3C-9915-F5BC358D9575,2012-08-28 00:00:00.000
7984,7179,michelle4@adventure-works.com,E70E3964-EF8C-4B67-A9D8-D21BBC63752E,2013-09-12 00:00:00.000
7985,7180,brooke2@adventure-works.com,C12A9119-A981-4B02-9172-47050F7D58A1,2014-01-19 00:00:00.000
7986,7181,franklin17@adventure-works.com,4E1B4185-07C4-40CB-AF57-74006071E8AA,2013-03-23 00:00:00.000
7987,7182,emmanuel14@adventure-works.com,B4293547-3FC0-41FB-B33E-023EFCF658F2,2014-05-30 00:00:00.000
7988,7183,kimberly5@adventure-works.com,DD790B81-91E1-448B-A859-060CEBC9E440,2014-01-29 00:00:00.000
7989,7184,makayla2@adventure-works.com,6B7EF4CB-2655-40AB-B2C7-6298C27C82DF,2013-08-31 00:00:00.000
7990,7185,shelby2@adventure-works.com,DA0033F8-92ED-440C-83D9-8FAB85B6C574,2013-08-14 00:00:00.000
7991,7186,emmanuel15@adventure-works.com,27EC347D-4E2F-482B-8725-2CA19D2BD627,2012-12-23 00:00:00.000
7992,7187,emmanuel16@adventure-works.com,97D7CDC5-2E36-483A-BA10-32DF59F6DE2E,2013-12-16 00:00:00.000
7993,7188,emmanuel17@adventure-works.com,4D780198-FA63-42FC-AC6D-0A54AC192982,2014-04-03 00:00:00.000
7994,7189,trinity2@adventure-works.com,1899F8F2-9EFA-4F08-92E7-2B122853D242,2014-01-12 00:00:00.000
7995,7190,emmanuel18@adventure-works.com,72D65DD3-C71C-423F-8BF0-3250076F2E6E,2014-03-22 00:00:00.000
7996,7191,erin6@adventure-works.com,688F3E70-EE47-4E05-9324-44A78DF4E97A,2014-05-30 00:00:00.000
7997,7192,jade1@adventure-works.com,B480B22E-DB17-4D67-808B-1C31F439CBBB,2013-01-16 00:00:00.000
7998,7193,emmanuel19@adventure-works.com,0157F582-0D95-47F8-AD7D-B9FFC101F432,2014-02-07 00:00:00.000
7999,7194,mariah2@adventure-works.com,3DA79484-0F3A-46AC-BDDC-BC588C9CD23F,2013-09-06 00:00:00.000
8000,7195,jermaine0@adventure-works.com,32C6AA29-6513-4C5F-93DE-58EC001B63DF,2014-04-08 00:00:00.000
8001,7196,melanie13@adventure-works.com,C47BB986-EE59-42F0-8A13-208936F01750,2013-08-08 00:00:00.000
8002,7197,jermaine1@adventure-works.com,450AD49A-7B63-4841-A43A-657B49F4909D,2013-02-07 00:00:00.000
8003,7198,alexandria26@adventure-works.com,6AE54503-94D9-4620-8A45-092BA5C14A95,2013-12-31 00:00:00.000
8004,7199,franklin18@adventure-works.com,04B34B34-56CC-41D7-945F-0E0279FFC3AB,2013-09-12 00:00:00.000
8005,7200,jermaine2@adventure-works.com,6F6E2664-0995-43F0-A34A-9AE6CD9CB213,2013-10-31 00:00:00.000
8006,7201,angela28@adventure-works.com,FC1D0DD8-80AB-4436-8AFD-8B8336515146,2014-06-15 00:00:00.000
8007,7202,arianna23@adventure-works.com,3D2B013C-2E15-4928-8270-3CD0FB8F9518,2014-05-28 00:00:00.000
8008,7203,jermaine3@adventure-works.com,2BB31E5D-1447-4E76-B21C-342E45CE3EA4,2014-06-09 00:00:00.000
8009,7204,jacqueline26@adventure-works.com,C5540DE5-13DB-40C6-8EC5-027AECF596B8,2013-02-03 00:00:00.000
8010,7205,jermaine4@adventure-works.com,57675AB5-9FE8-4D4E-A303-B04073F1EE9A,2014-04-12 00:00:00.000
8011,7206,paige25@adventure-works.com,2CE751BC-E4D0-4076-855C-A864E78F1167,2013-09-10 00:00:00.000
8012,7207,faith24@adventure-works.com,0CEFF500-1AB9-4C2D-89AF-88575E65CAD1,2014-03-01 00:00:00.000
8013,7208,jermaine5@adventure-works.com,D5DE1B0E-324C-4FB6-B028-CA892E59102D,2014-05-15 00:00:00.000
8014,7209,melissa25@adventure-works.com,9CA99155-5FDD-42B5-8692-C082EC4E9010,2013-11-13 00:00:00.000
8015,7210,riley22@adventure-works.com,697EAAB0-EAC0-4852-89B0-E9910C3D9592,2014-05-06 00:00:00.000
8016,7211,jermaine6@adventure-works.com,2B9894B4-8F4A-469D-8E4A-D8694B377765,2013-10-06 00:00:00.000
8017,7212,bailey2@adventure-works.com,07FE6F83-16C1-42FB-9E96-8729D4D67FE8,2014-03-18 00:00:00.000
8018,7213,jermaine7@adventure-works.com,AD441DB1-9853-4324-9E10-84023427C9D8,2013-03-17 00:00:00.000
8019,7214,jermaine8@adventure-works.com,FA387968-B8EF-48E6-8436-8D77E905565F,2014-01-13 00:00:00.000
8020,7215,mackenzie2@adventure-works.com,E617F7CF-7C3E-41CF-8721-7CDFADC87EB3,2013-10-06 00:00:00.000
8021,7216,gabriella1@adventure-works.com,2DD21077-6A81-46BB-ABC6-2452634118A2,2012-02-10 00:00:00.000
8022,7217,jermaine9@adventure-works.com,64327FD6-255E-4A04-99DD-1E20EB1FE212,2013-08-05 00:00:00.000
8023,7218,sara4@adventure-works.com,A2EB55D9-D734-495E-A54C-7159769BFC68,2014-04-10 00:00:00.000
8024,7219,jada1@adventure-works.com,4DA0049F-A63F-470A-A563-3296B984E062,2013-11-26 00:00:00.000
8025,7220,jermaine10@adventure-works.com,2C4E1BE2-82EE-4373-A9AB-7FC6374FC217,2013-04-21 00:00:00.000
8026,7221,jermaine11@adventure-works.com,C9C7DB45-2AFD-43C5-84D3-9B977264AE7E,2013-09-21 00:00:00.000
8027,7222,katelyn2@adventure-works.com,3B20A69E-1386-49BA-8CD2-398F4614F434,2012-05-04 00:00:00.000
8028,7223,jermaine12@adventure-works.com,75EFBD94-E385-4329-A45F-A25AA2EAE89F,2014-03-26 00:00:00.000
8029,7224,savannah2@adventure-works.com,1E167310-0929-4823-88E7-A5471D1D882B,2012-04-14 00:00:00.000
8030,7225,jermaine13@adventure-works.com,F247A2E3-3DC1-4B60-85B7-310F31A29BF6,2013-07-27 00:00:00.000
8031,7226,kaylee2@adventure-works.com,7E72E6D0-3371-4883-B84F-7180B379A382,2012-03-19 00:00:00.000
8032,7227,jermaine14@adventure-works.com,01433BE3-EC48-4572-98EF-088741A69D6F,2014-03-17 00:00:00.000
8033,7228,allison2@adventure-works.com,D54F8920-8770-4241-9920-600181FC773E,2014-01-08 00:00:00.000
8034,7229,jermaine15@adventure-works.com,34321654-2F43-411F-BD7C-2217A9B267D3,2012-03-29 00:00:00.000
8035,7230,jermaine16@adventure-works.com,B5A8334F-CD0C-491B-83CD-51DAAF3C92D0,2013-03-17 00:00:00.000
8036,7231,jermaine17@adventure-works.com,C12562D6-8846-41B1-8CB2-1617FB9DD057,2013-12-13 00:00:00.000
8037,7232,jermaine18@adventure-works.com,AD0991DB-FD58-4F3E-9711-1DB212C07408,2013-04-03 00:00:00.000
8038,7233,andrea4@adventure-works.com,E3A9A3CC-00F1-4646-8D3A-783C23CAE84F,2011-07-21 00:00:00.000
8039,7234,catherine4@adventure-works.com,38CE16B8-5D3C-47B4-B1A2-4119C99AC81C,2014-03-26 00:00:00.000
8040,7235,jermaine19@adventure-works.com,12EBA624-B1DB-454D-9A57-96B2476EC40C,2014-03-12 00:00:00.000
8041,7236,danielle6@adventure-works.com,15E92FCD-F1C0-4699-85EF-D5B0CCC450FD,2014-05-09 00:00:00.000
8042,7237,zoe3@adventure-works.com,304B77F3-C895-47F0-B602-559558747B90,2014-02-15 00:00:00.000
8043,7238,jermaine20@adventure-works.com,30D0DCAD-9070-49EF-B42E-D980A487F532,2013-09-27 00:00:00.000
8044,7239,alexa3@adventure-works.com,ABE44DC1-AF78-436F-A475-7651FC4BD647,2011-06-24 00:00:00.000
8045,7240,terrance0@adventure-works.com,D90E1944-ECED-40CC-87D4-E4F717FD6906,2014-01-16 00:00:00.000
8046,7241,christina2@adventure-works.com,2509B3B6-230C-437E-9B69-0AE48A6E033D,2013-11-24 00:00:00.000
8047,7242,ariana3@adventure-works.com,2AE19CFE-8292-4AC7-8F4D-624841BBF183,2013-08-08 00:00:00.000
8048,7243,terrance1@adventure-works.com,EEF64FBC-15CC-4C80-89C5-CE5CAF9DF002,2012-09-08 00:00:00.000
8049,7244,terrance2@adventure-works.com,BA142F0B-07E1-4F0D-A401-9DFBF24D1E49,2014-04-06 00:00:00.000
8050,7245,caitlin3@adventure-works.com,35845B5D-8F93-4EF8-93D6-15325D3E8F19,2014-03-25 00:00:00.000
8051,7246,michelle5@adventure-works.com,15A2779A-7516-4935-8BD5-E83F00951F0A,2013-10-13 00:00:00.000
8052,7247,brooke3@adventure-works.com,AAF114AE-3D4C-45C6-8D1A-7A817607F97C,2013-07-08 00:00:00.000
8053,7248,kimberly6@adventure-works.com,83292D3F-E964-408F-B71C-D7A26D953E38,2014-03-10 00:00:00.000
8054,7249,makayla3@adventure-works.com,CE1C3FF9-8240-49A6-860F-55EF8AEBDE71,2013-12-16 00:00:00.000
8055,7250,terrance3@adventure-works.com,3CC0F70C-D39B-4121-BE4D-1F22B42E0719,2014-04-07 00:00:00.000
8056,7251,terrance4@adventure-works.com,42F3B0C4-5CA1-4827-8D62-9F60E290A6B7,2013-08-06 00:00:00.000
8057,7252,shelby3@adventure-works.com,5D7A5E8A-9D2E-4946-AAC0-9E924B06AD92,2014-06-26 00:00:00.000
8058,7253,trinity3@adventure-works.com,33C4132C-6821-4E96-AFC5-F75E5E32F535,2013-11-24 00:00:00.000
8059,7254,erin7@adventure-works.com,554E9ADD-AC3F-4CE7-BED0-95BD1A137DBB,2014-01-12 00:00:00.000
8060,7255,jade2@adventure-works.com,F3C00555-BD4D-4EC1-8499-ABA275AB6CA3,2014-04-13 00:00:00.000
8061,7256,mariah3@adventure-works.com,1D2374F6-C601-462E-8F85-87DFDE9B3D53,2012-09-24 00:00:00.000
8062,7257,melanie14@adventure-works.com,D9289F8E-C476-4BFA-A634-5A8BE3AFF79A,2013-02-12 00:00:00.000
8063,7258,alexandria27@adventure-works.com,B2985BAD-7D99-49AC-9DB8-5B8A8B084211,2012-04-01 00:00:00.000
8064,7259,franklin19@adventure-works.com,655FCE6A-28A4-4F94-AEFD-96FD4B0844C7,2013-10-01 00:00:00.000
8065,7260,angela29@adventure-works.com,6CCEA7F1-6177-4573-9773-2FDB65E070F3,2013-09-19 00:00:00.000
8066,7261,terrance5@adventure-works.com,444943AC-DF0F-43F2-B8D3-DDBC8102C9AF,2012-10-07 00:00:00.000
8067,7262,arianna24@adventure-works.com,E2F891C1-2A01-4B8E-B0F9-3784A8A73ADF,2013-12-15 00:00:00.000
8068,7263,jacqueline27@adventure-works.com,2FFA2DAF-258B-4241-922B-7C11EB36AC8B,2013-09-01 00:00:00.000
8069,7264,paige26@adventure-works.com,DEF8EB6B-FD94-4865-9627-4439A28D2444,2012-06-30 00:00:00.000
8070,7265,terrance6@adventure-works.com,29335EC8-68D7-4EA1-8D0C-EF081D91ED34,2012-12-07 00:00:00.000
8071,7266,melissa26@adventure-works.com,0EC2B74B-5F87-42E8-B857-8E7DDFA1EDEF,2012-03-31 00:00:00.000
8072,7267,mariah4@adventure-works.com,807335E1-73A4-411E-8497-15223637E574,2013-10-13 00:00:00.000
8073,7268,mariah5@adventure-works.com,C5A23C07-3BDD-43E1-8825-DAF465557B28,2014-01-11 00:00:00.000
8074,7269,terrance7@adventure-works.com,17D8C357-8D80-484A-B815-9EDDEA356146,2012-07-31 00:00:00.000
8075,7270,mariah6@adventure-works.com,3C981711-6B11-40A0-8EAD-48EE9C8415D6,2012-02-12 00:00:00.000
8076,7271,terrance8@adventure-works.com,B4FE2DDE-B7AB-407A-A801-BAF4FBDA3035,2014-05-10 00:00:00.000
8077,7272,mariah7@adventure-works.com,A5F529D2-9A0C-4F4C-84F8-F2CD0792EAF2,2012-02-17 00:00:00.000
8078,7273,terrance9@adventure-works.com,F6306455-6FCF-4371-AD27-2082CA41E350,2013-07-26 00:00:00.000
8079,7274,mariah8@adventure-works.com,E2E0B4F3-4E48-453A-A105-6F770F0962E1,2012-03-30 00:00:00.000
8080,7275,terrance10@adventure-works.com,3F87D8BB-842C-47EA-86BD-52C9A14A653C,2014-03-07 00:00:00.000
8081,7276,mariah9@adventure-works.com,B3E8A3BE-E1F5-4A9E-B264-418383158ACE,2012-07-04 00:00:00.000
8082,7277,terrance11@adventure-works.com,48024C4F-B8BA-4A70-BD52-8AE1C5527545,2014-05-22 00:00:00.000
8083,7278,mariah10@adventure-works.com,A0529F8B-3B7D-417A-8771-D219E3EFAF72,2013-07-10 00:00:00.000
8084,7279,mariah11@adventure-works.com,F05F325F-184C-4AAB-A596-913E0FA3231A,2013-09-30 00:00:00.000
8085,7280,terrance12@adventure-works.com,D9858E76-34FB-4924-9E39-6941F2D63509,2013-03-23 00:00:00.000
8086,7281,mariah12@adventure-works.com,9D5166E4-CF25-45AB-A0EC-3FD30598064D,2013-12-15 00:00:00.000
8087,7282,mariah13@adventure-works.com,2BFA5448-8C2A-4C61-938A-313997E2E3B1,2014-01-27 00:00:00.000
8088,7283,terrance13@adventure-works.com,CB42FB90-BEBC-4409-B9B3-F066BA6BFA17,2013-10-11 00:00:00.000
8089,7284,mariah14@adventure-works.com,4A5D7E0A-40C6-4483-9723-80BAC52D4E71,2014-05-04 00:00:00.000
8090,7285,terrance14@adventure-works.com,16F2BC21-9FD4-4B64-AB74-EF16E09D552E,2013-08-09 00:00:00.000
8091,7286,mariah15@adventure-works.com,C9AC5D69-B336-4979-A2F5-03B0E294E829,2012-10-22 00:00:00.000
8092,7287,mariah16@adventure-works.com,5144F59C-E3F9-46B2-BB52-EFD5B079F09D,2013-09-18 00:00:00.000
8093,7288,terrance15@adventure-works.com,DDE1BA83-5A5A-4F3F-AB38-325F6285E872,2012-01-16 00:00:00.000
8094,7289,mariah17@adventure-works.com,FC74C8FE-E851-4883-B06D-8578F998C65F,2014-03-06 00:00:00.000
8095,7290,mariah18@adventure-works.com,B45D6BAA-A644-4A74-9856-8A44E022B05B,2012-09-04 00:00:00.000
8096,7291,terrance16@adventure-works.com,AC1F7D82-D432-4D43-9FDE-DCA393463AB0,2014-05-11 00:00:00.000
8097,7292,terrance17@adventure-works.com,BB7CA854-903A-4735-B5FF-FCD8050D5F21,2011-11-18 00:00:00.000
8098,7293,mariah19@adventure-works.com,AA71EA87-186B-4E46-AF1D-EA4F993DE0C0,2013-11-23 00:00:00.000
8099,7294,mariah20@adventure-works.com,3261484A-F424-443D-A6AA-EB3E7990CB8D,2011-10-04 00:00:00.000
8100,7295,mariah21@adventure-works.com,060947B9-888B-41A4-A111-134CA354DE43,2012-12-31 00:00:00.000
8101,7296,mariah22@adventure-works.com,EF6F1FC0-44FB-4D57-9CB4-8D8DCA325D41,2014-06-29 00:00:00.000
8102,7297,terrance18@adventure-works.com,25144077-E2F1-4E16-B57E-3F53169884CF,2013-07-08 00:00:00.000
8103,7298,mariah23@adventure-works.com,0B1D5F67-A00C-4A3C-B614-5B0EFD1FB2A0,2013-09-08 00:00:00.000
8104,7299,terrance19@adventure-works.com,4C009BD6-3498-472D-8665-516C731FBF72,2014-01-02 00:00:00.000
8105,7300,mariah24@adventure-works.com,3CD95582-5B0C-46D4-9BAE-F2BE59A4650F,2013-01-12 00:00:00.000
8106,7301,mariah25@adventure-works.com,50E08668-4D32-4699-A032-CE7F0CA47F03,2011-11-03 00:00:00.000
8107,7302,edgar0@adventure-works.com,0024C6BA-E511-4FE0-9095-5336F0CA9E84,2014-06-08 00:00:00.000
8108,7303,mariah26@adventure-works.com,7D40C61D-023A-4997-9E83-CF73B1596C41,2014-04-17 00:00:00.000
8109,7304,edgar1@adventure-works.com,055B963E-9798-439F-B384-CA9F61931E0A,2014-05-19 00:00:00.000
8110,7305,mariah27@adventure-works.com,B7857D67-7EE9-47CC-A3E0-2E52A4A51361,2013-08-02 00:00:00.000
8111,7306,edgar2@adventure-works.com,D6CE9BD7-C415-4E33-8808-E17D7E5193C3,2014-01-28 00:00:00.000
8112,7307,melanie15@adventure-works.com,1C7DCED9-B105-400B-9382-5A24C9868E12,2014-06-18 00:00:00.000
8113,7308,melanie16@adventure-works.com,7F7EE5B1-F513-4ADB-9483-FC140181323A,2013-10-06 00:00:00.000
8114,7309,melanie17@adventure-works.com,5944C5E3-038B-4DCE-8DAE-B84D4ACFA675,2013-12-14 00:00:00.000
8115,7310,franklin20@adventure-works.com,670E8C77-4BDF-4FFA-A437-C624CA4950B5,2014-02-09 00:00:00.000
8116,7311,edgar3@adventure-works.com,AE018680-60E8-4EB9-9241-4C6D3D98703B,2014-03-26 00:00:00.000
8117,7312,melanie18@adventure-works.com,E613E41D-0A70-4354-9DDA-36E73F60CFBD,2013-09-30 00:00:00.000
8118,7313,melanie19@adventure-works.com,83A0B249-CDF7-45EF-B41D-27FC7964214C,2011-07-15 00:00:00.000
8119,7314,edgar4@adventure-works.com,E26343DF-F55E-4DDA-988B-2A5A321E5D9C,2013-09-22 00:00:00.000
8120,7315,melanie20@adventure-works.com,9FAEDF7A-F454-41B2-AB29-E96ABFF4DE67,2014-05-10 00:00:00.000
8121,7316,edgar5@adventure-works.com,AD01A37E-D52A-4E69-8BE4-1003206DA46B,2014-02-03 00:00:00.000
8122,7317,melanie21@adventure-works.com,6781607E-68C3-48C9-9F35-6ADB30CC7E60,2013-09-06 00:00:00.000
8123,7318,melanie22@adventure-works.com,5EDBA38C-881D-4C7F-9400-DA69D1C7A415,2013-08-23 00:00:00.000
8124,7319,edgar6@adventure-works.com,2945EA56-2499-4900-84AA-117183339BF7,2013-07-30 00:00:00.000
8125,7320,melanie23@adventure-works.com,C217C26F-E339-441C-86CA-BBBD9B4268F5,2013-08-07 00:00:00.000
8126,7321,melanie24@adventure-works.com,11259BE3-98AE-4CAF-8E1F-2B39924C82B7,2012-09-16 00:00:00.000
8127,7322,melanie25@adventure-works.com,2B21DF89-B0CB-42A0-8B66-6A3EE97207A7,2014-04-22 00:00:00.000
8128,7323,edgar7@adventure-works.com,0C2656A2-3A3A-4939-B4CD-699C13AF1F29,2014-06-28 00:00:00.000
8129,7324,melanie26@adventure-works.com,7145EC45-6764-411F-82D1-0723AD8B9794,2013-08-06 00:00:00.000
8130,7325,melanie27@adventure-works.com,4C85F675-ED11-4D99-B298-E0D475ECCD69,2013-07-30 00:00:00.000
8131,7326,edgar8@adventure-works.com,D8DF6CF3-7FFA-4244-BC16-6FE70DDB8B11,2014-03-23 00:00:00.000
8132,7327,melanie28@adventure-works.com,359E68B1-BB47-4FAF-84BF-69C964F90C4D,2014-02-05 00:00:00.000
8133,7328,michelle6@adventure-works.com,EBF6CA3A-9AF0-4D54-ACFD-0F2D73C4F441,2013-07-28 00:00:00.000
8134,7329,edgar9@adventure-works.com,D9D0FB26-17E4-4653-8885-BF96AE7D8144,2014-06-23 00:00:00.000
8135,7330,brooke4@adventure-works.com,019725B2-6533-4904-A586-B34F36655196,2013-07-29 00:00:00.000
8136,7331,edgar10@adventure-works.com,DEA2DB19-7757-40CB-AA3C-23F20127594D,2013-08-20 00:00:00.000
8137,7332,kimberly7@adventure-works.com,375DE7A8-7933-4D03-AC78-ACEABCF40926,2011-08-26 00:00:00.000
8138,7333,makayla4@adventure-works.com,99640188-85A1-43B5-8BA0-F76CE6BAB4E8,2014-02-10 00:00:00.000
8139,7334,edgar11@adventure-works.com,2BB763DD-ABD2-4865-9B9E-12F07302D503,2011-10-04 00:00:00.000
8140,7335,franklin21@adventure-works.com,A914332A-272C-48F5-BED3-C1E680568D23,2012-12-28 00:00:00.000
8141,7336,edgar12@adventure-works.com,4E1BF17E-F051-4FF1-A099-99C6DE4A8BFB,2013-09-10 00:00:00.000
8142,7337,shelby4@adventure-works.com,A8DA0DD8-BC28-40EB-8409-F2ECCB48DEF8,2013-10-20 00:00:00.000
8143,7338,trinity4@adventure-works.com,26AAD669-3A61-4BEC-9A74-DBF2020043F9,2013-07-13 00:00:00.000
8144,7339,edgar13@adventure-works.com,A68E5E5D-A40D-40E7-BF8B-7BA80D5A1614,2013-09-20 00:00:00.000
8145,7340,erin8@adventure-works.com,62EA0EED-0151-4A3F-BA73-BAE149686FF0,2013-08-14 00:00:00.000
8146,7341,jade3@adventure-works.com,83EE8735-AD1B-4FF6-B09D-322E4F0BE4D1,2013-12-17 00:00:00.000
8147,7342,edgar14@adventure-works.com,EB62A362-1938-40F7-99AE-43337DC3E769,2012-04-22 00:00:00.000
8148,7343,mariah28@adventure-works.com,6600600D-2CFA-45AE-916C-4C5B192DC9BE,2013-12-25 00:00:00.000
8149,7344,melanie29@adventure-works.com,31EF2EE0-9083-4CAF-9C05-D3122373CA01,2013-06-13 00:00:00.000
8150,7345,edgar15@adventure-works.com,A0F23D2E-F240-4BE3-8579-ACF292849E61,2012-01-05 00:00:00.000
8151,7346,angela30@adventure-works.com,05E6FAEF-DF0A-4A2A-A772-0C724ED9A5CA,2013-10-22 00:00:00.000
8152,7347,arianna25@adventure-works.com,10EBC949-6B31-4FE0-BCA8-BB42B59DEAE0,2014-06-27 00:00:00.000
8153,7348,jacqueline28@adventure-works.com,61571759-8FA6-416D-83F9-43EE65093A91,2012-09-01 00:00:00.000
8154,7349,edgar16@adventure-works.com,1E24DDBD-E1F2-4956-A603-84D92B7FE132,2013-09-02 00:00:00.000
8155,7350,paige27@adventure-works.com,E3537710-24F6-41BD-8ADD-31AD239CC9AD,2013-08-10 00:00:00.000
8156,7351,faith25@adventure-works.com,86BCA47F-B4C1-4C38-BA03-2F35C6CD887E,2013-12-30 00:00:00.000
8157,7352,edgar17@adventure-works.com,7901776B-827B-4C52-8F79-3719C4C1DE3C,2013-10-18 00:00:00.000
8158,7353,riley23@adventure-works.com,EA9ABCF7-806E-4BAB-8CEC-E03C4AB013A6,2014-03-22 00:00:00.000
8159,7354,bailey3@adventure-works.com,D8B25C59-DD58-45CC-BF76-BD3B93E98FF8,2014-02-18 00:00:00.000
8160,7355,edgar18@adventure-works.com,A1984298-F4A0-41A8-9973-D7BC9AD97A2A,2014-04-19 00:00:00.000
8161,7356,mackenzie3@adventure-works.com,60030F93-77C7-4C13-ABB8-DFCAB147CB57,2013-11-14 00:00:00.000
8162,7357,edgar19@adventure-works.com,D0B22346-123F-4906-B631-DDE8096A2268,2013-03-30 00:00:00.000
8163,7358,edgar20@adventure-works.com,903EE150-8030-4D47-B789-8FFEDEB8F455,2014-04-13 00:00:00.000
8164,7359,gabriella2@adventure-works.com,30CB23A1-6B1D-45A8-A093-1184520BF770,2014-04-26 00:00:00.000
8165,7360,franklin22@adventure-works.com,97F45C17-0525-4298-9312-0F889256490A,2013-10-25 00:00:00.000
8166,7361,edgar21@adventure-works.com,E15C1F00-FA43-4CF5-AB86-78745686A069,2012-06-04 00:00:00.000
8167,7362,edgar22@adventure-works.com,E9F1A454-5804-4C0C-97FE-1177B08EDF98,2013-10-09 00:00:00.000
8168,7363,ivan0@adventure-works.com,13432E9E-2C9F-4982-8B07-8916FE274FA9,2012-01-13 00:00:00.000
8169,7364,sara5@adventure-works.com,D4854980-D774-472D-93E0-1BEC08785226,2012-07-28 00:00:00.000
8170,7365,ivan1@adventure-works.com,DD794AE5-E7BF-4987-8D3C-03A2DBC4A411,2013-10-05 00:00:00.000
8171,7366,jada2@adventure-works.com,E6B88A60-E7FB-4ED8-831D-58FB077B38CE,2013-12-10 00:00:00.000
8172,7367,katelyn3@adventure-works.com,E8F36366-FDBE-47CE-9127-2CDC51BC64AA,2012-06-27 00:00:00.000
8173,7368,savannah3@adventure-works.com,ADF3F984-3AF7-4A8E-8A58-4135BCCEAE1C,2014-06-18 00:00:00.000
8174,7369,ivan2@adventure-works.com,989D0BC9-A988-4A09-8714-16B9B842658B,2013-11-05 00:00:00.000
8175,7370,kaylee3@adventure-works.com,307256A7-00C2-4425-9E7E-0196BD1F4894,2014-02-01 00:00:00.000
8176,7371,ivan3@adventure-works.com,92B0B59A-29DE-4EDC-97C4-9D184335BA70,2014-05-02 00:00:00.000
8177,7372,ivan4@adventure-works.com,AB346947-50A2-4CE8-B9E8-DB854D45D5DA,2013-10-26 00:00:00.000
8178,7373,allison3@adventure-works.com,D1C4ECAA-BEBC-4AFC-8EAE-251ED2D6334E,2014-03-25 00:00:00.000
8179,7374,franklin23@adventure-works.com,2F5630AD-FDE2-4709-9D13-5F6A3738A0D9,2013-01-13 00:00:00.000
8180,7375,andrea5@adventure-works.com,737389B1-23A3-4A3C-901F-5154DFDDB7D4,2014-03-17 00:00:00.000
8181,7376,catherine5@adventure-works.com,4C35F71E-A65B-48F0-A9E9-BC56A15A9064,2013-07-14 00:00:00.000
8182,7377,ivan5@adventure-works.com,DD4B62D5-E4A5-4380-907B-F87CF45E42C5,2014-06-07 00:00:00.000
8183,7378,ivan6@adventure-works.com,C908EC08-8C9B-46CA-BB0D-7512ED4A3F18,2014-05-12 00:00:00.000
8184,7379,ivan7@adventure-works.com,E977398E-9361-42F1-8C3D-43F797AA02B4,2011-10-11 00:00:00.000
8185,7380,ivan8@adventure-works.com,A04DD374-87D8-46C3-A293-84023B5C2411,2011-06-21 00:00:00.000
8186,7381,danielle7@adventure-works.com,59292BCD-408A-42BA-827E-8FB1131CF204,2014-04-07 00:00:00.000
8187,7382,zoe4@adventure-works.com,F8C18019-B577-4F92-95A9-761BCB87D277,2013-05-22 00:00:00.000
8188,7383,ivan9@adventure-works.com,6D601434-0452-4B89-9D46-2CCBACBF4537,2014-05-24 00:00:00.000
8189,7384,alexa4@adventure-works.com,465720A1-958B-4CFB-817A-E56C002EEC07,2012-08-21 00:00:00.000
8190,7385,christina3@adventure-works.com,5B5E45A2-A69D-4A89-A117-145E5E283540,2013-10-14 00:00:00.000
8191,7386,ivan10@adventure-works.com,BE916FCD-006C-4BB1-8498-85EB46666C6B,2014-01-04 00:00:00.000
8192,7387,ivan11@adventure-works.com,4A913216-C333-4F9C-B443-40DD37E8519A,2011-09-04 00:00:00.000
8193,7388,ariana4@adventure-works.com,AB24D07B-F285-466D-925A-05E5C60501F1,2013-08-05 00:00:00.000
8194,7389,caitlin4@adventure-works.com,FDAB84C2-542E-4E11-AEB7-B6C53F4783F2,2014-03-03 00:00:00.000
8195,7390,franklin24@adventure-works.com,8BBE9C3B-5646-40C6-8B5B-F1B724D60149,2013-10-11 00:00:00.000
8196,7391,ivan12@adventure-works.com,39141389-F174-498C-98BD-90A48D0FAC64,2012-09-06 00:00:00.000
8197,7392,mary13@adventure-works.com,841B321D-91C0-4CBE-9EFC-CF0D8AD4CAA0,2013-09-22 00:00:00.000
8198,7393,ivan13@adventure-works.com,E748BAA4-AFB4-43E1-93DC-63DA1BD669E9,2013-01-20 00:00:00.000
8199,7394,brooke5@adventure-works.com,4434B585-C92E-49ED-ADDB-D175FE3E44C6,2013-11-16 00:00:00.000
8200,7395,kimberly8@adventure-works.com,54479513-446A-404B-8DC1-86C894C5B745,2014-05-28 00:00:00.000
8201,7396,ivan14@adventure-works.com,30755E56-2DFB-437E-A061-1AA173C741B0,2014-05-19 00:00:00.000
8202,7397,makayla5@adventure-works.com,32800FDF-1BEA-4481-B3EF-4E513C989B09,2014-04-15 00:00:00.000
8203,7398,shelby5@adventure-works.com,4D4DC607-76EC-4953-BD40-090889031993,2013-04-20 00:00:00.000
8204,7399,ivan15@adventure-works.com,2974DCE2-25F5-4FE6-B3E2-826DFD23AEAB,2013-08-30 00:00:00.000
8205,7400,erin9@adventure-works.com,ACAC3AD4-17C8-4254-9645-DD8B8E0BC0B8,2014-03-11 00:00:00.000
8206,7401,jade4@adventure-works.com,C0675567-2DEB-4883-8326-39B6C2063CE9,2013-10-27 00:00:00.000
8207,7402,ivan16@adventure-works.com,25DC03E6-1DD2-4E0E-8DAF-8E3DEB859AA3,2013-09-13 00:00:00.000
8208,7403,ivan17@adventure-works.com,8152F802-684A-4005-9212-0463F1AFB88A,2012-12-03 00:00:00.000
8209,7404,dominic1@adventure-works.com,BA990455-91D0-415B-9FAF-A20B82D9FE34,2013-11-25 00:00:00.000
8210,7405,mariah29@adventure-works.com,E2A8D447-6EA0-4F85-B0E2-29BC22532EB6,2013-12-11 00:00:00.000
8211,7406,dominic2@adventure-works.com,F7EDD547-B4D1-414F-8ED8-564EDC605A45,2013-10-09 00:00:00.000
8212,7407,melanie30@adventure-works.com,A3465A2F-B71C-43ED-ADA5-815A7FED7539,2013-07-24 00:00:00.000
8213,7408,dominic3@adventure-works.com,8F328B85-3AEC-4DE8-869A-AAA51A6933A6,2014-06-22 00:00:00.000
8214,7409,alexandria28@adventure-works.com,751980F7-C419-4C1D-9BCA-C69F39D69874,2013-10-27 00:00:00.000
8215,7410,angela31@adventure-works.com,EAD1D359-077C-458E-8562-688B452E878F,2014-02-22 00:00:00.000
8216,7411,franklin25@adventure-works.com,4E943563-E940-4E16-A9AC-5453805C0611,2013-07-30 00:00:00.000
8217,7412,dominic4@adventure-works.com,61215436-BDCD-4B7C-8872-D9485B124D3E,2014-04-22 00:00:00.000
8218,7413,arianna26@adventure-works.com,3EC283E3-3521-4F43-87A1-F7BA038B3625,2013-07-06 00:00:00.000
8219,7414,jacqueline29@adventure-works.com,1A35430F-95B6-4FA6-9BD6-28152E0A42BE,2014-02-16 00:00:00.000
8220,7415,dominic5@adventure-works.com,4145D546-7B6F-415E-9985-5418634772B1,2014-04-13 00:00:00.000
8221,7416,paige28@adventure-works.com,4F9AE6F6-B2D3-4AA9-ADFF-4C46CF1FC88B,2014-05-20 00:00:00.000
8222,7417,faith26@adventure-works.com,99A50937-AC14-49BF-8C44-32DF7E42F87A,2014-05-15 00:00:00.000
8223,7418,melissa27@adventure-works.com,1B3BBDE5-AE9B-4C18-80A7-8C975DA2406C,2013-08-21 00:00:00.000
8224,7419,don5@adventure-works.com,555A2CA3-06D7-420A-BF66-3D60E0502AFE,2014-01-05 00:00:00.000
8225,7420,riley24@adventure-works.com,F4868A51-A46B-4C41-B5E3-1ACD02AB5DC8,2013-12-08 00:00:00.000
8226,7421,bailey4@adventure-works.com,E04A67E2-1257-46C2-9FCA-EA0BAAE60A00,2013-11-05 00:00:00.000
8227,7422,dominic6@adventure-works.com,FA1D84F1-8E2C-46FC-8EB5-80877033105F,2014-02-25 00:00:00.000
8228,7423,mackenzie4@adventure-works.com,893897E3-FB63-4CD2-97BF-188DE67194A7,2014-01-19 00:00:00.000
8229,7424,gabriella3@adventure-works.com,3DF2000D-07E5-41A1-A84D-F334BCFE5BC5,2013-07-05 00:00:00.000
8230,7425,sara6@adventure-works.com,C7C09A50-99B0-4304-84E7-434699CE1581,2013-07-18 00:00:00.000
8231,7426,jan5@adventure-works.com,065203A9-E8FC-4603-BD70-2ADC8148A4A0,2013-11-23 00:00:00.000
8232,7427,katelyn4@adventure-works.com,41E0C96A-A815-4D84-8624-A43D01CC0601,2012-07-23 00:00:00.000
8233,7428,savannah4@adventure-works.com,0C6559AC-9485-48A4-B1A3-E3C7CB851EF6,2013-09-05 00:00:00.000
8234,7429,dominic7@adventure-works.com,D296E9AD-9E61-49A5-94B1-627E811D8C3F,2013-12-24 00:00:00.000
8235,7430,kaylee4@adventure-works.com,8BF7CF9C-EF53-4677-AA6C-3BE082847AAB,2013-01-22 00:00:00.000
8236,7431,allison4@adventure-works.com,B2EA2E3C-DAEA-4584-BC47-FB065F7100BF,2014-03-08 00:00:00.000
8237,7432,dominic8@adventure-works.com,821D1606-FDDA-42DE-B0C4-FFC411EEDD6B,2012-01-24 00:00:00.000
8238,7433,andrea6@adventure-works.com,0F31C03A-ADC4-4424-8B34-CBBAFC9FB25F,2013-08-14 00:00:00.000
8239,7434,danielle8@adventure-works.com,495A4AB7-E8F9-487D-96F8-87423088BB3A,2014-05-17 00:00:00.000
8240,7435,dominic9@adventure-works.com,6BCA4B6D-E707-4FA2-A80E-0376B6397D97,2013-09-22 00:00:00.000
8241,7436,dominic10@adventure-works.com,E75B9DC7-C6CB-444A-A1E8-265091520D8F,2011-11-01 00:00:00.000
8242,7437,dominic11@adventure-works.com,08AEE74A-EC7C-45F5-977C-5D6E2A04682F,2014-04-18 00:00:00.000
8243,7438,dominic12@adventure-works.com,1AD13FDE-902E-493E-8C74-1879FB6CEEDF,2012-03-11 00:00:00.000
8244,7439,zoe5@adventure-works.com,0909A23D-C02F-4FC6-9BC1-556EBB80AF15,2014-04-28 00:00:00.000
8245,7440,dominic13@adventure-works.com,F5E733DE-E2B0-49A9-8E7E-82922C43DED4,2014-03-23 00:00:00.000
8246,7441,alexa5@adventure-works.com,974F38C6-A9CE-434E-AA2E-6F2A81AA8BBD,2011-09-12 00:00:00.000
8247,7442,dominic14@adventure-works.com,BE3C15A5-1A29-48BB-A6EB-F12CBF89B3FE,2013-12-13 00:00:00.000
8248,7443,christina4@adventure-works.com,9F8ECBA5-94FF-42D7-B160-60DD6DCFA76A,2013-09-17 00:00:00.000
8249,7444,dominic15@adventure-works.com,A0F0D258-07C7-435B-B305-49DA2A95B5EF,2013-05-21 00:00:00.000
8250,7445,ariana5@adventure-works.com,6BF0B69C-E0BE-4BF0-95EE-266E8F01705F,2013-04-24 00:00:00.000
8251,7446,dominic16@adventure-works.com,6B5A0DF6-F53E-4791-B933-E36A431E201B,2013-07-17 00:00:00.000
8252,7447,dominic17@adventure-works.com,521703FB-5C03-461C-9A6B-11FDB562DC23,2014-05-25 00:00:00.000
8253,7448,dominic18@adventure-works.com,C77E1373-0AE9-4254-A762-A5502C2E034B,2013-11-15 00:00:00.000
8254,7449,dominic19@adventure-works.com,ECF635FE-1E92-434A-B0AA-0835066342E7,2011-07-21 00:00:00.000
8255,7450,michelle7@adventure-works.com,2F95A5AC-A9F0-45BC-BDDD-57F9F0CAAF06,2012-10-15 00:00:00.000
8256,7451,dominic20@adventure-works.com,B02A7562-9B8F-4901-8580-9CE0ECC4E548,2014-05-25 00:00:00.000
8257,7452,franklin26@adventure-works.com,4CDF41AF-22BF-4EF6-90E5-A6ABD93A3D30,2013-01-27 00:00:00.000
8258,7453,dominic21@adventure-works.com,51E835F4-93EF-40A4-A851-61DD9F8F44A6,2013-08-14 00:00:00.000
8259,7454,brooke6@adventure-works.com,5531199E-0B34-438B-B861-10A6A21F4D08,2014-02-22 00:00:00.000
8260,7455,dominic22@adventure-works.com,D696F6DC-2A38-43AC-81F1-ACCE54D51DA7,2013-11-21 00:00:00.000
8261,7456,kimberly9@adventure-works.com,8C935CD1-6A5C-41A9-AD79-6F4FB3496BB6,2014-01-12 00:00:00.000
8262,7457,makayla6@adventure-works.com,2C4E1C21-26F8-47D8-9EC2-B6714309E98C,2013-10-22 00:00:00.000
8263,7458,shelby6@adventure-works.com,72DBBF0A-F731-4A70-9278-AF92908C3289,2011-12-19 00:00:00.000
8264,7459,trinity5@adventure-works.com,00530258-26EA-48E5-BF19-DC67DE47C4AD,2014-03-28 00:00:00.000
8265,7460,geoffrey0@adventure-works.com,4EB00BFE-F4EF-4F7F-852D-8743F8B9BA23,2013-11-24 00:00:00.000
8266,7461,erin10@adventure-works.com,81C49088-6E6B-40DB-8C28-2B553A898773,2014-05-13 00:00:00.000
8267,7462,geoffrey1@adventure-works.com,E085DAE8-1278-4FFD-9B39-2622B110AC03,2014-01-16 00:00:00.000
8268,7463,mariah30@adventure-works.com,B50B50C6-EE6B-4B52-A69C-D5FD9146D223,2013-08-16 00:00:00.000
8269,7464,geoffrey2@adventure-works.com,0D26FF93-25D9-4E5C-88DF-1FC14FBD0EF4,2013-10-30 00:00:00.000
8270,7465,melanie31@adventure-works.com,48C9B726-32AB-4ECD-ACDC-7B0840035FD9,2014-03-04 00:00:00.000
8271,7466,alexandria29@adventure-works.com,E6C172D5-AF6B-4E65-AAE6-EE39AB1FBD01,2012-07-10 00:00:00.000
8272,7467,geoffrey3@adventure-works.com,5409ABAD-C702-407A-999B-228AE4202625,2014-05-17 00:00:00.000
8273,7468,geoffrey4@adventure-works.com,A988A195-70D4-4F2F-807D-3037DA1DE46C,2014-03-14 00:00:00.000
8274,7469,angela32@adventure-works.com,5B067091-7C3A-46E1-9EF7-C425C7DAA729,2014-01-16 00:00:00.000
8275,7470,arianna27@adventure-works.com,0022C3CA-4D6E-4D7D-8082-14AB41C42C85,2012-05-22 00:00:00.000
8276,7471,jacqueline30@adventure-works.com,0335C259-535B-481A-BEB7-2893BB690716,2013-09-26 00:00:00.000
8277,7472,geoffrey5@adventure-works.com,92B55D60-0942-4736-997B-266A840529C8,2013-12-19 00:00:00.000
8278,7473,paige29@adventure-works.com,1CF7FAA1-47D8-4768-9EAE-F5DFBE97B5DE,2014-03-03 00:00:00.000
8279,7474,faith27@adventure-works.com,E0C937F0-B80C-4838-A436-5C74CF598949,2013-09-04 00:00:00.000
8280,7475,melissa28@adventure-works.com,6938626F-A1ED-49C1-8A81-1A4A4B85122D,2014-03-26 00:00:00.000
8281,7476,riley25@adventure-works.com,4498345A-AAA8-4337-B9B0-D4E05E5F6CB0,2013-08-20 00:00:00.000
8282,7477,bailey5@adventure-works.com,9B406971-E4B6-416C-ADE9-3CBFF9281DEB,2014-04-05 00:00:00.000
8283,7478,mackenzie5@adventure-works.com,BF20C14E-A161-4FD7-A565-080A642DD106,2012-06-02 00:00:00.000
8284,7479,franklin27@adventure-works.com,6D5925A8-D218-4172-BC79-B6DA2A72A3DD,2012-09-02 00:00:00.000
8285,7480,geoffrey6@adventure-works.com,FD11ACEC-82F4-49F7-B4C6-06168045AB95,2013-03-18 00:00:00.000
8286,7481,gabriella4@adventure-works.com,F1357EAA-2D64-4B11-AD30-D58B205DC769,2013-10-18 00:00:00.000
8287,7482,sara7@adventure-works.com,CE7867CE-676E-4F00-9A3A-89966C406936,2013-09-03 00:00:00.000
8288,7483,jada3@adventure-works.com,295688A3-190A-4423-8E5D-56CDBA855BE2,2014-01-29 00:00:00.000
8289,7484,geoffrey7@adventure-works.com,81824FA9-23BC-40EF-9A95-8BA252EE7F7F,2013-12-25 00:00:00.000
8290,7485,katelyn5@adventure-works.com,EF2F2D4B-FEBF-4E41-AEE9-39B1FBE0FB18,2014-01-24 00:00:00.000
8291,7486,savannah5@adventure-works.com,7685A622-888D-4128-BFE0-52922EBCB92B,2013-10-31 00:00:00.000
8292,7487,geoffrey8@adventure-works.com,4B9FB184-09D0-48E6-B489-398063D22D35,2012-09-24 00:00:00.000
8293,7488,geoffrey9@adventure-works.com,7BAF39E6-B77F-45C4-9CAB-A023F3DAA204,2014-04-27 00:00:00.000
8294,7489,allison5@adventure-works.com,7A83F4FF-AE19-4D07-96D2-15AF3270A9E1,2014-01-23 00:00:00.000
8295,7490,geoffrey10@adventure-works.com,2B9D7620-37DF-4101-B9A8-12804DC4479A,2013-04-09 00:00:00.000
8296,7491,geoffrey11@adventure-works.com,26365D0A-80BC-4B21-BB2C-F8BAEE328B2A,2014-04-28 00:00:00.000
8297,7492,andrea7@adventure-works.com,54D3281C-C7EF-477B-A7A8-EE8CABE52D12,2013-10-05 00:00:00.000
8298,7493,catherine6@adventure-works.com,EA579DBC-A7B9-44CB-9333-A499951ED79A,2013-07-28 00:00:00.000
8299,7494,geoffrey12@adventure-works.com,51FA38A6-9B37-4597-A0C7-A82E6C70A2CF,2013-11-03 00:00:00.000
8300,7495,danielle9@adventure-works.com,6F0C6701-9334-487C-A4B6-81D14394F0F4,2013-08-07 00:00:00.000
8301,7496,zoe6@adventure-works.com,AB89FD5F-63E1-45D4-B1C3-A9BCD82CB9E4,2014-04-25 00:00:00.000
8302,7497,franklin28@adventure-works.com,CC7A7755-7D12-4246-85B1-3EE3221E7BFC,2013-11-11 00:00:00.000
8303,7498,geoffrey13@adventure-works.com,ECEEFFC6-E380-4639-8491-B963114621B1,2012-02-17 00:00:00.000
8304,7499,geoffrey14@adventure-works.com,C12F27E7-881E-4928-BF3B-74368FB31D36,2013-07-11 00:00:00.000
8305,7500,geoffrey15@adventure-works.com,7A0A8B3F-3A1E-4CED-9EFA-CB7B187F545D,2013-11-15 00:00:00.000
8306,7501,geoffrey16@adventure-works.com,6BB8A6E9-50D5-4F4C-8F3A-ACAF2121CCA5,2012-06-19 00:00:00.000
8307,7502,geoffrey17@adventure-works.com,BFB6CD2F-ACA3-40C1-AD74-63775643AC7C,2012-05-07 00:00:00.000
8308,7503,christina5@adventure-works.com,1FDF34DA-AFCE-44E6-AEDB-CC31DC36A07E,2012-10-31 00:00:00.000
8309,7504,ariana6@adventure-works.com,397017B5-2E9A-436B-87BF-2F9AA8824836,2014-02-10 00:00:00.000
8310,7505,geoffrey18@adventure-works.com,8FBF00BB-FD25-4DBA-BD83-807ACE605CB7,2014-05-12 00:00:00.000
8311,7506,caitlin5@adventure-works.com,33F67A05-BD6A-46F6-9E74-A6B587630CB0,2014-05-21 00:00:00.000
8312,7507,michelle8@adventure-works.com,3F0A8DE5-6E58-4B22-81EC-DEFB1543BE2C,2013-08-21 00:00:00.000
8313,7508,brooke7@adventure-works.com,148F3405-3066-48A4-AB33-465BAAF31367,2013-09-08 00:00:00.000
8314,7509,geoffrey19@adventure-works.com,090575EF-8876-4519-A9EC-976F10D23B74,2012-06-26 00:00:00.000
8315,7510,kimberly10@adventure-works.com,96B26CCE-1A0A-455A-B846-FEF853991FBB,2013-12-24 00:00:00.000
8316,7511,carmen4@adventure-works.com,0E34183E-B641-4F66-9094-5E54D018DD25,2013-03-22 00:00:00.000
8317,7512,makayla7@adventure-works.com,AA2BBADB-C431-4210-9D17-1264AA1F20EC,2013-10-08 00:00:00.000
8318,7513,carmen5@adventure-works.com,C21D9086-4228-4EA9-B578-6DD0E527189B,2014-05-17 00:00:00.000
8319,7514,carmen6@adventure-works.com,2F5E8326-383D-44A0-BA35-E24397BE6AD0,2014-03-29 00:00:00.000
8320,7515,franklin29@adventure-works.com,214BD655-8877-4248-B4A0-724A449EF96E,2014-05-05 00:00:00.000
8321,7516,carmen7@adventure-works.com,FCF541C7-DD2B-40DC-B973-2BEA500DE424,2014-06-04 00:00:00.000
8322,7517,shelby7@adventure-works.com,BFE44AC5-3BFE-4D50-93B3-598FF948125B,2014-04-01 00:00:00.000
8323,7518,trinity6@adventure-works.com,FCB67F1F-9857-4738-B198-6D1BF17D7914,2014-03-03 00:00:00.000
8324,7519,erin11@adventure-works.com,1304DD83-3B02-4DB2-81CA-78A10A4DEB98,2013-12-25 00:00:00.000
8325,7520,carmen8@adventure-works.com,66524234-2E01-4657-8EDB-E7B258C7EF8F,2014-01-26 00:00:00.000
8326,7521,mariah31@adventure-works.com,0B4E3700-83C7-4842-9663-476038408D3A,2014-01-03 00:00:00.000
8327,7522,melanie32@adventure-works.com,67C13D69-38AA-4461-BD56-58A0379F7A49,2013-08-19 00:00:00.000
8328,7523,alexandria30@adventure-works.com,5D493C07-F730-4F92-AAA5-2B0FBE4544DC,2013-08-20 00:00:00.000
8329,7524,carmen9@adventure-works.com,B0D1D601-65CE-44E5-9E17-ED8A738D10F6,2013-07-14 00:00:00.000
8330,7525,angela33@adventure-works.com,25DCCCD2-4E3E-46BE-B84B-5C2B251137B7,2013-10-27 00:00:00.000
8331,7526,carmen10@adventure-works.com,A7582A05-FC59-45FC-BB20-BF898DB8D2EB,2013-12-22 00:00:00.000
8332,7527,arianna28@adventure-works.com,DBB0F1D0-9094-4FB5-8A0E-3A13ACEDB251,2013-10-08 00:00:00.000
8333,7528,carmen11@adventure-works.com,03E153E1-AD7A-48F7-AE99-D63A814165DC,2013-12-24 00:00:00.000
8334,7529,jacqueline31@adventure-works.com,B2C11E0E-B967-42D5-892D-FF66BD67BD14,2013-06-18 00:00:00.000
8335,7530,carmen12@adventure-works.com,BDEA8C7A-7D82-46FA-A83C-C57047EEF663,2011-12-29 00:00:00.000
8336,7531,paige30@adventure-works.com,4A1DE300-BC9C-43E7-9BF4-C0491B8150A2,2014-06-05 00:00:00.000
8337,7532,carmen13@adventure-works.com,04FA630D-C12E-4398-855C-0EC6546187D5,2013-12-31 00:00:00.000
8338,7533,faith28@adventure-works.com,B78436A5-6FC6-4F46-84A5-F712ECD0640D,2011-12-17 00:00:00.000
8339,7534,franklin30@adventure-works.com,4C6C9450-A169-405A-9168-815A13696F0D,2014-02-02 00:00:00.000
8340,7535,carmen14@adventure-works.com,059BEB3D-4555-4B06-A6E3-C013A9CFF6F9,2012-04-17 00:00:00.000
8341,7536,melissa29@adventure-works.com,749675DC-37FE-4877-8673-020A3A775103,2014-05-23 00:00:00.000
8342,7537,riley26@adventure-works.com,2A17FA5F-8E54-4C65-952F-169D9855DB7F,2013-10-08 00:00:00.000
8343,7538,bailey6@adventure-works.com,928EC1A0-0BCF-4976-BF15-8B0D2A217707,2013-10-28 00:00:00.000
8344,7539,carmen15@adventure-works.com,C3794A67-5AE6-46EE-A878-B225FD2F9FA7,2014-05-29 00:00:00.000
8345,7540,mackenzie6@adventure-works.com,F68E047D-E74A-4FFD-AC79-8F5D921AF75D,2013-01-08 00:00:00.000
8346,7541,carmen16@adventure-works.com,C0BD371E-09B9-49A8-87D8-106435FB3C5C,2013-11-03 00:00:00.000
8347,7542,gabriella5@adventure-works.com,9054728E-C25B-495F-A7C8-678FF9416E80,2014-04-06 00:00:00.000
8348,7543,sara8@adventure-works.com,3B1CA296-685C-488D-B732-2E14AEE55402,2011-06-29 00:00:00.000
8349,7544,carmen17@adventure-works.com,1D8647D4-8975-40B7-AB1D-5CA4827CFB2C,2014-04-18 00:00:00.000
8350,7545,jan6@adventure-works.com,CEB10BF0-39D2-4BCD-A549-0D783AD8903A,2014-06-25 00:00:00.000
8351,7546,darrell2@adventure-works.com,56C9B01D-87B2-4E8E-9107-3BEE6813F8DD,2012-10-10 00:00:00.000
8352,7547,katelyn6@adventure-works.com,CCB53F77-7DFC-4AC6-B49A-67AED1C4DB34,2011-12-24 00:00:00.000
8353,7548,darrell3@adventure-works.com,DE70CC1E-CA77-4621-824F-7CF44265AA9C,2014-02-01 00:00:00.000
8354,7549,savannah6@adventure-works.com,FF2A190B-CA05-4837-949E-8D45516457B3,2013-12-04 00:00:00.000
8355,7550,kaylee5@adventure-works.com,2D0B5E05-2567-4054-A2C9-87517C715589,2014-03-21 00:00:00.000
8356,7551,allison6@adventure-works.com,CE7388A3-9D83-432C-94F6-407326E0CB4B,2013-07-08 00:00:00.000
8357,7552,darrell4@adventure-works.com,6A932DCB-131D-48DB-9EE4-5225FF899D0A,2013-07-11 00:00:00.000
8358,7553,andrea8@adventure-works.com,78EBB01D-6962-462B-9C1F-E82E453F11F5,2014-06-05 00:00:00.000
8359,7554,darrell5@adventure-works.com,AA2F1AA3-010F-4C74-963C-71549E636BA6,2014-04-28 00:00:00.000
8360,7555,catherine7@adventure-works.com,8AE912EB-8751-438C-8553-9EB592439A79,2013-11-28 00:00:00.000
8361,7556,danielle10@adventure-works.com,86A04F14-9C16-49B7-A257-E7230B39681A,2013-12-05 00:00:00.000
8362,7557,darrell6@adventure-works.com,AD72F9BE-1B3E-4070-84D9-AB7EB48F0809,2014-03-12 00:00:00.000
8363,7558,zoe7@adventure-works.com,635848FF-2C35-448C-824A-A8C6994A246B,2014-02-04 00:00:00.000
8364,7559,darrell7@adventure-works.com,715F4238-DAFA-491D-9F3C-7F3DCE0D5F02,2013-08-07 00:00:00.000
8365,7560,darrell8@adventure-works.com,C058E00A-5007-4669-A989-C2C39F53CBED,2013-10-18 00:00:00.000
8366,7561,alexa6@adventure-works.com,CBCE082B-A66D-4552-BB2C-AD7D2ACC030B,2014-05-14 00:00:00.000
8367,7562,christina6@adventure-works.com,AAEC54DE-ACD2-4570-936B-4FA756E67D84,2013-12-31 00:00:00.000
8368,7563,darrell9@adventure-works.com,EEA7305D-96C5-42F3-945A-6152210A6D84,2011-06-13 00:00:00.000
8369,7564,ariana7@adventure-works.com,74F3655F-C31D-42B1-B8CF-D72E7AB687FB,2013-10-01 00:00:00.000
8370,7565,caitlin6@adventure-works.com,999DD7F4-103B-43F4-A6D9-B3B4EA2A615E,2012-12-07 00:00:00.000
8371,7566,michelle9@adventure-works.com,1980E1FA-9D87-411B-B642-3FF63C40CFB4,2012-06-03 00:00:00.000
8372,7567,darrell10@adventure-works.com,7E6A8DF3-A51E-47DD-BD75-C02B938D10A8,2013-11-02 00:00:00.000
8373,7568,michele0@adventure-works.com,73A106DD-5D35-4580-91A5-66625A01651C,2014-02-03 00:00:00.000
8374,7569,michele1@adventure-works.com,D0449A2B-7F78-444A-979D-CC847B32899D,2012-08-09 00:00:00.000
8375,7570,brooke8@adventure-works.com,340C943F-F80B-443E-8C7F-065A581325EE,2014-01-19 00:00:00.000
8376,7571,michele2@adventure-works.com,D3A3254D-E1FD-4E6D-AF9C-D497D9364CB6,2014-04-19 00:00:00.000
8377,7572,kimberly11@adventure-works.com,324BE462-5AEA-432E-8378-F1D8D4AC3FEB,2014-05-25 00:00:00.000
8378,7573,makayla8@adventure-works.com,0D77097D-2DBC-4B8A-B345-71B232BC64EF,2011-12-30 00:00:00.000
8379,7574,michele3@adventure-works.com,B8E35AE5-3E20-4270-9778-CC1C34C11AFF,2013-11-25 00:00:00.000
8380,7575,shelby8@adventure-works.com,6015604C-2A0B-4C76-85F9-0D1C51060D77,2014-03-22 00:00:00.000
8381,7576,trinity7@adventure-works.com,C639142E-0DEB-4861-ACE5-919FDE3D1F1F,2013-07-26 00:00:00.000
8382,7577,michele4@adventure-works.com,E927299A-83B6-4AE9-9518-BD8A3CB44E04,2013-09-16 00:00:00.000
8383,7578,erin12@adventure-works.com,14A7A280-0A83-4676-A747-FF81D949E61F,2013-08-02 00:00:00.000
8384,7579,jade5@adventure-works.com,B81113E7-AA11-489E-A8A9-590B843DEBE3,2013-08-07 00:00:00.000
8385,7580,damien10@adventure-works.com,46B0120A-194D-4022-A341-E538E8D7F429,2013-11-27 00:00:00.000
8386,7581,franklin31@adventure-works.com,D4EFEAB6-F9CE-4AC9-907C-55FF15BB651B,2014-06-08 00:00:00.000
8387,7582,michele5@adventure-works.com,E91BD58A-224C-40CB-8BD4-02CF3508664E,2013-08-26 00:00:00.000
8388,7583,mariah32@adventure-works.com,06BBAB93-6E41-43B8-A7F8-2CDC2A8707AC,2013-12-24 00:00:00.000
8389,7584,melanie33@adventure-works.com,9472EBD9-9595-400F-ABDA-25879A49CF36,2014-04-04 00:00:00.000
8390,7585,michele6@adventure-works.com,66DED3D4-E545-44CD-899A-810C17DBFEE9,2012-07-29 00:00:00.000
8391,7586,angela34@adventure-works.com,7D67A57C-82EF-49B6-B93E-A1338831B127,2013-08-29 00:00:00.000
8392,7587,arianna29@adventure-works.com,5A6ABC4A-7DC6-4471-AABD-AF2A1F13E1EA,2013-07-02 00:00:00.000
8393,7588,michele7@adventure-works.com,AFE91ACC-4099-45B0-8021-6BD1338211A8,2014-06-17 00:00:00.000
8394,7589,jacqueline32@adventure-works.com,98957C30-9D8C-4F28-A085-28457F34D401,2013-02-24 00:00:00.000
8395,7590,paige31@adventure-works.com,9877A2C6-7C13-458B-A621-378AAF14C8F1,2013-07-28 00:00:00.000
8396,7591,michele8@adventure-works.com,A47DDF01-42BE-495F-905B-DF6F713C6F45,2012-11-27 00:00:00.000
8397,7592,faith29@adventure-works.com,3B39C34F-4721-470A-BE66-7A2ED3A3EE5E,2014-01-28 00:00:00.000
8398,7593,riley27@adventure-works.com,4E590D15-EFF2-41CD-AC93-9153715060B2,2013-11-11 00:00:00.000
8399,7594,michele9@adventure-works.com,24C400F2-831A-47CB-8828-4CA4BC25374D,2012-01-08 00:00:00.000
8400,7595,mackenzie7@adventure-works.com,C41A69DD-08D3-4C6A-9DF3-4C7D4837EFAE,2014-05-14 00:00:00.000
8401,7596,gabriella6@adventure-works.com,7E0317B7-AE82-40FA-B168-D161B4603F0D,2013-08-04 00:00:00.000
8402,7597,michele10@adventure-works.com,71EFED3E-C63E-4895-B405-F34E9370C56D,2013-07-06 00:00:00.000
8403,7598,sara9@adventure-works.com,20800950-9B91-4E31-BD58-47C1FF385D3D,2013-07-23 00:00:00.000
8404,7599,janet28@adventure-works.com,50A02138-680F-49D5-A6D6-6B26A408312D,2014-01-01 00:00:00.000
8405,7600,michele11@adventure-works.com,9BE1CCCF-7C43-467A-9FFB-9F5A79E8F34E,2012-07-08 00:00:00.000
8406,7601,katelyn7@adventure-works.com,BA46E6A5-2085-4E23-BF3A-2D0EE617A8B2,2013-11-21 00:00:00.000
8407,7602,savannah7@adventure-works.com,245D5A89-165C-440A-A44A-AF1F7F8BE871,2014-01-06 00:00:00.000
8408,7603,kaylee6@adventure-works.com,834DAD82-765A-4A87-B91B-01D7A0877F39,2013-02-18 00:00:00.000
8409,7604,allison7@adventure-works.com,4DE3971E-BDCD-457E-94BB-FC490E649717,2014-04-23 00:00:00.000
8410,7605,michele12@adventure-works.com,BD6A16D3-FD3A-4EF5-B54F-640DA36CB574,2013-07-28 00:00:00.000
8411,7606,andrea9@adventure-works.com,50257F74-EE5D-4E0D-BD48-3AA8776234C5,2014-02-11 00:00:00.000
8412,7607,kimberly12@adventure-works.com,1DFCF872-1CC1-46F4-9FC8-7B816F027FDA,2013-09-23 00:00:00.000
8413,7608,michele13@adventure-works.com,6F3C8A8E-79FF-4783-8F28-F07421CE4DEF,2013-12-09 00:00:00.000
8414,7609,shelby9@adventure-works.com,DBB20B43-9B73-468E-A7EC-3092A9FB8E45,2013-10-03 00:00:00.000
8415,7610,franklin32@adventure-works.com,B13EA72C-C95E-443F-97A8-B5D2031FC864,2013-11-13 00:00:00.000
8416,7611,michele14@adventure-works.com,090CA08F-2B7B-4798-A973-29C1E1FD5F9E,2013-10-22 00:00:00.000
8417,7612,michele15@adventure-works.com,97233CA5-5244-4A32-892C-A316D517F6F9,2012-09-06 00:00:00.000
8418,7613,trinity8@adventure-works.com,450335C1-E629-4645-A7F0-8FB3B4395D5A,2013-09-08 00:00:00.000
8419,7614,erin13@adventure-works.com,FD5D9E91-1B56-4E89-B830-96474FDD85A2,2014-06-18 00:00:00.000
8420,7615,jade6@adventure-works.com,9C72F8DC-1598-4223-9769-D16E67F61725,2013-09-20 00:00:00.000
8421,7616,mariah33@adventure-works.com,9E4C1A99-9CCC-4999-A994-899A31E12FCC,2013-09-19 00:00:00.000
8422,7617,michele16@adventure-works.com,102C3704-5BF5-46A6-9991-182CD4CA27EA,2014-05-15 00:00:00.000
8423,7618,michele17@adventure-works.com,171980BF-3569-4631-A8A7-1040691AE3A1,2013-11-17 00:00:00.000
8424,7619,melanie34@adventure-works.com,FAD019DF-DEED-4DB7-A1B0-D94D931B2438,2014-01-21 00:00:00.000
8425,7620,michele18@adventure-works.com,0E1938F4-5AD7-420E-B306-0FDF948CE589,2012-11-07 00:00:00.000
8426,7621,angela35@adventure-works.com,65E9E33F-8A1F-48B1-B43E-D32AC5EB4ADB,2013-11-03 00:00:00.000
8427,7622,arianna30@adventure-works.com,5013F046-DF10-47E8-B66B-ED3B832E65B9,2014-04-10 00:00:00.000
8428,7623,michele19@adventure-works.com,786FE67C-4583-431E-9F7C-25DAA441C185,2011-07-29 00:00:00.000
8429,7624,michele20@adventure-works.com,68ECB86B-F8AE-4379-BAED-F940EEF444C7,2013-03-27 00:00:00.000
8430,7625,jacqueline33@adventure-works.com,72FA1713-FC8D-41E4-B836-30E3AA2388EE,2014-04-17 00:00:00.000
8431,7626,paige32@adventure-works.com,014596D8-64DA-4F29-A4D3-060F754E8021,2013-09-24 00:00:00.000
8432,7627,melissa30@adventure-works.com,2E163CD8-726A-48AB-9809-C7374EE7FF94,2013-10-08 00:00:00.000
8433,7628,michele21@adventure-works.com,D1CDCD45-C0FE-4E88-BEA9-ADDA7C2F04F7,2013-10-15 00:00:00.000
8434,7629,riley28@adventure-works.com,211B06B4-84F8-4970-8414-AC8DFDE24D3D,2014-06-01 00:00:00.000
8435,7630,michele22@adventure-works.com,CDA4B206-E2A7-4EC9-9119-015095C5664F,2013-03-10 00:00:00.000
8436,7631,bailey7@adventure-works.com,E9766802-821F-4A71-A601-FF781761472F,2014-05-12 00:00:00.000
8437,7632,mackenzie8@adventure-works.com,18E489A2-5149-4F93-94FA-6A172504472D,2014-01-09 00:00:00.000
8438,7633,michele23@adventure-works.com,E4614409-8B02-455D-83FB-E13170B419DC,2014-05-25 00:00:00.000
8439,7634,franklin33@adventure-works.com,3EABA9FB-862C-4EFC-83E8-2B7B45F13FF3,2013-10-01 00:00:00.000
8440,7635,tonya0@adventure-works.com,BBF878F4-AE9E-41AF-AF9F-D25BE8477ACE,2011-06-22 00:00:00.000
8441,7636,gabriella7@adventure-works.com,A3037F89-E5B0-4B91-8457-8BD1AA79A727,2013-12-17 00:00:00.000
8442,7637,tonya1@adventure-works.com,503FEE33-60C3-43B9-9CD2-2274B9F785F2,2013-09-18 00:00:00.000
8443,7638,sara10@adventure-works.com,45D45DB7-2689-4B23-AEFE-9699F45AE31A,2013-10-17 00:00:00.000
8444,7639,jada4@adventure-works.com,A6A820CC-C493-4E0E-AF40-2560A75C3B1C,2014-01-22 00:00:00.000
8445,7640,tonya2@adventure-works.com,E9191222-2971-45CD-B469-FC752F4E1E31,2011-11-10 00:00:00.000
8446,7641,katelyn8@adventure-works.com,B808FD7C-7D5E-4EB4-9287-B816008C8B33,2011-12-24 00:00:00.000
8447,7642,savannah8@adventure-works.com,29C8DAF6-1FCF-465F-8033-42A4B9E2EFEC,2013-11-11 00:00:00.000
8448,7643,tonya3@adventure-works.com,DAB2AB5A-A2CE-4D6E-9588-26F3B526C01F,2014-01-07 00:00:00.000
8449,7644,tonya4@adventure-works.com,E8B67CB3-DC7B-43C6-A6AC-385391E5B65B,2013-01-24 00:00:00.000
8450,7645,tonya5@adventure-works.com,B633CB4E-EC85-409C-86C3-5EE3B52FC063,2014-01-24 00:00:00.000
8451,7646,kaylee7@adventure-works.com,E26E4933-EEA5-4677-B8B0-950949BD23DC,2014-01-15 00:00:00.000
8452,7647,tonya6@adventure-works.com,69E235C0-C61A-4E8C-AAB5-F1621E1A7C14,2013-09-19 00:00:00.000
8453,7648,allison8@adventure-works.com,0164E69B-048F-41DB-8767-426925478D92,2012-05-01 00:00:00.000
8454,7649,andrea10@adventure-works.com,88EE656E-EA44-418A-B5B2-82DF5E2169A2,2012-03-20 00:00:00.000
8455,7650,tonya7@adventure-works.com,1B199146-EF99-40C9-BADD-8F815B303C3D,2012-11-18 00:00:00.000
8456,7651,tonya8@adventure-works.com,58B57068-5D36-4660-B60E-A89E4E6AE756,2013-09-26 00:00:00.000
8457,7652,catherine8@adventure-works.com,D8624DA5-4685-486C-BD83-500D42062C9F,2013-07-12 00:00:00.000
8458,7653,danielle11@adventure-works.com,1E8E5857-2C79-49DB-8E3C-D6FD6325372A,2014-05-28 00:00:00.000
8459,7654,tonya9@adventure-works.com,29E390FB-FB8A-4827-89C9-5649ECCFBF60,2014-02-05 00:00:00.000
8460,7655,zoe8@adventure-works.com,A884F05B-AA83-40E8-956F-5B03E0A1EDB4,2014-01-27 00:00:00.000
8461,7656,alexa7@adventure-works.com,79556CAB-CCAC-4B65-B0E8-5E34C310248D,2013-07-19 00:00:00.000
8462,7657,christina7@adventure-works.com,3D0E85DF-8E68-4E25-B6C9-78FE33DFEED8,2013-11-16 00:00:00.000
8463,7658,tonya10@adventure-works.com,739828C6-0973-4C56-9A43-F27184125D2F,2013-10-25 00:00:00.000
8464,7659,ariana8@adventure-works.com,29D3A44E-285B-43E5-B870-D105D554672C,2014-01-19 00:00:00.000
8465,7660,caitlin7@adventure-works.com,7CAE938F-7DA3-4AF8-B390-5A1A1626882F,2012-01-03 00:00:00.000
8466,7661,michelle10@adventure-works.com,5DEA7A39-DE6C-4BB1-ACB5-25E9CDD4F317,2013-10-10 00:00:00.000
8467,7662,tonya11@adventure-works.com,47FC0703-B3B8-4814-94D7-AEE455636218,2013-11-22 00:00:00.000
8468,7663,tonya12@adventure-works.com,7EF9C60A-3058-4CC3-BB89-ABCACC769277,2012-12-08 00:00:00.000
8469,7664,brooke9@adventure-works.com,68E637A8-2DEC-40B9-BE0C-BB79B9DD5E53,2012-03-29 00:00:00.000
8470,7665,kimberly13@adventure-works.com,E29F97C9-D5F9-4AD9-8D1D-D8C7B2734315,2014-02-23 00:00:00.000
8471,7666,tonya13@adventure-works.com,E7CD8BBE-6353-4631-A022-366B45DF15BF,2013-07-15 00:00:00.000
8472,7667,shelby10@adventure-works.com,C7096CA8-5DF7-48C1-9A9B-643EFF71B030,2014-01-13 00:00:00.000
8473,7668,trinity9@adventure-works.com,D53F8D59-6B12-4854-8877-77DAD9EA708A,2012-01-29 00:00:00.000
8474,7669,tonya14@adventure-works.com,A84AAA99-FB98-4675-9694-751769F75352,2012-04-18 00:00:00.000
8475,7670,erin14@adventure-works.com,144E704A-306F-440D-815D-3238B1A8E780,2013-08-09 00:00:00.000
8476,7671,jade7@adventure-works.com,E89ACE30-35B7-4E89-9214-645F60C282D1,2014-04-03 00:00:00.000
8477,7672,mariah34@adventure-works.com,CDDC84C2-487F-4CB1-90C5-7F9469B3AC09,2013-09-05 00:00:00.000
8478,7673,tonya15@adventure-works.com,F3B5A711-8BF8-4199-BCDA-46362F4F7CAC,2013-08-23 00:00:00.000
8479,7674,melanie35@adventure-works.com,3CD77C35-C364-4008-84F1-DE01451923E0,2014-01-10 00:00:00.000
8480,7675,alexandria31@adventure-works.com,221339A7-2370-42EF-B546-43C0ADAE9116,2014-03-17 00:00:00.000
8481,7676,tonya16@adventure-works.com,1059313A-3727-40B2-B5C9-BD2CF8F14459,2013-07-10 00:00:00.000
8482,7677,tonya17@adventure-works.com,F8CB9DB3-5F40-4293-8954-108A02E6755F,2013-05-16 00:00:00.000
8483,7678,arianna31@adventure-works.com,B64E5310-911F-42A6-8105-24E34379DA1B,2013-07-24 00:00:00.000
8484,7679,franklin34@adventure-works.com,E061266C-AADA-440E-A3A7-ABB26F931EE6,2013-04-21 00:00:00.000
8485,7680,tonya18@adventure-works.com,96F0B575-37FE-423C-8D0F-9816193FCBCA,2013-11-17 00:00:00.000
8486,7681,paige33@adventure-works.com,F50D4DF3-00BF-4664-AF9B-09E5BFDAFC78,2014-02-04 00:00:00.000
8487,7682,tonya19@adventure-works.com,15D757D8-33B2-4E9C-BD32-67905526F242,2014-03-28 00:00:00.000
8488,7683,tonya20@adventure-works.com,C27A8537-CB71-4E24-92BF-B3583080D818,2013-07-14 00:00:00.000
8489,7684,tonya21@adventure-works.com,2574F960-3908-47CD-BE23-CA6A9FC45B3A,2013-09-05 00:00:00.000
8490,7685,melissa31@adventure-works.com,BEE78C3F-7DF1-412A-AEED-951A21F55433,2013-09-09 00:00:00.000
8491,7686,tonya22@adventure-works.com,A840699C-8E62-4B8E-8DCC-034E70D42C3C,2014-01-12 00:00:00.000
8492,7687,riley29@adventure-works.com,BEB2FDBD-4A42-404B-A4D4-5FB4E03A7492,2013-10-27 00:00:00.000
8493,7688,sharon6@adventure-works.com,2712C836-5924-4A3D-B80A-5EC2687624E8,2013-11-05 00:00:00.000
8494,7689,bailey8@adventure-works.com,66325454-5100-4E30-ACC3-3E68F383AF37,2013-11-13 00:00:00.000
8495,7690,mackenzie9@adventure-works.com,DF729AB3-58C3-4E11-AF96-6F382B9EB49A,2014-06-02 00:00:00.000
8496,7691,gabriella8@adventure-works.com,60E222BA-C8E9-4A67-84EC-6FEB5A0C7306,2013-11-01 00:00:00.000
8497,7692,sara11@adventure-works.com,DF549EEF-538B-405C-BD0F-57528E161CDF,2013-08-25 00:00:00.000
8498,7693,jan7@adventure-works.com,1FCF2AF7-D667-4497-93FC-2B2A816322AA,2014-02-09 00:00:00.000
8499,7694,katelyn9@adventure-works.com,90530607-A599-480A-B85F-E4005B7AA83C,2013-09-29 00:00:00.000
8500,7695,sharon7@adventure-works.com,1DDE1976-BE11-4C4C-872D-2B713A2DBE25,2013-12-24 00:00:00.000
8501,7696,savannah9@adventure-works.com,904DA1F1-F9C7-4D38-AD14-E4926EC86CA1,2014-02-10 00:00:00.000
8502,7697,sharon8@adventure-works.com,278E174C-E00C-46AD-86E7-72D910212D31,2014-02-11 00:00:00.000
8503,7698,kaylee8@adventure-works.com,394088DA-5567-4AC5-A07B-ED475118A13E,2014-03-08 00:00:00.000
8504,7699,allison9@adventure-works.com,4AF68B44-EC14-4639-9333-96BCB593E181,2012-11-30 00:00:00.000
8505,7700,sharon9@adventure-works.com,400C245B-8779-4D14-A477-551F95478CD6,2013-09-12 00:00:00.000
8506,7701,andrea11@adventure-works.com,EABE5C50-A2AD-4CD4-82E7-0B994CE1E9A6,2014-05-13 00:00:00.000
8507,7702,sharon10@adventure-works.com,88F4FEDD-916B-4DEA-B611-DBE264E5B657,2013-10-15 00:00:00.000
8508,7703,franklin35@adventure-works.com,D68C2716-D606-4AD6-891B-A6FB715B4591,2012-09-17 00:00:00.000
8509,7704,sharon11@adventure-works.com,E9225265-91E3-4E28-9B6F-D43F72ACFA8D,2012-12-02 00:00:00.000
8510,7705,catherine9@adventure-works.com,4E84445F-CEF4-436D-AAF4-673ED31B42C2,2012-11-12 00:00:00.000
8511,7706,sharon12@adventure-works.com,096DFAE4-5A0C-42FF-855E-F69718AB9EFF,2014-01-22 00:00:00.000
8512,7707,danielle12@adventure-works.com,E5016A2C-590B-4C33-B38E-7DB3ABEAE0AB,2013-07-03 00:00:00.000
8513,7708,zoe9@adventure-works.com,8360A78A-9F8D-4ABB-A1EA-2A9F250685BA,2012-12-11 00:00:00.000
8514,7709,alexa8@adventure-works.com,06515F20-9B3C-41B9-B975-4FB44872EFA7,2013-09-04 00:00:00.000
8515,7710,sharon13@adventure-works.com,5FD0F0B9-C98E-411E-BBD2-FF283322566E,2013-11-10 00:00:00.000
8516,7711,christina8@adventure-works.com,7388B4D6-E6C2-40AA-B29F-A56A93C29F85,2013-12-31 00:00:00.000
8517,7712,ariana9@adventure-works.com,305B414B-A670-4578-8A77-82696939EBB7,2014-01-06 00:00:00.000
8518,7713,sharon14@adventure-works.com,49A8B2D4-2BCC-44B0-96C0-36C84CECDE1F,2011-07-29 00:00:00.000
8519,7714,caitlin8@adventure-works.com,6ECEBADE-567C-48CF-B2C3-96706AE429D3,2014-06-13 00:00:00.000
8520,7715,sharon15@adventure-works.com,4C580298-85DE-4FE3-AB88-37A55BB5F931,2013-05-23 00:00:00.000
8521,7716,sharon16@adventure-works.com,69719B4A-54CA-4DD6-84CD-1303DC976C5D,2011-07-05 00:00:00.000
8522,7717,michelle11@adventure-works.com,42330636-F186-4E8D-ABEA-424A05791726,2011-08-01 00:00:00.000
8523,7718,sharon17@adventure-works.com,AFB84BAE-16AF-4B76-8646-23C085D13789,2014-03-17 00:00:00.000
8524,7719,kimberly14@adventure-works.com,46A3966E-FF8A-4C2A-996D-597874669E8D,2014-02-11 00:00:00.000
8525,7720,makayla9@adventure-works.com,951598D4-06DC-4E4B-B6F7-F8C7C8CDB5F3,2014-05-27 00:00:00.000
8526,7721,shelby11@adventure-works.com,FA420886-A2C8-432F-A8EC-34C4DFAF225B,2011-09-26 00:00:00.000
8527,7722,sharon18@adventure-works.com,84CAC12C-CDCC-41EF-8DD0-CFCAF425ABB7,2013-08-20 00:00:00.000
8528,7723,trinity10@adventure-works.com,D5BF23ED-E165-48A8-B67D-6506FEACA420,2013-09-06 00:00:00.000
8529,7724,erin15@adventure-works.com,E34CCD9D-12FD-45CA-B9A0-A541036321EE,2013-01-01 00:00:00.000
8530,7725,franklin36@adventure-works.com,6B384CA7-939B-47BE-B36E-5F23296250F3,2013-12-11 00:00:00.000
8531,7726,sharon19@adventure-works.com,B7F09F20-433D-4E3E-9431-D016B18705B4,2012-09-14 00:00:00.000
8532,7727,jan8@adventure-works.com,42B95560-A3E3-4217-97EF-588083CF6BE6,2014-06-16 00:00:00.000
8533,7728,sharon20@adventure-works.com,E636EF5F-BF2E-4441-8EF7-E8159508C936,2011-12-31 00:00:00.000
8534,7729,sharon21@adventure-works.com,2D183B8F-9606-4186-915E-4F179C147EAB,2014-01-16 00:00:00.000
8535,7730,mariah35@adventure-works.com,5FBFB11B-AC81-4CF2-BC10-B85AC0CCD174,2012-07-21 00:00:00.000
8536,7731,melanie36@adventure-works.com,8AFD33EB-0A65-46FD-B09B-4100C2D6F682,2014-01-20 00:00:00.000
8537,7732,sharon22@adventure-works.com,2EA63679-381E-4B43-8B74-C57576DD098C,2011-11-21 00:00:00.000
8538,7733,alexandria32@adventure-works.com,572F2AFE-67E3-4A5D-9516-E9A456FCDD5E,2014-06-18 00:00:00.000
8539,7734,sharon23@adventure-works.com,71D5B48B-80FB-4D89-936D-C5442C735C69,2012-03-19 00:00:00.000
8540,7735,angela36@adventure-works.com,E540B300-DF0E-4BDA-AB14-D6B88B6E4195,2011-11-21 00:00:00.000
8541,7736,sharon24@adventure-works.com,AC6A30E9-57EF-49AC-93C0-000ED5732660,2013-12-24 00:00:00.000
8542,7737,arianna32@adventure-works.com,407ADD85-33AE-415E-BA5A-02C14A4D9411,2013-12-07 00:00:00.000
8543,7738,sharon25@adventure-works.com,16BB1B92-3945-47BB-BC79-D9B3272EF850,2014-04-24 00:00:00.000
8544,7739,jacqueline34@adventure-works.com,D4E082CA-E2B5-49FA-971B-38212D9230E8,2014-05-04 00:00:00.000
8545,7740,paige34@adventure-works.com,C68C0899-868A-4328-B3C6-530020C2D039,2013-08-27 00:00:00.000
8546,7741,carol7@adventure-works.com,C2351C5F-A82F-446B-A89E-C44C107ACBDF,2013-08-30 00:00:00.000
8547,7742,sharon26@adventure-works.com,3EF9BCDD-6AC2-4D26-8AD7-ADFC429EBC9E,2014-01-23 00:00:00.000
8548,7743,melissa32@adventure-works.com,A7DFEF1A-FA73-4AD0-839F-4E305DA99EE4,2013-07-28 00:00:00.000
8549,7744,sharon27@adventure-works.com,3CB5E989-3A9D-4FFB-A184-50FA73D770DB,2013-11-25 00:00:00.000
8550,7745,riley30@adventure-works.com,8230849A-3E5C-4F5E-B717-AE79642CD934,2013-08-14 00:00:00.000
8551,7746,franklin37@adventure-works.com,923F9AFA-96B8-4B3D-A8F0-417EBD041AC5,2013-11-11 00:00:00.000
8552,7747,bridget1@adventure-works.com,E2EC589A-69EE-4971-90F5-F0193FFB961F,2012-01-28 00:00:00.000
8553,7748,gabriella9@adventure-works.com,7AB4B50E-A012-4293-A7F5-C35503333B50,2013-12-12 00:00:00.000
8554,7749,bridget2@adventure-works.com,67BAF6A8-B141-42B2-AAD1-6154D25C5187,2014-03-01 00:00:00.000
8555,7750,sara12@adventure-works.com,239A33A0-1B1D-4492-8284-44412ED9D63D,2014-05-23 00:00:00.000
8556,7751,bridget3@adventure-works.com,3A0B6343-023D-41BD-AABD-A10962C1FE9B,2013-08-07 00:00:00.000
8557,7752,jan9@adventure-works.com,60D1926E-BD0B-46AE-A1C7-9CCE9FA3A199,2012-11-12 00:00:00.000
8558,7753,katelyn10@adventure-works.com,910E93AA-7C9B-4A7D-8E44-FF934C7ECE0E,2012-08-21 00:00:00.000
8559,7754,savannah10@adventure-works.com,E5E0FE9B-2B58-41BA-B051-5D58EB9343C4,2013-09-15 00:00:00.000
8560,7755,allison10@adventure-works.com,8AB02FCC-EA95-4377-87A7-E32BFAF33875,2013-09-16 00:00:00.000
8561,7756,bridget4@adventure-works.com,D8EA42B5-1E7A-46C8-84D0-52F8AFF68C57,2013-06-07 00:00:00.000
8562,7757,andrea12@adventure-works.com,CA820375-D362-48F8-8AED-CDE3D193D627,2014-01-17 00:00:00.000
8563,7758,bridget5@adventure-works.com,BA1FC2D7-BBF9-4821-A1F8-F2523E5432C9,2011-09-11 00:00:00.000
8564,7759,catherine10@adventure-works.com,629A38FF-C8B5-4585-A5A4-FB4CF965B5BE,2013-08-01 00:00:00.000
8565,7760,bridget6@adventure-works.com,70366BC2-5682-4581-AC70-ABD7E9D82884,2012-04-16 00:00:00.000
8566,7761,danielle13@adventure-works.com,C463C56F-2F17-4CBE-B93D-C4177210FBC6,2014-05-20 00:00:00.000
8567,7762,zoe10@adventure-works.com,26E7C640-046D-405F-BE81-0D553A3D7061,2013-10-18 00:00:00.000
8568,7763,bridget7@adventure-works.com,FE1F5121-6BEC-4B9B-AF74-BB30BBB00D65,2013-05-07 00:00:00.000
8569,7764,alexa9@adventure-works.com,D71D3D39-CFB0-4431-B1E2-FB56AF50A97C,2014-06-10 00:00:00.000
8570,7765,christina9@adventure-works.com,F7655025-3E45-4BBB-BCED-2C70CBC6EC5A,2013-09-27 00:00:00.000
8571,7766,ariana10@adventure-works.com,08D7DB69-3DB9-475A-8666-103598C73186,2014-02-27 00:00:00.000
8572,7767,bridget8@adventure-works.com,995E41D6-F57A-4C00-87C8-DB16CC0028FE,2013-09-10 00:00:00.000
8573,7768,caitlin9@adventure-works.com,20437687-1836-4CDD-B8A0-86AB7A88F178,2013-12-22 00:00:00.000
8574,7769,michelle12@adventure-works.com,B49FD9BC-452C-4250-B2B1-4EE83E70660B,2014-04-08 00:00:00.000
8575,7770,bridget9@adventure-works.com,4EABE7FF-BFF6-4AD8-868C-1B67BD135C26,2013-05-26 00:00:00.000
8576,7771,bridget10@adventure-works.com,3CB3BE20-80AA-4B3C-98CA-26CDCB2C2143,2014-01-29 00:00:00.000
8577,7772,brooke10@adventure-works.com,F202B7EC-487B-44CB-A5A6-7F17A2933AA5,2014-06-02 00:00:00.000
8578,7773,franklin38@adventure-works.com,2CEFA262-11A6-4215-AEE8-2CC07719A4C7,2011-12-15 00:00:00.000
8579,7774,bridget11@adventure-works.com,C1C1FABF-BE7B-44B6-BD39-FDB5B3BC458B,2013-12-07 00:00:00.000
8580,7775,kimberly15@adventure-works.com,4677D0BD-122A-4FD2-A0C5-40FADAC7D622,2014-05-06 00:00:00.000
8581,7776,bridget12@adventure-works.com,A0A7543E-149A-4139-A5E8-10CE93A1984F,2013-12-24 00:00:00.000
8582,7777,makayla10@adventure-works.com,38D625D1-1F73-482B-8C01-395BD13DA064,2013-10-01 00:00:00.000
8583,7778,bridget13@adventure-works.com,4CF704A9-CBA0-4843-BB74-05A1D879AF3A,2011-07-04 00:00:00.000
8584,7779,bridget14@adventure-works.com,AA014AA7-2BD6-4DD4-A589-78DE80E2A8DD,2014-02-18 00:00:00.000
8585,7780,bridget15@adventure-works.com,369DB31C-5EF8-4A80-A403-BF176FD251A5,2013-01-05 00:00:00.000
8586,7781,shelby12@adventure-works.com,B3CF03C2-E565-4626-B3CC-55CB2DA70F64,2013-09-05 00:00:00.000
8587,7782,trinity11@adventure-works.com,7D72705C-7FF7-4FBF-9904-B00C6189CCC4,2013-04-03 00:00:00.000
8588,7783,bridget16@adventure-works.com,3E128614-E306-4022-812A-06AEBF392BF4,2013-01-12 00:00:00.000
8589,7784,erin16@adventure-works.com,EEEFD6C8-BBE5-4F4E-9B8C-F5E1F2C24558,2014-05-02 00:00:00.000
8590,7785,bridget17@adventure-works.com,3890B39A-C5BB-4815-8E94-FDFF80926C50,2013-09-21 00:00:00.000
8591,7786,jade8@adventure-works.com,27E9E31C-60B5-47D1-9896-EBB5804AE225,2014-01-26 00:00:00.000
8592,7787,mariah36@adventure-works.com,16DAECAF-A424-466B-B9B3-02D6C38C0776,2014-01-04 00:00:00.000
8593,7788,melanie37@adventure-works.com,9057E239-E03C-42D2-855C-BD285ACCED42,2014-04-16 00:00:00.000
8594,7789,bridget18@adventure-works.com,6B6029BF-0259-4DA0-B4E0-9C3C3C46BBFB,2013-05-23 00:00:00.000
8595,7790,bridget19@adventure-works.com,B9C3A397-7B88-4069-A2B2-14B901427F93,2014-04-16 00:00:00.000
8596,7791,alexandria33@adventure-works.com,A2F0E31A-4584-448A-9297-A71325B7E4BA,2013-09-09 00:00:00.000
8597,7792,franklin39@adventure-works.com,C2810E9F-7B8B-4EE6-A6C9-6338219E3766,2014-02-22 00:00:00.000
8598,7793,bridget20@adventure-works.com,C01D5BF4-4B5C-41BC-9CFD-1881250E519F,2013-03-18 00:00:00.000
8599,7794,angela37@adventure-works.com,44D44696-71A2-4B12-8E2B-A4B0E3DD4196,2013-11-28 00:00:00.000
8600,7795,arianna33@adventure-works.com,4C5890CD-4BE2-436D-843C-178B00D6AD95,2014-04-01 00:00:00.000
8601,7796,bridget21@adventure-works.com,2AB55C7E-B6A7-411D-884F-E81C7F5010E0,2012-07-03 00:00:00.000
8602,7797,jacqueline35@adventure-works.com,21EB1068-B76D-4866-ADFD-ACDBFEE58E2B,2013-04-06 00:00:00.000
8603,7798,paige35@adventure-works.com,69CF5076-05D4-4BC4-81EA-07D371988705,2012-01-14 00:00:00.000
8604,7799,bridget22@adventure-works.com,DFC235EA-0B72-43CA-9B3C-04DBD026B340,2013-09-08 00:00:00.000
8605,7800,faith30@adventure-works.com,44132957-BA66-4A1E-901B-95E5E85C905D,2013-12-14 00:00:00.000
8606,7801,tasha0@adventure-works.com,4548B4C0-C343-4A94-89EC-874200DF0B74,2013-12-05 00:00:00.000
8607,7802,tasha1@adventure-works.com,4942837A-ABA8-4AFD-8B29-DA0BA14C46A8,2011-12-27 00:00:00.000
8608,7803,tasha2@adventure-works.com,BBFA04C4-C31A-4FA1-A5A0-FE27C2AF7818,2013-10-12 00:00:00.000
8609,7804,melissa33@adventure-works.com,0EB599FB-ACEF-4167-A04D-70CDCCA0CFF4,2014-04-26 00:00:00.000
8610,7805,riley31@adventure-works.com,FEDC909B-B219-45E9-A5C4-C481A537DE14,2014-04-08 00:00:00.000
8611,7806,bailey9@adventure-works.com,972C4251-4062-4012-8988-A1A841E9ACC6,2014-04-08 00:00:00.000
8612,7807,tasha3@adventure-works.com,2E27C0F3-E798-42CD-B955-AD4E70DC9D31,2014-02-01 00:00:00.000
8613,7808,tasha4@adventure-works.com,D65B34E7-C53A-47A9-9AB4-440247FEC7A9,2014-03-09 00:00:00.000
8614,7809,mackenzie10@adventure-works.com,BD240FCA-2489-4DD6-8091-51B412D91B05,2013-03-30 00:00:00.000
8615,7810,gabriella10@adventure-works.com,CA58ABB6-24E3-4FE7-9F9C-806C400FFD79,2014-03-28 00:00:00.000
8616,7811,sara13@adventure-works.com,2BA8C90A-2F98-44B5-86CE-FEFBBE0DD21E,2011-09-07 00:00:00.000
8617,7812,damien11@adventure-works.com,325245E3-3006-4EA8-9CD1-92EE8730715C,2013-11-22 00:00:00.000
8618,7813,gilbert0@adventure-works.com,71AC54CF-2A07-42C2-882E-4B27DDC8519A,2013-07-10 00:00:00.000
8619,7814,tasha5@adventure-works.com,DF435557-2B83-405B-8885-733C0A656BED,2014-02-06 00:00:00.000
8620,7815,janet29@adventure-works.com,E95E1CA0-6525-4C10-864B-F2E244A67B79,2013-12-07 00:00:00.000
8621,7816,tasha6@adventure-works.com,06F5E123-9176-4471-82E0-73B791F489C8,2013-12-25 00:00:00.000
8622,7817,katelyn11@adventure-works.com,FC540959-979A-4C81-AF26-3B487C2F70F6,2012-04-23 00:00:00.000
8623,7818,tasha7@adventure-works.com,91BD970D-71E1-450A-91EB-5C8CEC83273F,2013-12-09 00:00:00.000
8624,7819,tasha8@adventure-works.com,5863E7F8-88E2-477B-82F5-E36BFA7253BF,2012-03-17 00:00:00.000
8625,7820,tasha9@adventure-works.com,87D3F25F-76A0-4BE2-AA78-5DD93BAAD268,2013-10-06 00:00:00.000
8626,7821,tasha10@adventure-works.com,CD9BFFBD-5C3D-412B-8487-4C2F81139C7E,2013-08-25 00:00:00.000
8627,7822,savannah11@adventure-works.com,BC8CF3C9-B28B-4FF1-A044-FA52B833B209,2013-12-12 00:00:00.000
8628,7823,tasha11@adventure-works.com,A48D85A5-DAE5-4326-A41A-5CFF1F820B82,2013-03-01 00:00:00.000
8629,7824,tasha12@adventure-works.com,C69588D2-EA92-4116-B690-2B4F95AFF214,2012-02-09 00:00:00.000
8630,7825,kaylee9@adventure-works.com,496988A7-26F0-4F28-AD6F-D156F4F7098E,2013-07-13 00:00:00.000
8631,7826,allison11@adventure-works.com,4756E398-F3F8-49AB-A756-ABF1F2EF651B,2013-08-13 00:00:00.000
8632,7827,tasha13@adventure-works.com,A7C24C74-5177-4DB1-A02B-063914C6BF44,2013-10-27 00:00:00.000
8633,7828,andrea13@adventure-works.com,EFD87715-7C91-4B50-8466-B5EE2C24CF83,2014-04-01 00:00:00.000
8634,7829,catherine11@adventure-works.com,058F0FED-2646-465C-94A2-5CCC27AA32BF,2013-11-01 00:00:00.000
8635,7830,tasha14@adventure-works.com,46019256-5C9A-4F7F-AFE8-250EDF70762D,2013-08-24 00:00:00.000
8636,7831,danielle14@adventure-works.com,9030E7F6-E36C-4EA3-878D-1FA7F8026D80,2013-03-21 00:00:00.000
8637,7832,tasha15@adventure-works.com,BCEDA823-825C-4850-8134-E167FA561F4D,2014-02-23 00:00:00.000
8638,7833,alexa10@adventure-works.com,A8D226B1-E553-4D69-93AE-13B3759425A7,2014-02-09 00:00:00.000
8639,7834,tasha16@adventure-works.com,15A620D0-0EC0-4359-BCC6-127CF4769BC6,2012-05-03 00:00:00.000
8640,7835,christina10@adventure-works.com,4B211AA9-CD21-4860-8E9A-3B02EA3D760A,2013-07-23 00:00:00.000
8641,7836,ariana11@adventure-works.com,70044F72-FE76-4128-96CC-1DCC44D55B92,2013-12-07 00:00:00.000
8642,7837,tasha17@adventure-works.com,3DFC92A4-387B-4518-A6C8-B00706804A0D,2013-07-06 00:00:00.000
8643,7838,tasha18@adventure-works.com,602C4082-468B-45F0-9DC8-F367600CEB72,2013-04-01 00:00:00.000
8644,7839,caitlin10@adventure-works.com,DDBA4EDA-C69E-45D9-863D-2D0DA657D7AB,2012-08-10 00:00:00.000
8645,7840,tasha19@adventure-works.com,57243BC2-B9A1-450C-97DA-BCD6F763F83E,2011-11-07 00:00:00.000
8646,7841,tasha20@adventure-works.com,C1BB3E5F-F010-4257-9C77-34A9331D474F,2014-03-03 00:00:00.000
8647,7842,michelle13@adventure-works.com,73CB365A-AE70-4296-845F-F2F3FE9A4B9E,2014-01-17 00:00:00.000
8648,7843,brooke11@adventure-works.com,CE5A9E8D-755C-4E5B-943B-73C534691D80,2012-09-05 00:00:00.000
8649,7844,makayla11@adventure-works.com,D286D78F-73C4-4963-A942-33BAE4FC87E0,2012-04-04 00:00:00.000
8650,7845,shelby13@adventure-works.com,B3864D44-7602-4211-8D9A-5EEF720BF3D9,2013-07-03 00:00:00.000
8651,7846,tasha21@adventure-works.com,A2822039-69B5-4DBF-9BE6-2E5F71047D72,2013-09-17 00:00:00.000
8652,7847,jade9@adventure-works.com,F4A3FC22-2A15-4028-96DB-93B5685C0FAF,2013-10-02 00:00:00.000
8653,7848,tasha22@adventure-works.com,8C873E61-E162-405A-9CF0-AB28F4B8225E,2013-11-12 00:00:00.000
8654,7849,gilbert1@adventure-works.com,BA09D2C9-A2C9-4EB9-B89E-5C775E229086,2014-03-23 00:00:00.000
8655,7850,sheena0@adventure-works.com,6BB706E2-744F-4326-B6B5-DE92E24C44C0,2013-10-16 00:00:00.000
8656,7851,sheena1@adventure-works.com,D61E785A-3517-4BB5-8AE0-C7FF7329CE88,2012-01-23 00:00:00.000
8657,7852,mariah37@adventure-works.com,F33E22B3-1141-4782-8E0F-0C25D95E841E,2013-11-11 00:00:00.000
8658,7853,sheena2@adventure-works.com,2817FCB2-36F4-4A90-8EB2-07545E541480,2013-12-11 00:00:00.000
8659,7854,sheena3@adventure-works.com,7EFD4A9C-B922-4D8D-AF33-93032F9A4D58,2013-12-17 00:00:00.000
8660,7855,melanie38@adventure-works.com,C711951E-6998-4B63-A703-58EF6BE7B606,2013-08-06 00:00:00.000
8661,7856,alexandria34@adventure-works.com,CD858F39-4810-4562-BF40-71D9011690C1,2013-08-26 00:00:00.000
8662,7857,angela38@adventure-works.com,022AB78B-58BF-4320-95B5-5CA12D926E75,2013-12-17 00:00:00.000
8663,7858,sheena4@adventure-works.com,F1A8E345-D45A-4510-9DBB-991BF816E706,2014-05-05 00:00:00.000
8664,7859,arianna34@adventure-works.com,2DE29F6D-12D2-46E1-911F-A68BE33374E7,2012-05-25 00:00:00.000
8665,7860,jacqueline36@adventure-works.com,25412B04-1782-4243-BF69-F64EC73DE24A,2011-08-04 00:00:00.000
8666,7861,sheena5@adventure-works.com,9B8CBD16-DF6B-418F-A515-04993F14BC8D,2013-10-25 00:00:00.000
8667,7862,paige36@adventure-works.com,167953F5-85A5-4845-8CF3-3145FFC98F47,2013-07-05 00:00:00.000
8668,7863,sheena6@adventure-works.com,E631B64B-E470-484A-B579-A5DD3F12FD60,2013-11-18 00:00:00.000
8669,7864,faith31@adventure-works.com,6A50C88C-1D95-4C8A-8D91-5FB17C2F53F8,2012-10-19 00:00:00.000
8670,7865,melissa34@adventure-works.com,B3789E50-ABC1-4CB4-B956-2F15E5CFA4B4,2014-01-01 00:00:00.000
8671,7866,sheena7@adventure-works.com,7FA053EF-8FED-4035-AD86-6C4E56A74BBF,2014-02-06 00:00:00.000
8672,7867,riley32@adventure-works.com,9E050917-378A-4B57-A5AA-27ED8440EEEC,2014-05-08 00:00:00.000
8673,7868,bailey10@adventure-works.com,5A34943E-A4B1-4499-96A5-53B1782FBB67,2013-07-23 00:00:00.000
8674,7869,gilbert2@adventure-works.com,2AFA693C-A35A-40DD-A200-B123BF38822E,2013-02-27 00:00:00.000
8675,7870,mackenzie11@adventure-works.com,635700A4-B723-4720-87C3-9E0A49B26118,2014-04-05 00:00:00.000
8676,7871,gabriella11@adventure-works.com,03CA0CB9-95AC-4E58-A8FD-21DFB3B506D2,2012-04-28 00:00:00.000
8677,7872,sara14@adventure-works.com,6D62B286-9968-4FD3-BB1E-684CA09C6724,2014-05-05 00:00:00.000
8678,7873,janet30@adventure-works.com,6D94D20C-ACBC-410A-BFFD-578A9FFBAD91,2013-08-09 00:00:00.000
8679,7874,katelyn12@adventure-works.com,925551BA-6F28-4794-95EC-43E3BF4A2627,2013-12-23 00:00:00.000
8680,7875,savannah12@adventure-works.com,D5023564-B293-4C63-859B-0E25ED578186,2012-01-06 00:00:00.000
8681,7876,sheena8@adventure-works.com,9CB127DC-05DB-40F3-9B35-79B50032EEDA,2013-07-20 00:00:00.000
8682,7877,sheena9@adventure-works.com,D9B32E2A-E3E1-4653-BF9B-85D7403F145A,2014-02-18 00:00:00.000
8683,7878,allison12@adventure-works.com,906212B8-DB17-42A5-905E-3E1EF2A0626D,2013-11-04 00:00:00.000
8684,7879,sheena10@adventure-works.com,5DE47985-AAF8-42EB-9C7A-7C160289924B,2012-06-12 00:00:00.000
8685,7880,andrea14@adventure-works.com,EE991119-05A6-488E-B4D5-C140E9015CB3,2013-06-25 00:00:00.000
8686,7881,catherine12@adventure-works.com,1E725ADD-A433-4779-B1A0-467141BF4E2B,2013-07-02 00:00:00.000
8687,7882,danielle15@adventure-works.com,00B08BFC-F428-4B13-8ABF-476AE875ABF9,2013-08-03 00:00:00.000
8688,7883,zoe11@adventure-works.com,EA8F7261-DA71-4BB2-929C-EF5729965BE7,2013-10-26 00:00:00.000
8689,7884,sheena11@adventure-works.com,98E2D2AE-BF39-4B4A-8431-4FAFBF991CB1,2014-04-05 00:00:00.000
8690,7885,alexa11@adventure-works.com,0A857BE4-DC09-4D53-A5BA-700F556ECB60,2013-05-03 00:00:00.000
8691,7886,christina11@adventure-works.com,959F70C6-8FDA-4351-9F83-C34286E80E3E,2013-08-28 00:00:00.000
8692,7887,erin17@adventure-works.com,FB420F5E-583A-42D6-949A-820F60F05002,2014-04-20 00:00:00.000
8693,7888,sheena12@adventure-works.com,3BAF82F6-0D30-4649-ADC7-4299E0F03B8D,2014-04-09 00:00:00.000
8694,7889,jade10@adventure-works.com,5636148F-0FD5-4AEA-931D-EFF5AE4425DD,2013-11-23 00:00:00.000
8695,7890,sheena13@adventure-works.com,691C948A-13D8-42AD-B052-DC4667113EA3,2014-05-23 00:00:00.000
8696,7891,sheena14@adventure-works.com,D27E828B-EAEF-45CD-8D2F-D3F931C72156,2012-07-08 00:00:00.000
8697,7892,sheena15@adventure-works.com,8E2D0ED1-AD19-4148-9B81-F636A6F5E616,2012-12-07 00:00:00.000
8698,7893,mariah38@adventure-works.com,112FB3FA-C1C5-4453-8DFF-3E3225EA057E,2014-05-27 00:00:00.000
8699,7894,sheena16@adventure-works.com,DBC65DA7-F6A9-4D71-8ACC-271F446958FB,2013-07-01 00:00:00.000
8700,7895,gilbert3@adventure-works.com,7843D11E-0D82-4A3E-8904-F444A5C6A92C,2013-09-20 00:00:00.000
8701,7896,sheena17@adventure-works.com,04861526-0C68-4EF0-AA3E-BF26B6E94DB4,2013-10-13 00:00:00.000
8702,7897,melanie39@adventure-works.com,6725437E-18AC-46AE-B4BD-9E72C487DABD,2014-02-24 00:00:00.000
8703,7898,alexandria35@adventure-works.com,7EB5B8EF-BA0D-4957-B744-3B1754E00C6E,2014-02-26 00:00:00.000
8704,7899,angela39@adventure-works.com,17B32076-A1CB-40A5-8B76-C37FF9AE5158,2013-12-31 00:00:00.000
8705,7900,sheena18@adventure-works.com,8DD559BF-E1B6-408B-9EFB-7E88E816C3EC,2013-05-26 00:00:00.000
8706,7901,sheena19@adventure-works.com,C54A1164-3AD2-4964-8D58-399B740E0BD6,2013-12-31 00:00:00.000
8707,7902,sheena20@adventure-works.com,922A78AC-B2D3-4A05-82EB-8EB51CBF8B29,2011-10-11 00:00:00.000
8708,7903,arianna35@adventure-works.com,3D0E437A-1702-4591-B84E-566A8F4248F9,2013-11-30 00:00:00.000
8709,7904,jacqueline37@adventure-works.com,DFCB3E16-96E6-4B73-96DB-A273C8893DF0,2013-11-26 00:00:00.000
8710,7905,sheena21@adventure-works.com,B3E15ABE-A402-4EC1-BF6D-83C88293ADC0,2014-01-30 00:00:00.000
8711,7906,paige37@adventure-works.com,1B0537A2-A584-4652-AD65-CC33608BBC44,2014-04-30 00:00:00.000
8712,7907,joan11@adventure-works.com,A17329EF-DFCD-4129-AFAF-B9A8606AB022,2014-05-01 00:00:00.000
8713,7908,melissa35@adventure-works.com,A836E688-B00E-4C87-ADF9-3DEA7316354D,2013-11-07 00:00:00.000
8714,7909,cristina0@adventure-works.com,0808D457-10A7-4037-854E-17F8FE3D4194,2014-03-10 00:00:00.000
8715,7910,riley33@adventure-works.com,00D8B459-849C-4878-B8AA-16429D0BF912,2012-10-23 00:00:00.000
8716,7911,cristina1@adventure-works.com,E19B230D-859D-4A0D-B486-0CB5B5ABCF56,2014-05-13 00:00:00.000
8717,7912,bailey11@adventure-works.com,B261627C-ABDB-43A9-8474-3EBECBA39036,2012-06-29 00:00:00.000
8718,7913,mackenzie12@adventure-works.com,E13B6DB4-8795-4A3F-BE58-7B2E115175F3,2013-08-15 00:00:00.000
8719,7914,cristina2@adventure-works.com,26F0850C-A4BA-44D9-A7B3-9174C888C332,2013-02-07 00:00:00.000
8720,7915,cristina3@adventure-works.com,F7E4E352-CB63-46D8-BF33-7EED5FC73E18,2011-07-27 00:00:00.000
8721,7916,gabriella12@adventure-works.com,8953DEE0-1AC6-4F9F-97A8-832CF4D252A2,2014-03-11 00:00:00.000
8722,7917,sara15@adventure-works.com,AA5E7ABD-C07D-4555-9F33-0E82569C0D54,2013-10-23 00:00:00.000
8723,7918,jada5@adventure-works.com,6D9D4181-8969-47BB-AD4C-6B976D8FB8AF,2013-12-02 00:00:00.000
8724,7919,cristina4@adventure-works.com,9CE45EDA-B7A8-4181-9BB7-5051A28F417B,2013-11-05 00:00:00.000
8725,7920,gilbert4@adventure-works.com,2C1A8316-241F-4C4B-8D29-5297FE6D1F84,2014-01-23 00:00:00.000
8726,7921,cristina5@adventure-works.com,919A94A8-F15A-476E-BCE5-42DAF9E3A219,2014-01-26 00:00:00.000
8727,7922,katelyn13@adventure-works.com,51247755-6FC2-43CD-827C-CD211E7F2ABD,2014-01-14 00:00:00.000
8728,7923,cristina6@adventure-works.com,B3AFB7AD-1105-41D3-881D-3B11D2047194,2013-08-17 00:00:00.000
8729,7924,cristina7@adventure-works.com,377CA189-4BB3-43EA-9790-3C33BC7F61C0,2013-08-26 00:00:00.000
8730,7925,savannah13@adventure-works.com,2DAACE7F-7BEF-42EC-B709-E8865F26BCB9,2013-11-26 00:00:00.000
8731,7926,cristina8@adventure-works.com,93D2CF6D-1952-4290-BAFD-19BFAF6FF31C,2013-02-25 00:00:00.000
8732,7927,kaylee10@adventure-works.com,34737682-9D97-46BD-B101-E5E93F42E62A,2013-07-24 00:00:00.000
8733,7928,cristina9@adventure-works.com,BE479725-4862-42F7-BFA8-7B6104FF1C8D,2014-06-06 00:00:00.000
8734,7929,allison13@adventure-works.com,9424BB37-6A6A-4943-864A-BDEB2D627305,2014-06-07 00:00:00.000
8735,7930,cristina10@adventure-works.com,99E59B2B-A064-454D-A5C5-3B5BEA230067,2014-02-14 00:00:00.000
8736,7931,andrea15@adventure-works.com,ECAE183F-7BB6-49DF-B1B2-8540DA318EE7,2013-07-05 00:00:00.000
8737,7932,cristina11@adventure-works.com,2F55E697-BAAE-4997-B629-EBDA7082D859,2014-04-06 00:00:00.000
8738,7933,mohamed0@adventure-works.com,E7BB6468-8D75-4EAD-ACF6-4545D6FEF899,2011-10-16 00:00:00.000
8739,7934,danielle16@adventure-works.com,653FC758-BC4A-42DB-99D5-A6777AA4A11E,2013-10-04 00:00:00.000
8740,7935,zoe12@adventure-works.com,546247D2-2152-40B9-98D1-84739928C3F8,2013-12-23 00:00:00.000
8741,7936,gilbert5@adventure-works.com,6C6D38E3-ACA7-4ECD-B5CE-D67E7D5AB1A7,2012-08-07 00:00:00.000
8742,7937,cristina12@adventure-works.com,AC6C2F5B-92C4-4101-8577-80F652A2D91E,2011-09-17 00:00:00.000
8743,7938,cristina13@adventure-works.com,DC1D9C92-D16E-49FF-9216-AC74BD596874,2013-07-07 00:00:00.000
8744,7939,cristina14@adventure-works.com,AA91FDB3-CCBD-463B-A4C4-9F956B125CDB,2014-02-24 00:00:00.000
8745,7940,alexa12@adventure-works.com,069307A4-8CEA-47C5-9BC7-380789F865AB,2013-06-02 00:00:00.000
8746,7941,christina12@adventure-works.com,F0D0FC20-BF1F-41B6-89EA-AF10167FE414,2013-10-16 00:00:00.000
8747,7942,cristina15@adventure-works.com,EFB47FB8-3951-4D02-8860-C424E59A7385,2012-02-21 00:00:00.000
8748,7943,ariana12@adventure-works.com,1B534956-4107-4B68-A92D-52727ACC6AE4,2012-08-17 00:00:00.000
8749,7944,carol8@adventure-works.com,634055E7-3138-45FF-830C-3D97E4BD028E,2013-08-09 00:00:00.000
8750,7945,caitlin11@adventure-works.com,A4B91118-8D04-418B-9271-A1093A173FEF,2013-06-12 00:00:00.000
8751,7946,michelle14@adventure-works.com,6A21260B-0BE2-4A73-956D-CEA1B9D37948,2014-01-30 00:00:00.000
8752,7947,brooke12@adventure-works.com,EF4092EB-F35B-4214-8E56-235C3103F892,2013-12-09 00:00:00.000
8753,7948,kimberly16@adventure-works.com,76475CED-5CEC-43F8-8933-C7DE4CD290D7,2014-01-04 00:00:00.000
8754,7949,cristina16@adventure-works.com,86AEDDBD-E8C4-48D9-8F24-8A146C503A61,2014-05-08 00:00:00.000
8755,7950,makayla12@adventure-works.com,C12BEAF7-8EB2-4B55-BE31-2A65118BCD4E,2014-04-08 00:00:00.000
8756,7951,cristina17@adventure-works.com,78A9894C-59CA-492B-A1B9-89FC77C22D3A,2012-09-06 00:00:00.000
8757,7952,shelby14@adventure-works.com,93EC4E2A-DFD3-4E66-AD13-D09AA8ED0E9B,2014-04-27 00:00:00.000
8758,7953,cristina18@adventure-works.com,1E77588B-0B76-4607-90DD-004BB37087BF,2014-04-14 00:00:00.000
8759,7954,trinity12@adventure-works.com,6083C4BB-8BB9-43BA-A7C8-4EFA21EF2029,2014-05-15 00:00:00.000
8760,7955,erin18@adventure-works.com,70203656-33BE-44E3-9B36-7D3559810DBC,2012-07-30 00:00:00.000
8761,7956,jade11@adventure-works.com,D2691FDD-B5DB-4FC4-AC94-53A800B2539C,2014-03-06 00:00:00.000
8762,7957,cristina19@adventure-works.com,F905F1C9-029A-4FFE-9054-6DE631259672,2014-04-18 00:00:00.000
8763,7958,melanie40@adventure-works.com,0FF6B736-BF7E-44FE-BE0D-5449E6769440,2014-04-25 00:00:00.000
8764,7959,alexandria36@adventure-works.com,0F91C232-12BE-4EB0-8E44-5C71AD1716C5,2013-07-07 00:00:00.000
8765,7960,priscilla0@adventure-works.com,5B641BA8-CDC8-4AD5-9A2A-57B36F897EFE,2014-05-18 00:00:00.000
8766,7961,priscilla1@adventure-works.com,B31F5D13-818F-4F49-9DE2-9210E6C577D7,2013-04-09 00:00:00.000
8767,7962,angela40@adventure-works.com,923FD9F1-1BB6-468E-B6D5-A825B48526A6,2013-08-31 00:00:00.000
8768,7963,arianna36@adventure-works.com,B524D5D9-2A20-4A16-89EA-46EF5F4AEFAE,2013-11-14 00:00:00.000
8769,7964,priscilla2@adventure-works.com,9C0E0FA6-F67E-4A14-A5CE-E6E250805C84,2013-09-04 00:00:00.000
8770,7965,priscilla3@adventure-works.com,0946FC0E-AB40-40D0-AFA9-6C688312494D,2013-02-04 00:00:00.000
8771,7966,jacqueline38@adventure-works.com,AA1C650D-E5A2-4B0A-A185-6922FFCF09A2,2013-07-23 00:00:00.000
8772,7967,priscilla4@adventure-works.com,3B605D64-AFF9-4FD4-B256-002697B87394,2014-05-11 00:00:00.000
8773,7968,paige38@adventure-works.com,5F699FEE-25DF-492C-8AC1-CD0E7699C483,2014-02-01 00:00:00.000
8774,7969,melissa36@adventure-works.com,2C09738C-5AF7-4DEA-9EED-7779270228CD,2013-07-12 00:00:00.000
8775,7970,priscilla5@adventure-works.com,18DD5B7A-E366-4D16-BEBA-0008AA823561,2014-03-09 00:00:00.000
8776,7971,bailey12@adventure-works.com,625EDD9A-37A6-4AA9-B1CA-C09CDDDF3748,2013-11-29 00:00:00.000
8777,7972,priscilla6@adventure-works.com,EB7DD18A-9D05-4BC5-AC41-3563843B7300,2013-01-24 00:00:00.000
8778,7973,mackenzie13@adventure-works.com,F617592D-8DFC-42F8-BF28-10F8DAECCA5D,2012-11-12 00:00:00.000
8779,7974,gabriella13@adventure-works.com,3369A898-74A5-4958-9F8D-21D8B9C2E48B,2011-12-21 00:00:00.000
8780,7975,priscilla7@adventure-works.com,39481157-ADD3-44F0-B33F-C872D48DB2B8,2013-09-07 00:00:00.000
8781,7976,sara16@adventure-works.com,226D724E-27D9-463F-9D7D-6BA51FBD6EC1,2012-06-23 00:00:00.000
8782,7977,jada6@adventure-works.com,DE10F07D-AD35-4787-8A36-2C3875D653D1,2012-07-26 00:00:00.000
8783,7978,priscilla8@adventure-works.com,5ED53427-EA6C-467B-89E7-215F63774F8B,2014-06-21 00:00:00.000
8784,7979,katelyn14@adventure-works.com,2397A585-2EA0-47F6-81EB-D4B702E802EF,2013-07-04 00:00:00.000
8785,7980,savannah14@adventure-works.com,05381765-BD6B-4D44-B1E5-09B524A223D0,2013-08-28 00:00:00.000
8786,7981,priscilla9@adventure-works.com,C3EDBF36-90F4-40EC-9378-AB8C699739F5,2014-02-08 00:00:00.000
8787,7982,kaylee11@adventure-works.com,D5861FBC-6AED-4F76-82B5-697D96425434,2013-08-01 00:00:00.000
8788,7983,priscilla10@adventure-works.com,CDA01562-4977-4632-A398-50F6CCB0E73E,2012-08-22 00:00:00.000
8789,7984,allison14@adventure-works.com,225E819F-ED99-414B-8788-61B00EC596D8,2013-12-13 00:00:00.000
8790,7985,andrea16@adventure-works.com,868AE081-2860-453F-86CD-4ED0DAB6A648,2011-11-09 00:00:00.000
8791,7986,catherine13@adventure-works.com,7D2DDBA1-60AC-4337-B1A2-BB007BEA67A1,2013-09-06 00:00:00.000
8792,7987,priscilla11@adventure-works.com,4DF182FD-E3D3-42C8-AFF7-E039DE7455C9,2013-04-29 00:00:00.000
8793,7988,priscilla12@adventure-works.com,6CD79FE9-9139-4431-9539-38F2EA71CA6B,2013-08-27 00:00:00.000
8794,7989,danielle17@adventure-works.com,443109A2-BD54-43B1-8A66-B974104D7DF2,2014-04-04 00:00:00.000
8795,7990,priscilla13@adventure-works.com,31F9BB88-DBE4-4538-B5C1-B2EAD9414FD1,2014-04-02 00:00:00.000
8796,7991,zoe13@adventure-works.com,0AD436E0-9218-4F38-A6DA-AE28D49F82DC,2013-07-21 00:00:00.000
8797,7992,priscilla14@adventure-works.com,9E425679-0A17-4915-A183-B4ECAFE96F57,2012-09-02 00:00:00.000
8798,7993,alexa13@adventure-works.com,A8F519EC-008C-4B1F-9396-4919E6DBBFE6,2011-11-17 00:00:00.000
8799,7994,priscilla15@adventure-works.com,1B24C0B7-89DA-434A-BDB4-D21250BB3D32,2011-12-21 00:00:00.000
8800,7995,christina13@adventure-works.com,08C090CC-87A1-41E4-8294-992E5DACFD67,2014-03-29 00:00:00.000
8801,7996,ariana13@adventure-works.com,6BB2946C-0482-442D-B5AC-BF99A2298D12,2014-02-05 00:00:00.000
8802,7997,priscilla16@adventure-works.com,EC1FD775-5BCA-498F-8A30-431E7A0890E5,2013-01-04 00:00:00.000
8803,7998,caitlin12@adventure-works.com,EA764FFE-3BCF-4D9C-879A-3A9022791864,2014-03-29 00:00:00.000
8804,7999,michelle15@adventure-works.com,1753D317-4499-4FAE-94A2-14C6A39BDCDF,2013-08-31 00:00:00.000
8805,8000,brooke13@adventure-works.com,9ADCC2F2-26CC-455F-9F65-C38EA5D99AB9,2012-06-04 00:00:00.000
8806,8001,gilbert6@adventure-works.com,36F02C35-5D39-4D12-8F78-2B86F86DE903,2013-05-24 00:00:00.000
8807,8002,priscilla17@adventure-works.com,2A7074B6-F820-464B-870F-39752EDC72DF,2014-01-09 00:00:00.000
8808,8003,kimberly17@adventure-works.com,8D7DEEFD-65BD-4177-AB9E-EB2884DB2556,2014-04-06 00:00:00.000
8809,8004,priscilla18@adventure-works.com,8649A9C0-A992-4B96-BCCF-955EC6B07890,2014-02-14 00:00:00.000
8810,8005,priscilla19@adventure-works.com,9D4F4D77-E387-4523-A0D8-F51B820635E4,2013-07-01 00:00:00.000
8811,8006,shelby15@adventure-works.com,18E9C058-6CDF-473A-A27E-A41A5576FAFA,2013-09-13 00:00:00.000
8812,8007,trinity13@adventure-works.com,1F5812A8-8B67-45C2-85EE-B554D41DAA42,2013-10-24 00:00:00.000
8813,8008,erin19@adventure-works.com,0CEE5C87-F62F-4E76-98EB-E3C325C2E73D,2013-03-25 00:00:00.000
8814,8009,jade12@adventure-works.com,342B2DDB-EBCD-495A-BD38-9B526B1F31C7,2012-11-09 00:00:00.000
8815,8010,priscilla20@adventure-works.com,B3C93C50-2967-4140-A6B3-2411DC4530A3,2013-08-20 00:00:00.000
8816,8011,mariah39@adventure-works.com,A10CE792-F4E8-4E24-A5E9-12B246F12CEC,2012-02-09 00:00:00.000
8817,8012,melanie41@adventure-works.com,EC4C9949-C6B4-4580-BAC5-CDB52B689350,2014-05-18 00:00:00.000
8818,8013,priscilla21@adventure-works.com,151AA9B8-0BD0-46D1-BA59-94467BE9E053,2014-04-23 00:00:00.000
8819,8014,alexandria37@adventure-works.com,186A92E0-72E0-431F-BEF1-25CE4FFCAC72,2013-10-01 00:00:00.000
8820,8015,deborah4@adventure-works.com,C3492A31-A9DC-4A35-99DC-63BEA4D489EC,2014-04-14 00:00:00.000
8821,8016,angela41@adventure-works.com,02C4E882-E230-4507-B71A-D04CEB40E80C,2013-06-14 00:00:00.000
8822,8017,deborah5@adventure-works.com,D7C8AEC2-7C51-40B6-85B7-6C597C21925D,2012-12-10 00:00:00.000
8823,8018,arianna37@adventure-works.com,FAE90521-1DF5-4B3E-8EF0-029FF01D6877,2013-08-06 00:00:00.000
8824,8019,jacqueline39@adventure-works.com,90A217B6-7A04-4213-AB0E-3116277618C6,2014-06-30 00:00:00.000
8825,8020,paige39@adventure-works.com,4F968980-0C33-4A8B-8CEA-5A07D1B4EDB0,2011-06-13 00:00:00.000
8826,8021,faith32@adventure-works.com,E90B82E6-21A9-429B-AFEC-758AB93A49AF,2012-01-28 00:00:00.000
8827,8022,melissa37@adventure-works.com,707746A6-D958-41B3-B35C-CC6E0B1BEB9D,2014-06-25 00:00:00.000
8828,8023,deborah6@adventure-works.com,CAC634BC-21E6-41C6-8E56-465FEB757425,2014-05-24 00:00:00.000
8829,8024,deborah7@adventure-works.com,9078D461-C579-4170-AA21-F5CD3324B0D7,2013-03-13 00:00:00.000
8830,8025,riley34@adventure-works.com,466FEAC5-02E0-4059-AB96-1EE448E7464E,2014-01-14 00:00:00.000
8831,8026,bailey13@adventure-works.com,62C80AE4-8F4F-4734-A6E6-23E142EC11D0,2012-04-06 00:00:00.000
8832,8027,mackenzie14@adventure-works.com,407D47C8-104E-4B54-ABEC-BE7DFA67987E,2014-03-01 00:00:00.000
8833,8028,gabriella14@adventure-works.com,E4AE2C72-CF05-4654-8369-812B4C0C53B9,2013-11-23 00:00:00.000
8834,8029,sara17@adventure-works.com,5017E787-2071-4400-A2E6-A4FD2AF59074,2013-12-18 00:00:00.000
8835,8030,deborah8@adventure-works.com,88722818-ED58-471A-90C7-0330CD959AFE,2014-06-18 00:00:00.000
8836,8031,jada7@adventure-works.com,32855108-A152-4B55-B13D-54A1F6145822,2014-01-01 00:00:00.000
8837,8032,katelyn15@adventure-works.com,1EEA098A-68B2-4FDB-8B63-D4EB208DA238,2011-10-24 00:00:00.000
8838,8033,gilbert7@adventure-works.com,CECA5EB0-2947-49A8-A781-CAED7F529F07,2014-05-28 00:00:00.000
8839,8034,deborah9@adventure-works.com,E691C6A0-61F0-482D-BF01-B61683EE31E2,2013-08-27 00:00:00.000
8840,8035,savannah15@adventure-works.com,133F8422-593E-46DA-B59D-B70100866215,2014-01-02 00:00:00.000
8841,8036,deborah10@adventure-works.com,8F99F289-CD77-4A14-A099-2E3D7BCD92D7,2012-07-06 00:00:00.000
8842,8037,kaylee12@adventure-works.com,EF92C91D-4E34-469D-924B-0018C0962446,2013-08-05 00:00:00.000
8843,8038,deborah11@adventure-works.com,C59CFBD2-1EED-47B3-A366-00623A4C5D64,2012-05-04 00:00:00.000
8844,8039,allison15@adventure-works.com,047F9ECE-0B43-43FD-B402-AEDE63F3B0D1,2013-11-04 00:00:00.000
8845,8040,deborah12@adventure-works.com,0F1B3B72-C974-49B2-80C8-5C4AC3A22BBD,2011-08-06 00:00:00.000
8846,8041,danielle18@adventure-works.com,3A4AEC6C-1486-4376-8978-D35A89C1DF6C,2013-10-24 00:00:00.000
8847,8042,deborah13@adventure-works.com,EF9DC7AE-F781-40D8-8621-BA9F9C9765F9,2012-09-25 00:00:00.000
8848,8043,zoe14@adventure-works.com,A48889C1-3B87-4EB5-8070-812C724BF6A8,2013-02-03 00:00:00.000
8849,8044,alexa14@adventure-works.com,AF9B04B7-5731-43DC-B591-4DCBECE39B27,2014-05-28 00:00:00.000
8850,8045,deborah14@adventure-works.com,0CB34CD9-9111-4AA5-829F-97F732D42427,2013-07-27 00:00:00.000
8851,8046,christina14@adventure-works.com,C5F10A47-9F44-470E-97BB-46391185A646,2014-05-22 00:00:00.000
8852,8047,deborah15@adventure-works.com,6B5112E2-86E4-4C41-9ABC-656B8195EF39,2012-05-18 00:00:00.000
8853,8048,ariana14@adventure-works.com,6FABBCA8-418E-44B7-9068-A53E1839B9C5,2011-07-28 00:00:00.000
8854,8049,caitlin13@adventure-works.com,E2A9E386-C257-4B2E-AD19-A53471469343,2013-05-02 00:00:00.000
8855,8050,deborah16@adventure-works.com,A97FF7AB-D91A-41F0-9815-990432936F71,2013-08-31 00:00:00.000
8856,8051,deborah17@adventure-works.com,B0D44194-E84F-47F4-872C-93CB29417B74,2013-09-30 00:00:00.000
8857,8052,gilbert8@adventure-works.com,8D9030E3-2889-44B3-A0D5-FD3FDD58129F,2012-12-29 00:00:00.000
8858,8053,deborah18@adventure-works.com,18292A91-D895-424D-8653-0B353F1807CB,2014-03-10 00:00:00.000
8859,8054,michelle16@adventure-works.com,711D7A74-73C7-4F9C-8A5E-F06C694BBBBC,2014-03-18 00:00:00.000
8860,8055,deborah19@adventure-works.com,8313B37C-B925-4594-9BDB-1664AECE494C,2014-04-26 00:00:00.000
8861,8056,deborah20@adventure-works.com,06B6B0D9-097F-40D6-B00C-A358AC0B52A5,2014-01-18 00:00:00.000
8862,8057,kimberly18@adventure-works.com,B7997E5F-45CD-438D-80F1-112AA6BC6449,2014-03-13 00:00:00.000
8863,8058,makayla13@adventure-works.com,0FDE3550-4226-469A-B7CD-B58071ECA9B5,2014-03-22 00:00:00.000
8864,8059,carol9@adventure-works.com,2A0FFFEB-834F-4DCC-8D9A-722A82FDE3F3,2014-06-05 00:00:00.000
8865,8060,deborah21@adventure-works.com,F320FCDD-01EA-46B0-B488-652E35A5CC92,2012-03-29 00:00:00.000
8866,8061,shelby16@adventure-works.com,AE9F8691-A0EF-42C5-A1DD-BCA7F003B067,2013-12-24 00:00:00.000
8867,8062,trinity14@adventure-works.com,1CBF1C5F-78B2-4F1B-A6C1-EB63A883E081,2014-01-06 00:00:00.000
8868,8063,erin20@adventure-works.com,A0B1AF31-A2CD-4953-BF9E-B62ACE1FEC3C,2013-09-20 00:00:00.000
8869,8064,jade13@adventure-works.com,A15C6ED1-6418-4F41-AE83-C42233C35475,2012-02-09 00:00:00.000
8870,8065,mariah40@adventure-works.com,4D74B9C9-76F7-454A-9429-ECF75F9E85CB,2013-09-17 00:00:00.000
8871,8066,alexandria38@adventure-works.com,DC3CF333-6EC9-4628-BA47-74313F4210D7,2014-01-31 00:00:00.000
8872,8067,deborah22@adventure-works.com,F84EDD23-8CF8-476E-9B2D-A9ED0A12B309,2013-08-21 00:00:00.000
8873,8068,angela42@adventure-works.com,69E3B949-654C-495F-ADEF-A80A9D096620,2013-09-02 00:00:00.000
8874,8069,cassie0@adventure-works.com,5AB00EE9-298F-4A21-B1BC-F190CEB19E1F,2013-07-17 00:00:00.000
8875,8070,arianna38@adventure-works.com,598C8EC9-048D-409E-9090-29AC3B5F1955,2014-03-12 00:00:00.000
8876,8071,cassie1@adventure-works.com,3EB616B5-3B85-4A71-B2AB-C8C63BD6A481,2014-05-22 00:00:00.000
8877,8072,jacqueline40@adventure-works.com,350F96BF-F6DB-4AA3-B6C2-5149E7068DBD,2014-03-13 00:00:00.000
8878,8073,paige40@adventure-works.com,6015595B-5769-46A2-B2B6-280E92A6CA73,2014-04-24 00:00:00.000
8879,8074,faith33@adventure-works.com,58F5FB1B-B043-406E-B5B0-CE9C13E26C73,2014-02-16 00:00:00.000
8880,8075,melissa38@adventure-works.com,A14B024C-092D-4929-A03C-1E57FD3E3BCD,2013-09-09 00:00:00.000
8881,8076,cassie2@adventure-works.com,542F58AB-3EB2-49AD-B822-42C94E7F2565,2013-08-21 00:00:00.000
8882,8077,cassie3@adventure-works.com,E9E9EB99-BFB6-48E3-8F37-083722C78EC4,2013-11-05 00:00:00.000
8883,8078,cassie4@adventure-works.com,41C47D88-9739-49F7-AE6D-26CADFB8B277,2012-08-04 00:00:00.000
8884,8079,riley35@adventure-works.com,A15E2003-F02D-42E1-BF9B-87C574E900F2,2013-10-24 00:00:00.000
8885,8080,cassie5@adventure-works.com,0EB3EC3E-C2E8-4D04-9D11-206676DDD69E,2014-03-21 00:00:00.000
8886,8081,bailey14@adventure-works.com,7D183FA4-D6EE-4ED9-B2EA-55948315823E,2014-05-28 00:00:00.000
8887,8082,cassie6@adventure-works.com,2C10B956-FE34-41A9-9C5F-C4578FECBFEA,2014-03-19 00:00:00.000
8888,8083,mackenzie15@adventure-works.com,29F629CB-8A81-4990-AE4E-2DA14BECF1CC,2013-10-16 00:00:00.000
8889,8084,gabriella15@adventure-works.com,A8C6FBE9-EAC4-4DE1-B334-598B82A8E541,2014-03-15 00:00:00.000
8890,8085,cassie7@adventure-works.com,CFDA5816-8A37-43D4-A047-5C0F8822BBB0,2014-04-10 00:00:00.000
8891,8086,sara18@adventure-works.com,8314FDDA-6552-472E-B0A9-D97EDB4B7588,2014-04-30 00:00:00.000
8892,8087,gilbert9@adventure-works.com,6DB88A1A-ACF7-4B3C-973F-88B352F09875,2014-04-06 00:00:00.000
8893,8088,cassie8@adventure-works.com,7885B7BB-9E77-4677-8454-931EEBC1C51F,2014-02-12 00:00:00.000
8894,8089,jada8@adventure-works.com,1758A216-63B1-4B4E-9BA2-EE03FEAFEDCA,2014-04-17 00:00:00.000
8895,8090,cassie9@adventure-works.com,307B3557-550D-432E-A2D7-97CC0F7F9433,2013-07-20 00:00:00.000
8896,8091,cassie10@adventure-works.com,2E91043A-2735-452B-8D4C-7EA09D3C77BC,2012-04-20 00:00:00.000
8897,8092,katelyn16@adventure-works.com,02379AB9-499C-41F5-B673-3791CA19D7E8,2014-04-17 00:00:00.000
8898,8093,savannah16@adventure-works.com,D1A95874-BDFE-436F-9490-0DE2A662FF88,2014-06-11 00:00:00.000
8899,8094,kaylee13@adventure-works.com,70AD144D-5E7A-46E7-A2D4-EB298CBAD26D,2013-09-27 00:00:00.000
8900,8095,allison16@adventure-works.com,7F311DB1-028C-44E8-8DE1-A257E90219CC,2013-11-20 00:00:00.000
8901,8096,cassie11@adventure-works.com,CE11A9F8-5FC2-4BF8-B0D1-B6F5D2FCBD34,2012-01-29 00:00:00.000
8902,8097,cassie12@adventure-works.com,F04189E4-5670-4472-A47D-15387E78580B,2014-06-26 00:00:00.000
8903,8098,catherine14@adventure-works.com,57E88CF6-60A7-4C04-908A-E5A6771B03B2,2013-08-22 00:00:00.000
8904,8099,danielle19@adventure-works.com,B17C2950-36C9-4F41-BAF3-CB434CD8DF2F,2012-12-20 00:00:00.000
8905,8100,cassie13@adventure-works.com,8625C6E0-8CB5-429D-B761-4D5F623D03FC,2011-09-15 00:00:00.000
8906,8101,cassie14@adventure-works.com,9FE774A6-E00F-48E9-9CBE-86FA3917E668,2013-11-18 00:00:00.000
8907,8102,zoe15@adventure-works.com,60750D5C-F564-4053-83DD-237F117F3384,2013-11-26 00:00:00.000
8908,8103,cassie15@adventure-works.com,393E5A4B-9FB9-4D9C-91D3-8E83EE2D22E0,2013-10-09 00:00:00.000
8909,8104,alexa15@adventure-works.com,A0E3DC9E-E2C2-4D37-9AF7-E9C58DD619D9,2012-01-12 00:00:00.000
8910,8105,christina15@adventure-works.com,89BE8685-EC0B-45BC-AD25-10F790B57D4B,2014-06-04 00:00:00.000
8911,8106,ariana15@adventure-works.com,3AC12897-D069-4337-947F-FCA88E31D210,2013-09-30 00:00:00.000
8912,8107,cassie16@adventure-works.com,A1109F0D-0BC4-4A45-90A0-4DDE4C4655B5,2013-08-13 00:00:00.000
8913,8108,caitlin14@adventure-works.com,2AC60A9C-6E64-449C-A3F9-7156FAD2C7ED,2013-01-04 00:00:00.000
8914,8109,gilbert10@adventure-works.com,EAD5A2A0-AAB9-4D5A-8CEA-360C5F619CA3,2013-07-26 00:00:00.000
8915,8110,cassie17@adventure-works.com,709BA8E4-70E8-41E4-B086-757DEFBCE114,2012-06-22 00:00:00.000
8916,8111,michelle17@adventure-works.com,89C270CD-56B1-47AF-A7FD-991F1D611E37,2013-12-31 00:00:00.000
8917,8112,brooke14@adventure-works.com,09163278-EF3D-4C80-A0A3-C04A16C07AE0,2012-12-26 00:00:00.000
8918,8113,cassie18@adventure-works.com,01C0FA20-0397-4DD3-ACD7-AFA56CF514FA,2014-03-23 00:00:00.000
8919,8114,cassie19@adventure-works.com,9CBD5999-59DF-4C74-85FB-9DED12AE6B95,2013-10-05 00:00:00.000
8920,8115,kimberly19@adventure-works.com,1199F4A6-EB34-48EC-A36E-93CC57E00187,2014-02-19 00:00:00.000
8921,8116,makayla14@adventure-works.com,AAC30842-25C1-47BA-A5D0-0C382853EE58,2013-09-28 00:00:00.000
8922,8117,shelby17@adventure-works.com,5C5DF6C6-D0ED-4410-A086-9CACBC349E46,2013-08-23 00:00:00.000
8923,8118,arif0@adventure-works.com,64C96B05-F1D9-4B10-9ED1-B7F0B67193B8,2014-05-23 00:00:00.000
8924,8119,cassie20@adventure-works.com,5E2F89A6-3797-44F0-AD44-3CA27F337236,2014-01-11 00:00:00.000
8925,8120,erin21@adventure-works.com,EBFB3B5F-CE61-4079-9F32-3401C13217D8,2014-01-28 00:00:00.000
8926,8121,jade14@adventure-works.com,492570FA-5644-4CF2-BEA6-3AE061FAA266,2014-04-09 00:00:00.000
8927,8122,mariah41@adventure-works.com,C9C1F9B1-483C-4ABA-8783-430E38C7F982,2012-04-14 00:00:00.000
8928,8123,ashlee7@adventure-works.com,507C632A-FF23-479D-B99E-3AF69AB4EDE1,2013-11-21 00:00:00.000
8929,8124,melanie42@adventure-works.com,00F4F72C-058C-4FDA-8E5A-1BE057AEFB2B,2013-12-31 00:00:00.000
8930,8125,ashlee8@adventure-works.com,818E4F00-4613-407C-A218-BBE10BAD4D82,2012-09-28 00:00:00.000
8931,8126,gretchen0@adventure-works.com,A812CBB3-953B-4407-976E-E01C547E9E8F,2014-06-10 00:00:00.000
8932,8127,ashlee9@adventure-works.com,A8603D3C-5569-4769-A956-4808B315F5C2,2013-05-26 00:00:00.000
8933,8128,angela43@adventure-works.com,7CCC9E90-FAE5-4B6B-9B33-25ECC9ADE9EE,2012-07-18 00:00:00.000
8934,8129,arianna39@adventure-works.com,AA1CA68E-AFAF-4BEE-88C7-B46B73688141,2013-11-04 00:00:00.000
8935,8130,jacqueline41@adventure-works.com,AE7D7C4A-F2F7-4FE2-9F4D-C5EE39BA6155,2014-05-18 00:00:00.000
8936,8131,ashlee10@adventure-works.com,0AF86D0A-D690-41FB-A08E-7ED76DAAAEF0,2014-03-17 00:00:00.000
8937,8132,paige41@adventure-works.com,24E9936A-649B-4FE7-9DB1-CF86312EC192,2013-09-09 00:00:00.000
8938,8133,melissa39@adventure-works.com,4461ADAA-4411-4C82-8B13-AE15383D05DC,2014-05-29 00:00:00.000
8939,8134,ashlee11@adventure-works.com,3CC5B08A-BDEB-4435-AE48-814E4D2A0ABD,2013-12-05 00:00:00.000
8940,8135,riley36@adventure-works.com,59713552-CC29-44E1-86F0-D4F80A5F97CD,2013-05-05 00:00:00.000
8941,8136,bailey15@adventure-works.com,D419EDBA-E293-40A6-80B0-DACE80E0BA6C,2014-02-01 00:00:00.000
8942,8137,mackenzie16@adventure-works.com,27B4E404-52D6-431B-B633-D600326E50AB,2014-04-02 00:00:00.000
8943,8138,gabriella16@adventure-works.com,216D1DC3-35F8-4600-A7F6-E17B7E826306,2014-04-19 00:00:00.000
8944,8139,sara19@adventure-works.com,CFECD881-3EF5-48FE-8058-878BF9FA6601,2014-02-09 00:00:00.000
8945,8140,gilbert11@adventure-works.com,D18737D3-DEAF-470F-BCD2-89C6ADF8E7C6,2014-02-19 00:00:00.000
8946,8141,ashlee12@adventure-works.com,A469C847-123B-459B-88C3-859763BE24E7,2011-07-31 00:00:00.000
8947,8142,ashlee13@adventure-works.com,B188B264-C8BB-47A7-925E-ACDB8C329FF8,2013-01-24 00:00:00.000
8948,8143,jada9@adventure-works.com,69A45836-DF1A-40BE-AF78-181C468FD3D8,2013-10-22 00:00:00.000
8949,8144,katelyn17@adventure-works.com,E28BFD11-AF68-4513-9311-D0E863F2A1B8,2014-02-24 00:00:00.000
8950,8145,ashlee14@adventure-works.com,8138BFF1-94E7-40CE-8280-8783B6E7991B,2013-12-01 00:00:00.000
8951,8146,ashlee15@adventure-works.com,FB84D86F-0158-450F-9426-6F929E53F43A,2013-11-04 00:00:00.000
8952,8147,kaylee14@adventure-works.com,3FC2D771-E167-4CA0-A457-28EA23D00985,2014-01-05 00:00:00.000
8953,8148,allison17@adventure-works.com,8DAB1C45-8888-4036-A231-1C8282AC68E7,2014-03-30 00:00:00.000
8954,8149,ashlee16@adventure-works.com,4806C36C-58A5-4391-AFDD-403908EF082E,2011-10-01 00:00:00.000
8955,8150,andrea17@adventure-works.com,737E11C0-8D9D-42C5-98D4-C793F7A5EACE,2014-01-13 00:00:00.000
8956,8151,ashlee17@adventure-works.com,6A7847A6-D5FF-4F3C-B10A-591AC4BACD24,2013-10-21 00:00:00.000
8957,8152,catherine15@adventure-works.com,1A600F85-4E0F-4176-98B2-2801EC2D6BF6,2013-09-18 00:00:00.000
8958,8153,ashlee18@adventure-works.com,1E68EAA6-3556-4BF7-8F41-1B944797E06A,2012-03-10 00:00:00.000
8959,8154,danielle20@adventure-works.com,99B94DE3-9734-4A66-AB34-F7D4D7FEEB8F,2013-07-09 00:00:00.000
8960,8155,ashlee19@adventure-works.com,1860899B-3652-42B1-80F9-A391EF9031CD,2013-07-21 00:00:00.000
8961,8156,gilbert12@adventure-works.com,5EA4A0D2-C7D3-4EBE-8272-1ABE1858D1EB,2013-03-26 00:00:00.000
8962,8157,ashlee20@adventure-works.com,1CF3257B-83D1-4D98-ADB3-F27BAEA93175,2011-07-09 00:00:00.000
8963,8158,michele24@adventure-works.com,32E63841-FAC0-47FA-A50E-11F8665867BA,2013-10-23 00:00:00.000
8964,8159,zoe16@adventure-works.com,05AE0A40-4173-49D6-9266-986CB12DD5AC,2013-10-29 00:00:00.000
8965,8160,michele25@adventure-works.com,C6538A3F-22D2-4BBB-94D2-A1412FE6BAF8,2013-05-19 00:00:00.000
8966,8161,alexa16@adventure-works.com,D572014E-BD7C-423A-9BE9-AFE9593B3EE7,2013-02-02 00:00:00.000
8967,8162,christina16@adventure-works.com,29F25BC3-2B1F-4C43-A5AE-7AFA54204125,2012-11-06 00:00:00.000
8968,8163,ariana16@adventure-works.com,51100EB6-DCFA-43C7-BDDC-B5F5D2C3A5C0,2013-10-14 00:00:00.000
8969,8164,caitlin15@adventure-works.com,225FF142-2AF1-402E-9264-D22E5DF9D2D4,2014-01-15 00:00:00.000
8970,8165,michelle18@adventure-works.com,DBBD6E92-6157-4C3D-976C-564C698D3E81,2014-02-02 00:00:00.000
8971,8166,michele26@adventure-works.com,26A75B91-96EF-4515-A4F4-352CE031C506,2011-08-24 00:00:00.000
8972,8167,brooke15@adventure-works.com,BABAEB66-66AF-4EDF-9AA5-22A2D31D311F,2013-11-18 00:00:00.000
8973,8168,arianna40@adventure-works.com,CE84D498-B360-40E0-9165-CE14644D0EB3,2013-12-18 00:00:00.000
8974,8169,michele27@adventure-works.com,563A20D8-8192-4E30-A2B2-FF7B93C6F8AD,2013-12-04 00:00:00.000
8975,8170,jacqueline42@adventure-works.com,54643162-81FE-479E-AD62-6746CFEB9067,2014-03-14 00:00:00.000
8976,8171,michele28@adventure-works.com,003294DF-F234-4EC0-8867-1017DDD87794,2014-06-04 00:00:00.000
8977,8172,michele29@adventure-works.com,6BDF6436-D491-4313-96DD-E419CA9043A4,2014-03-02 00:00:00.000
8978,8173,michele30@adventure-works.com,FC1D410E-8A55-4B85-B6E6-CC5DDA701588,2013-05-02 00:00:00.000
8979,8174,paige42@adventure-works.com,E7421456-BADC-47BC-8838-580ACF3FD6B3,2013-11-25 00:00:00.000
8980,8175,faith34@adventure-works.com,7DB35B36-4CA7-4D77-8ECD-2BB2C584FF2A,2013-10-03 00:00:00.000
8981,8176,gilbert13@adventure-works.com,B540429E-D3AB-435C-BEB8-4EC2023CF162,2013-10-22 00:00:00.000
8982,8177,michele31@adventure-works.com,57F0E6AC-D7C0-4D34-AAC4-DE20A2A36AEB,2013-07-16 00:00:00.000
8983,8178,melissa40@adventure-works.com,9C4F7886-39A8-4EFB-BF36-C4C68D0F37BD,2013-09-10 00:00:00.000
8984,8179,michele32@adventure-works.com,956FAF88-FF27-439C-ACE9-115BF5F8B269,2011-11-14 00:00:00.000
8985,8180,riley37@adventure-works.com,73CF7D18-3B6A-47C2-B31F-2FC6C0B092C0,2012-10-09 00:00:00.000
8986,8181,bailey16@adventure-works.com,0FED9B00-1A95-4978-B47D-581D7D822AFA,2013-12-17 00:00:00.000
8987,8182,mackenzie17@adventure-works.com,857735FD-108C-4E41-96B9-91448141211C,2013-12-25 00:00:00.000
8988,8183,gabriella17@adventure-works.com,3F5134E9-0CCD-4DBA-9719-A4ED25EE0AE6,2012-06-18 00:00:00.000
8989,8184,michele33@adventure-works.com,65BAA7AD-A367-4761-956C-0DF89E246F9B,2014-01-20 00:00:00.000
8990,8185,sara20@adventure-works.com,35E13F10-BECF-46A6-933A-A170AABC2083,2013-09-26 00:00:00.000
8991,8186,jada10@adventure-works.com,BA94C274-0101-4807-A30A-7C825F554056,2014-03-30 00:00:00.000
8992,8187,michele34@adventure-works.com,2513A4E9-CCAD-4987-97D3-2C9794AC7C76,2011-08-06 00:00:00.000
8993,8188,katelyn18@adventure-works.com,7543C661-0229-46CF-A812-8A9FBFF5E138,2013-12-21 00:00:00.000
8994,8189,michele35@adventure-works.com,56E46FCE-7C0E-4CF8-99DD-204FC44CEB4C,2013-06-16 00:00:00.000
8995,8190,savannah17@adventure-works.com,9C70B483-0D06-410A-ACF8-700627A0A495,2011-06-24 00:00:00.000
8996,8191,kaylee15@adventure-works.com,0C60871F-02DA-4E27-BE95-2EC0118D3D3A,2011-10-06 00:00:00.000
8997,8192,michele36@adventure-works.com,1AC9EA47-CB0A-4AB2-ADE3-2D4A44DC7095,2013-07-15 00:00:00.000
8998,8193,allison18@adventure-works.com,B516C089-A981-4E83-9317-E14811FB2128,2014-02-13 00:00:00.000
8999,8194,michele37@adventure-works.com,80E82EFD-2B72-4FEE-9FA1-F20D9255EEFC,2013-08-27 00:00:00.000
9000,8195,andrea18@adventure-works.com,1E335638-006B-445B-9633-AC7C03853D91,2013-10-02 00:00:00.000
9001,8196,michele38@adventure-works.com,89932A98-42C1-4060-967B-BACAA83AE6F5,2013-11-04 00:00:00.000
9002,8197,catherine16@adventure-works.com,E9A2E8ED-F689-4777-8A00-8DE79551CA49,2014-04-03 00:00:00.000
9003,8198,gilbert14@adventure-works.com,1B8DCBA5-F1CB-464B-8CA6-BCE94B06BC9F,2012-05-17 00:00:00.000
9004,8199,michele39@adventure-works.com,75814EF9-36E1-44A3-807D-C2417B100539,2014-03-07 00:00:00.000
9005,8200,danielle21@adventure-works.com,C497ED44-1298-46F2-A269-6CAC3853622A,2013-12-24 00:00:00.000
9006,8201,michele40@adventure-works.com,B30C5131-51AD-4449-9DD9-42C32CD8D97D,2014-01-16 00:00:00.000
9007,8202,zoe17@adventure-works.com,0F9713EA-2C75-45D5-B9E5-1AD2F9AE43AC,2014-01-22 00:00:00.000
9008,8203,alexa17@adventure-works.com,A27B06E1-B16D-4C78-9B2A-71CD4668575C,2014-01-10 00:00:00.000
9009,8204,christina17@adventure-works.com,C2302088-8D90-429E-9478-620555ADD483,2014-06-30 00:00:00.000
9010,8205,michele41@adventure-works.com,BE7582D9-BEC6-4BF7-9913-144474B15FC9,2014-04-03 00:00:00.000
9011,8206,caitlin16@adventure-works.com,D6D7FB48-3C46-42B1-B141-896E9F77C69E,2012-12-01 00:00:00.000
9012,8207,michelle19@adventure-works.com,AD97723E-2AEA-43A9-B266-9F1B0A9DD8E5,2014-05-22 00:00:00.000
9013,8208,brooke16@adventure-works.com,E7C3A183-61FC-400E-981A-F484FB2FA742,2014-06-12 00:00:00.000
9014,8209,michele42@adventure-works.com,147E1000-5A94-476D-99BE-286F1F56870C,2014-03-11 00:00:00.000
9015,8210,michele43@adventure-works.com,8BB80E25-7D55-42FD-8BAE-8CBAF8FBA08E,2013-10-07 00:00:00.000
9016,8211,shelby18@adventure-works.com,8DD6836D-3F04-4D44-BC61-1DD3969DE477,2013-08-24 00:00:00.000
9017,8212,michele44@adventure-works.com,521B702D-088C-4320-9582-13E0E1565836,2012-09-29 00:00:00.000
9018,8213,trinity15@adventure-works.com,AE787502-110E-4D3F-99A7-48CAE83F02E7,2014-04-07 00:00:00.000
9019,8214,michele45@adventure-works.com,5DE04AB3-2A73-4EA2-B4A8-51290CE71680,2013-04-30 00:00:00.000
9020,8215,erin22@adventure-works.com,AEDA4398-CB7A-4347-9662-812301CA216F,2013-10-23 00:00:00.000
9021,8216,michele46@adventure-works.com,A1D1DD5F-FE9E-48C7-84E6-89053BA15986,2013-12-14 00:00:00.000
9022,8217,gilbert15@adventure-works.com,12ED9C5E-CA47-462D-8820-AE2DC8F0BDE7,2013-01-05 00:00:00.000
9023,8218,michele47@adventure-works.com,7C015ED6-E2A7-4F38-AFC4-D6550A418544,2013-04-23 00:00:00.000
9024,8219,michele48@adventure-works.com,14767507-E746-4B9F-855D-4A825FF5CDDA,2014-02-25 00:00:00.000
9025,8220,michele49@adventure-works.com,E6BD40AC-D576-43FC-B3A2-C874360F2872,2014-02-26 00:00:00.000
9026,8221,melanie43@adventure-works.com,75933C4A-BC3E-4CFE-A7F2-23C2B7B7B04A,2014-01-20 00:00:00.000
9027,8222,alexandria39@adventure-works.com,F22D1471-B6ED-4A78-AA99-E9B3B4881B2C,2012-06-10 00:00:00.000
9028,8223,angela44@adventure-works.com,5C5553C3-CF79-4937-B2E5-F58E441C7F35,2014-05-24 00:00:00.000
9029,8224,michele50@adventure-works.com,D8EC9112-96E6-48B1-9A35-3BA3F2183E4F,2014-01-26 00:00:00.000
9030,8225,arianna41@adventure-works.com,B78C68C4-0332-47D2-9A3C-1EFB893FAE40,2014-06-04 00:00:00.000
9031,8226,jacqueline43@adventure-works.com,F424B339-14B9-46FA-9EBE-19DB916BAAE4,2013-11-04 00:00:00.000
9032,8227,michele51@adventure-works.com,F3C92B2B-1972-42E4-BB74-ADFD7083DDA3,2013-09-20 00:00:00.000
9033,8228,paige43@adventure-works.com,8212517D-DAF4-4BDC-AA57-EAD7B0EA2958,2011-07-01 00:00:00.000
9034,8229,melissa41@adventure-works.com,7D0003AE-9379-407C-BB2F-B63C8916CFA6,2013-07-25 00:00:00.000
9035,8230,michele52@adventure-works.com,89A2CA02-1E7F-40CB-BD58-48E2AF6A6347,2013-11-28 00:00:00.000
9036,8231,michele53@adventure-works.com,54935F5F-6962-44E8-B499-B38D604B3BED,2012-12-10 00:00:00.000
9037,8232,bailey17@adventure-works.com,5A35D729-B949-4708-82F8-E8508D628336,2012-05-10 00:00:00.000
9038,8233,mackenzie18@adventure-works.com,6F46B8B7-7C49-43A3-991C-4CAA225C4C99,2014-04-12 00:00:00.000
9039,8234,michele54@adventure-works.com,61BE3E3D-CC16-4C27-B6F2-126369C69582,2013-08-03 00:00:00.000
9040,8235,maurice0@adventure-works.com,AE5B7FB7-2124-4D0B-8890-5135DB818997,2013-08-03 00:00:00.000
9041,8236,sara21@adventure-works.com,69057680-F4DC-4D79-9A2A-5741536CDE3F,2011-11-07 00:00:00.000
9042,8237,jada11@adventure-works.com,D4D544FD-BA68-4771-8D8E-2E9B677A81FC,2013-01-09 00:00:00.000
9043,8238,damien12@adventure-works.com,FB3150DD-F750-495C-9B9C-798CB5966693,2013-10-08 00:00:00.000
9044,8239,gilbert16@adventure-works.com,536EEB11-86DC-495F-8CA4-B08A6C7D6D4F,2013-04-28 00:00:00.000
9045,8240,maurice1@adventure-works.com,B23AAE85-F939-4492-A03A-70E4F3F46515,2014-03-11 00:00:00.000
9046,8241,katelyn19@adventure-works.com,95380CC6-741F-4E32-B067-F9591653799E,2014-01-23 00:00:00.000
9047,8242,maurice2@adventure-works.com,59198C42-BFCD-4035-B898-C5A2635B9035,2013-11-06 00:00:00.000
9048,8243,maurice3@adventure-works.com,0AB5D17B-3ECD-4CF4-810E-D8497B624257,2013-02-28 00:00:00.000
9049,8244,kaylee16@adventure-works.com,91606FE6-E5A8-4583-9E99-7B7A321E3C26,2013-10-28 00:00:00.000
9050,8245,maurice4@adventure-works.com,6208738A-849E-4DA4-8E0C-23E28D42617A,2013-07-24 00:00:00.000
9051,8246,allison19@adventure-works.com,A30CCF47-38E2-4F42-B7F9-7611E2A3504F,2014-02-06 00:00:00.000
9052,8247,andrea19@adventure-works.com,49F57B25-1071-4D97-814E-C22860987E43,2013-07-25 00:00:00.000
9053,8248,catherine17@adventure-works.com,EB13FC75-F095-436C-8C56-5D27EF9C0E31,2014-06-17 00:00:00.000
9054,8249,maurice5@adventure-works.com,7892E1F1-EE6B-4D68-94DF-A721021A8114,2014-04-27 00:00:00.000
9055,8250,danielle22@adventure-works.com,260FA355-7649-4C9B-94DA-ED56C467BAE1,2013-09-05 00:00:00.000
9056,8251,maurice6@adventure-works.com,0671B1D3-D9AF-4B2C-86A2-B6F28F6DCE3D,2013-12-12 00:00:00.000
9057,8252,zoe18@adventure-works.com,1F46A9E7-77AA-45BE-B50F-40F150AAD654,2014-06-17 00:00:00.000
9058,8253,alexa18@adventure-works.com,FFEA65F5-A685-41E3-8A35-219AEE710BBC,2014-02-26 00:00:00.000
9059,8254,maurice7@adventure-works.com,75F26FF0-F301-46E4-B537-0933A0EEEB67,2014-01-07 00:00:00.000
9060,8255,christina18@adventure-works.com,5EF4239F-07F7-437B-8987-79E57B130461,2013-05-25 00:00:00.000
9061,8256,maurice8@adventure-works.com,3F9395EA-F2FB-498C-A061-00EA7E693502,2014-05-18 00:00:00.000
9062,8257,maurice9@adventure-works.com,A253DC8B-85A9-4230-8E35-585EF280F610,2012-02-20 00:00:00.000
9063,8258,ariana17@adventure-works.com,A593EFC8-1135-4086-8505-22D5A2269F5B,2014-04-26 00:00:00.000
9064,8259,caitlin17@adventure-works.com,7AE9AC68-999F-4E9D-A376-0088BCF6CC46,2013-08-11 00:00:00.000
9065,8260,maurice10@adventure-works.com,31396716-0ABF-4F93-986D-14B4F971D355,2012-01-02 00:00:00.000
9066,8261,gilbert17@adventure-works.com,693E3A97-9AF7-45F2-96A7-244C9D6E3528,2014-03-17 00:00:00.000
9067,8262,maurice11@adventure-works.com,FA7D6173-E7A1-41E9-B66F-143105D39BBB,2013-05-04 00:00:00.000
9068,8263,maurice12@adventure-works.com,FAC4480F-9885-434E-9887-0D27F0E5A544,2012-10-31 00:00:00.000
9069,8264,maurice13@adventure-works.com,C56A6570-48AC-4E59-880F-3D4DEFF17091,2014-01-26 00:00:00.000
9070,8265,maurice14@adventure-works.com,0F037B3A-351F-408B-B623-CD77C1AB4A78,2013-10-31 00:00:00.000
9071,8266,maurice15@adventure-works.com,641B8F26-F08B-4C05-A035-BD283916ABBD,2013-08-16 00:00:00.000
9072,8267,brooke17@adventure-works.com,E3376DFD-B573-4C0E-948C-21E0C9234064,2013-12-04 00:00:00.000
9073,8268,kimberly20@adventure-works.com,946DEB00-EFD7-44B0-9FB7-BFF214057FA3,2014-04-09 00:00:00.000
9074,8269,makayla15@adventure-works.com,AA8710A0-29B8-45CF-9EC5-652834B504D9,2014-04-30 00:00:00.000
9075,8270,maurice16@adventure-works.com,05C92E56-826F-4349-BDF8-3ED4D88D22FC,2014-03-24 00:00:00.000
9076,8271,shelby19@adventure-works.com,20AD435B-5F10-4BEC-82E0-7C0DA493456C,2013-07-07 00:00:00.000
9077,8272,trinity16@adventure-works.com,FD4DBFDE-C434-42C3-9B5E-C40B7B621E52,2014-02-23 00:00:00.000
9078,8273,maurice17@adventure-works.com,22DE081C-9D63-492F-87A8-7FBD3F1D960B,2014-04-17 00:00:00.000
9079,8274,erin23@adventure-works.com,F8D61E30-3AC5-4709-A069-A67D4021BC6F,2012-05-27 00:00:00.000
9080,8275,maurice18@adventure-works.com,5E0FC029-230E-4E81-B261-152BC5B9C560,2012-07-14 00:00:00.000
9081,8276,jade15@adventure-works.com,CFC0B47E-725D-4F4A-94B4-0B6139D2B88B,2013-11-06 00:00:00.000
9082,8277,mariah42@adventure-works.com,E7F978F0-B317-4D42-951C-A0F8E290E3CE,2014-04-04 00:00:00.000
9083,8278,maurice19@adventure-works.com,843496DC-BED2-40A1-866A-01C400185394,2014-02-08 00:00:00.000
9084,8279,melanie44@adventure-works.com,6A5EFDB8-F306-4063-A1E2-8ECEDB9ACF0D,2013-10-10 00:00:00.000
9085,8280,gilbert18@adventure-works.com,5E8C2E63-D8D0-4233-9141-B285BE3FC75B,2013-10-26 00:00:00.000
9086,8281,maurice20@adventure-works.com,BE83BC23-CC24-4EB5-81FA-0168909A3CDE,2013-04-15 00:00:00.000
9087,8282,alexandria40@adventure-works.com,1C894033-C522-4B6B-BFA8-F3394ABED253,2013-08-09 00:00:00.000
9088,8283,maurice21@adventure-works.com,061C1CDA-8C56-4E54-947B-02D7303D89E6,2014-05-21 00:00:00.000
9089,8284,angela45@adventure-works.com,B1DAAD9E-501E-4D81-9802-7FF6DD308EDC,2013-12-08 00:00:00.000
9090,8285,maurice22@adventure-works.com,79C90501-5479-4A7F-8D95-032F070BC77F,2014-04-07 00:00:00.000
9091,8286,maurice23@adventure-works.com,36565C24-0222-49EE-BCC6-F91C3F8E1DA2,2012-04-10 00:00:00.000
9092,8287,wayne1@adventure-works.com,EFB1344E-934A-4420-A1E2-4EC6C76C045A,2013-06-16 00:00:00.000
9093,8288,jacqueline44@adventure-works.com,1E08DCCC-31E4-4C89-8E7E-318EB583081C,2013-09-07 00:00:00.000
9094,8289,paige44@adventure-works.com,4F7604AB-99FF-4733-9D66-8A3F856E0D4E,2014-03-10 00:00:00.000
9095,8290,wayne2@adventure-works.com,E2E9F031-42F2-4E13-81EC-FCFB56D10AE2,2013-08-08 00:00:00.000
9096,8291,wayne3@adventure-works.com,0A373CE5-686D-41D1-BDBF-117BDFA17051,2014-02-21 00:00:00.000
9097,8292,faith35@adventure-works.com,244FAC2E-F4B5-49BC-881A-658B64B309F9,2014-03-26 00:00:00.000
9098,8293,wayne4@adventure-works.com,9C009ADF-63EF-4A15-AC30-6BE0B7469EEE,2011-11-25 00:00:00.000
9099,8294,melissa42@adventure-works.com,87B6479D-4A1E-4748-BE0C-C4E9E018BF58,2013-10-17 00:00:00.000
9100,8295,riley38@adventure-works.com,838D7706-F1BA-4FF2-BCE4-9BD9193FE2D6,2014-04-07 00:00:00.000
9101,8296,wayne5@adventure-works.com,18A19F78-E2B2-47D7-8468-9766D92042FB,2012-11-22 00:00:00.000
9102,8297,wayne6@adventure-works.com,6A33B28F-9909-4B1E-8AC8-6C4A7CAE862D,2013-09-06 00:00:00.000
9103,8298,bailey18@adventure-works.com,E56A8508-F5D7-4ABF-89C7-64DCB32B8578,2013-12-29 00:00:00.000
9104,8299,mackenzie19@adventure-works.com,882FA6B5-50AF-4796-92CC-94B63E0888D6,2013-12-13 00:00:00.000
9105,8300,gabriella18@adventure-works.com,57665CDD-CEC1-4C4A-9242-04ABABBAC6F3,2013-09-02 00:00:00.000
9106,8301,gilbert19@adventure-works.com,56C6479E-72E9-45F9-98AC-E4949F06F09B,2013-07-30 00:00:00.000
9107,8302,wayne7@adventure-works.com,85566CAD-B0A7-44F1-8D62-B34D84010438,2013-10-03 00:00:00.000
9108,8303,wayne8@adventure-works.com,337E9CCF-0ED5-4FEF-9722-385B2E2C90DC,2013-12-20 00:00:00.000
9109,8304,wayne9@adventure-works.com,141C811A-4F05-464E-A683-4E0B3CEE8E0A,2011-09-08 00:00:00.000
9110,8305,sara22@adventure-works.com,45F912CD-26FC-4298-97A6-285462A11AE0,2012-04-24 00:00:00.000
9111,8306,jada12@adventure-works.com,5CF61E08-273E-4BBC-92CF-5F50F358AF10,2013-07-03 00:00:00.000
9112,8307,savannah18@adventure-works.com,1F97704E-4F8E-4D9B-845A-B66CC1D31FBC,2013-09-28 00:00:00.000
9113,8308,wayne10@adventure-works.com,897C6D2B-11B4-4AB0-99D7-34821C2D3B16,2012-10-07 00:00:00.000
9114,8309,kaylee17@adventure-works.com,19E36671-6618-410B-A8E7-1D821F9DC509,2013-12-05 00:00:00.000
9115,8310,wayne11@adventure-works.com,B49D4E4A-1E54-4E81-9CE6-180CD43AEEC8,2013-12-17 00:00:00.000
9116,8311,allison20@adventure-works.com,634DD08D-3D22-4319-BEB2-74C5C071AD96,2013-07-14 00:00:00.000
9117,8312,andrea20@adventure-works.com,04D81DA4-BB4E-444D-97F2-043271710715,2014-04-13 00:00:00.000
9118,8313,wayne12@adventure-works.com,D5DD8058-F6AB-4349-8921-AABB4438F6BB,2011-11-21 00:00:00.000
9119,8314,catherine18@adventure-works.com,CD5BE4F0-5F4C-4832-B55A-4BAA31FE1C2F,2013-09-21 00:00:00.000
9120,8315,danielle23@adventure-works.com,E7A92C01-06AC-4D3D-89D4-032AF9CCCD2C,2012-02-27 00:00:00.000
9121,8316,wayne13@adventure-works.com,6A9A891C-C28B-4EAB-8D70-D1A1C1E6FF93,2014-05-10 00:00:00.000
9122,8317,zoe19@adventure-works.com,662D542A-FE4F-4A72-B4D5-F9FA01F2C060,2014-01-09 00:00:00.000
9123,8318,alexa19@adventure-works.com,DB35F54D-CA5B-4F5D-86EE-3D94468DE587,2014-02-04 00:00:00.000
9124,8319,wayne14@adventure-works.com,BC598B1E-2E7F-4729-BB83-2415AC68D72A,2013-08-14 00:00:00.000
9125,8320,christina19@adventure-works.com,C2FD67C3-2937-45EC-8333-E9B788BCC6AB,2014-03-29 00:00:00.000
9126,8321,ariana18@adventure-works.com,B3659A29-494E-4382-A61D-E466E9D007BD,2014-04-22 00:00:00.000
9127,8322,wayne15@adventure-works.com,F2C21364-BC15-4BC0-88A3-5E147A0B7104,2014-04-13 00:00:00.000
9128,8323,wayne16@adventure-works.com,BEF4F68F-FB52-4CB3-B34F-E2E660437667,2014-01-21 00:00:00.000
9129,8324,caitlin18@adventure-works.com,49F1DE99-AB01-43C7-B033-A8079F525C1A,2013-10-02 00:00:00.000
9130,8325,michelle20@adventure-works.com,6C11284E-85C4-4102-99EA-D9103DAC92EC,2014-05-15 00:00:00.000
9131,8326,brooke18@adventure-works.com,7C27E24E-50E1-4FB3-A31F-773A08C94B19,2014-04-19 00:00:00.000
9132,8327,gilbert20@adventure-works.com,393D5390-EAAF-4F87-A3F9-5C509D4FB9A7,2013-04-05 00:00:00.000
9133,8328,wayne17@adventure-works.com,F198595F-1B93-4181-B348-1D779F6E7A68,2014-05-09 00:00:00.000
9134,8329,kimberly21@adventure-works.com,5F9CA785-B9F2-4634-AF69-D32672F68CF9,2014-04-25 00:00:00.000
9135,8330,makayla16@adventure-works.com,DAF84D63-4D91-4964-A9A4-2E98149BC67A,2014-06-01 00:00:00.000
9136,8331,wayne18@adventure-works.com,6CE6C704-2F50-4C5D-B55E-3A0FD74DBA64,2012-04-14 00:00:00.000
9137,8332,wayne19@adventure-works.com,C96490D1-4ED9-4D03-91CB-CAEC7DAD3633,2013-08-10 00:00:00.000
9138,8333,shelby20@adventure-works.com,D74346CD-E37D-43A5-9F17-724EDF852BA9,2014-06-06 00:00:00.000
9139,8334,wayne20@adventure-works.com,43B9C5E5-920A-4819-B251-B918AEB8B036,2013-08-20 00:00:00.000
9140,8335,trinity17@adventure-works.com,EA32F1F6-7F8A-4FF8-8758-432C6FDD5D16,2014-04-02 00:00:00.000
9141,8336,wayne21@adventure-works.com,50D9C8FE-4054-4003-BC72-7A30531EF1D0,2011-12-12 00:00:00.000
9142,8337,erin24@adventure-works.com,51269AF5-A219-4DC7-BCFF-EF9FC51E1134,2013-08-16 00:00:00.000
9143,8338,wayne22@adventure-works.com,A552F35F-9D47-4A4E-B997-2C06A64B9E50,2014-01-20 00:00:00.000
9144,8339,jade16@adventure-works.com,9C8FCEFA-AAC6-4367-985B-401CFC74204B,2013-10-14 00:00:00.000
9145,8340,wayne23@adventure-works.com,A0E963BF-5C54-4029-83E1-6824F5CD5461,2012-09-10 00:00:00.000
9146,8341,mariah43@adventure-works.com,46DC1F0C-5857-4EF6-AB77-ED058C56602B,2012-09-20 00:00:00.000
9147,8342,wayne24@adventure-works.com,AA61386D-E8AE-480D-AE22-C3BD371242DB,2013-08-11 00:00:00.000
9148,8343,calvin0@adventure-works.com,049C6B87-F87C-4DE6-8D5C-0EACFB66484A,2013-10-27 00:00:00.000
9149,8344,melanie45@adventure-works.com,2CB40D1C-505D-46A2-A0DC-29866BD04A36,2014-04-28 00:00:00.000
9150,8345,alexandria41@adventure-works.com,39552E1B-6FD9-4CEC-8D82-084A2851D609,2012-12-08 00:00:00.000
9151,8346,gilbert21@adventure-works.com,0C5F413B-AA6D-4D5B-B86A-92DC4117A2C4,2013-11-17 00:00:00.000
9152,8347,calvin1@adventure-works.com,0629C7C2-C29C-4489-B47A-F2D3F7CE65C6,2011-08-16 00:00:00.000
9153,8348,calvin2@adventure-works.com,66B74A27-3114-444A-93D2-0BA808EB11CB,2013-12-07 00:00:00.000
9154,8349,calvin3@adventure-works.com,E4E3A8AE-5CF8-4C51-A448-FFD6B18245A8,2013-09-12 00:00:00.000
9155,8350,calvin4@adventure-works.com,59BA8476-CE81-4267-A55C-2C5F18D0647A,2014-04-12 00:00:00.000
9156,8351,angela46@adventure-works.com,529E7050-BA42-4FC2-A38B-08A3D9F3F5C5,2013-11-20 00:00:00.000
9157,8352,calvin5@adventure-works.com,8CF596B4-99FE-4895-8BA2-B1A24736B135,2014-01-08 00:00:00.000
9158,8353,arianna42@adventure-works.com,0C53D072-A3C0-4451-AD09-04E370E7F45F,2011-10-30 00:00:00.000
9159,8354,jacqueline45@adventure-works.com,7FA5DB5C-0F65-4888-9552-926836A8230A,2013-08-15 00:00:00.000
9160,8355,calvin6@adventure-works.com,A8E36012-F7EA-4298-AD3F-5C38ECE78E7B,2012-06-03 00:00:00.000
9161,8356,paige45@adventure-works.com,3A7D678F-B809-4026-B7A8-20030190E8CD,2011-08-27 00:00:00.000
9162,8357,calvin7@adventure-works.com,83BE9F4B-EB02-4E79-AF91-33EA19C91DF4,2014-04-11 00:00:00.000
9163,8358,calvin8@adventure-works.com,3FC57891-4292-4B31-ADEC-FEB5E8875EF3,2012-12-19 00:00:00.000
9164,8359,faith36@adventure-works.com,D24C13F9-8D38-4A8B-9F59-AD90D2D6AEDE,2014-04-29 00:00:00.000
9165,8360,riley39@adventure-works.com,F7591500-FA8F-43CF-86FB-AA56A0FC34A5,2012-03-08 00:00:00.000
9166,8361,bailey19@adventure-works.com,D74F44A5-09CB-4B96-83DC-FBACEEE44FB2,2013-09-30 00:00:00.000
9167,8362,calvin9@adventure-works.com,9850105B-48E5-4E74-BB0F-EC7F748264CA,2014-02-07 00:00:00.000
9168,8363,mackenzie20@adventure-works.com,4FCC2C33-477A-41F5-A8F0-873F650E564B,2011-08-29 00:00:00.000
9169,8364,gabriella19@adventure-works.com,6E6E5D50-D67B-4571-B8E3-EF8A2DEC0BAF,2014-06-18 00:00:00.000
9170,8365,gilbert22@adventure-works.com,671C1C9B-737F-46A2-8452-9B6D9CE7CB13,2013-05-24 00:00:00.000
9171,8366,calvin10@adventure-works.com,4F24F3B0-1518-40C6-9FE6-37A120C61087,2012-08-03 00:00:00.000
9172,8367,sara23@adventure-works.com,76601CA6-D0DC-4E82-9F73-7CA38A800612,2013-09-16 00:00:00.000
9173,8368,calvin11@adventure-works.com,B0041CE8-DC05-4CE1-84E5-D40D29E1DAFC,2014-03-08 00:00:00.000
9174,8369,jada13@adventure-works.com,8C2B3A07-D041-4CA2-A462-43B0253A7405,2013-07-07 00:00:00.000
9175,8370,katelyn20@adventure-works.com,F3F3CC66-7D73-4ECB-BAB1-C066A1D28B4B,2013-10-12 00:00:00.000
9176,8371,savannah19@adventure-works.com,E4E63CEB-01BA-43AD-913D-4BBC27ACFC0D,2013-07-14 00:00:00.000
9177,8372,kaylee18@adventure-works.com,C9C62EE9-2CF1-456A-92FE-86E945461B43,2012-02-17 00:00:00.000
9178,8373,andrea21@adventure-works.com,FF76AE01-DF45-4B5D-9F2D-7F7C3B65DB3E,2012-09-24 00:00:00.000
9179,8374,calvin12@adventure-works.com,5DB62863-E197-446A-B442-1442EDC2CEF5,2014-04-28 00:00:00.000
9180,8375,danielle24@adventure-works.com,547FF337-CF20-4BDD-AB3A-4BAB86F8FD8F,2012-07-25 00:00:00.000
9181,8376,zoe20@adventure-works.com,18E47320-7826-4686-8441-293ADF48842E,2014-01-08 00:00:00.000
9182,8377,calvin13@adventure-works.com,EBCE1EDA-577C-4155-B717-4B98D39284A2,2013-05-24 00:00:00.000
9183,8378,alexa20@adventure-works.com,14205F90-BB2C-41F0-B6E8-14BFCE74AFFC,2013-07-20 00:00:00.000
9184,8379,christina20@adventure-works.com,0E4E50E1-63B1-43B7-9D9C-BEF540BE8A52,2014-03-12 00:00:00.000
9185,8380,calvin14@adventure-works.com,26AE51EC-6D00-4CB2-A739-766A50F302F8,2014-02-16 00:00:00.000
9186,8381,calvin15@adventure-works.com,8427C290-38FB-46C2-A712-30B8AAB533E9,2013-12-07 00:00:00.000
9187,8382,ariana19@adventure-works.com,AACDA1CA-EDC6-4836-9E64-1506536C8DFA,2012-02-06 00:00:00.000
9188,8383,calvin16@adventure-works.com,2C02A390-6FE2-425A-9E1E-CD582C210EEC,2013-04-05 00:00:00.000
9189,8384,calvin17@adventure-works.com,F0AE109C-2D58-4EB9-B373-C9896A5FAE1E,2014-05-15 00:00:00.000
9190,8385,gilbert23@adventure-works.com,4CEE0CE8-774F-42DA-A3D6-760583CB9F66,2012-04-22 00:00:00.000
9191,8386,calvin18@adventure-works.com,3B17F14F-A2C3-4C4F-8361-B972444AD251,2013-11-19 00:00:00.000
9192,8387,calvin19@adventure-works.com,CF8B9C4E-26A9-4A5D-BB3D-F086AF29B7D6,2011-11-26 00:00:00.000
9193,8388,michelle21@adventure-works.com,E721BA71-0EA0-451C-A6DA-E25F7F4D5B06,2014-04-29 00:00:00.000
9194,8389,brooke19@adventure-works.com,38584906-1FA9-4A7A-B4AD-CE36F419A62C,2013-12-24 00:00:00.000
9195,8390,kimberly22@adventure-works.com,53101528-4846-47A6-B0DF-1009E9DA7A6D,2011-08-25 00:00:00.000
9196,8391,calvin20@adventure-works.com,10EE6AAC-4593-40CC-B587-071F78AC0BCB,2013-01-05 00:00:00.000
9197,8392,calvin21@adventure-works.com,EE999A18-21B9-4B2B-A0A8-DCEC2E90DB32,2013-09-30 00:00:00.000
9198,8393,drew0@adventure-works.com,6D6D8F5C-EADC-40E2-818F-EFE217B4CD4E,2014-03-23 00:00:00.000
9199,8394,shelby21@adventure-works.com,27762B39-7553-4D41-B9EF-C36F9079ADD2,2014-04-07 00:00:00.000
9200,8395,drew1@adventure-works.com,63A846F3-2051-4706-A362-D03798F521AE,2013-07-02 00:00:00.000
9201,8396,trinity18@adventure-works.com,ECB04E52-18A3-4CD6-8759-B44F03BB6D9E,2012-01-04 00:00:00.000
9202,8397,drew2@adventure-works.com,4D0094FC-37E8-4003-AA11-B36C55F8F79E,2013-10-05 00:00:00.000
9203,8398,drew3@adventure-works.com,D8DC3966-7AC7-4593-9F9C-010926C4C65D,2013-09-24 00:00:00.000
9204,8399,erin25@adventure-works.com,D6A90E50-F757-4BEB-B762-152C5F33B4F4,2012-01-22 00:00:00.000
9205,8400,jade17@adventure-works.com,99A482CE-B52B-4ECA-8845-C7BBA56CC544,2014-05-08 00:00:00.000
9206,8401,drew4@adventure-works.com,C7FE63B5-2763-4646-A06A-FE583ABCEA0B,2013-03-19 00:00:00.000
9207,8402,drew5@adventure-works.com,3EB766B8-9BCB-4D6B-858A-2AF4086A4339,2012-11-13 00:00:00.000
9208,8403,gilbert24@adventure-works.com,6AC24F60-6516-46DC-BEFC-BA8F018D396B,2011-11-27 00:00:00.000
9209,8404,drew6@adventure-works.com,602EF5CE-6D04-4A84-A53B-CB88DCABC60C,2014-04-21 00:00:00.000
9210,8405,drew7@adventure-works.com,33100594-4BF2-4ECF-A0AC-E98C3F33EAD3,2013-12-13 00:00:00.000
9211,8406,alexandria42@adventure-works.com,691AC5C9-EE20-4CE3-A976-3C59F3F19652,2013-12-08 00:00:00.000
9212,8407,drew8@adventure-works.com,E76B9FB5-721F-46F2-A7C5-78367B16A395,2014-03-09 00:00:00.000
9213,8408,angela47@adventure-works.com,5409EF03-F2D4-48B7-A6CC-C4751C83983D,2014-06-21 00:00:00.000
9214,8409,arianna43@adventure-works.com,D93B3C45-A544-4F86-9F0F-31CC06CDD9FC,2014-02-19 00:00:00.000
9215,8410,jacqueline46@adventure-works.com,7A6C0DA6-355F-44E3-B693-F844FEAE98AA,2013-08-18 00:00:00.000
9216,8411,paige46@adventure-works.com,CD13C867-9D4E-4F78-A0B9-13AA27F05E2F,2014-01-07 00:00:00.000
9217,8412,drew9@adventure-works.com,9E160ECD-FE12-4292-A58F-2545E41BB35F,2013-10-30 00:00:00.000
9218,8413,faith37@adventure-works.com,15F92716-C404-41A1-96A4-7EBB1E4D7BE7,2014-05-25 00:00:00.000
9219,8414,melissa43@adventure-works.com,286669DD-BE13-480B-82E2-7A4B51F56F06,2014-04-05 00:00:00.000
9220,8415,drew10@adventure-works.com,5C9BCD22-30E7-4CD0-9CFC-037BE97B7C7C,2011-09-17 00:00:00.000
9221,8416,drew11@adventure-works.com,E3338077-FF8D-4FA7-A12C-F98BCDA8E3C9,2013-02-27 00:00:00.000
9222,8417,drew12@adventure-works.com,44EE7A46-31A3-4E71-B3D7-09CCF044CED5,2012-08-21 00:00:00.000
9223,8418,bailey20@adventure-works.com,E62DB678-951F-4F2C-A3FD-7C2E45DA1D67,2013-09-13 00:00:00.000
9224,8419,mackenzie21@adventure-works.com,7DD56740-407B-4C70-9E09-F2E9F07A7820,2013-12-20 00:00:00.000
9225,8420,drew13@adventure-works.com,CB02449E-F759-43A6-9AE7-D93BA802CAC3,2013-07-24 00:00:00.000
9226,8421,gabriella20@adventure-works.com,6EBE5105-1E50-4B36-B03E-8E4F73BB818B,2013-12-21 00:00:00.000
9227,8422,sara24@adventure-works.com,14F4965F-4CBD-482B-9F7E-2D4E6B56EFF9,2012-11-17 00:00:00.000
9228,8423,jada14@adventure-works.com,7EE472F2-8A32-486C-952D-66C18482A02D,2013-07-25 00:00:00.000
9229,8424,katelyn21@adventure-works.com,55178C8A-CDF8-4209-822C-80BBCB2D09D5,2013-10-11 00:00:00.000
9230,8425,savannah20@adventure-works.com,CFB01C11-0708-4E02-984B-922397F17499,2014-02-14 00:00:00.000
9231,8426,kaylee19@adventure-works.com,23CAC349-F78A-45FE-8F85-0436681DCD82,2013-06-16 00:00:00.000
9232,8427,drew14@adventure-works.com,34441E17-9803-4996-A50C-441F1F8D3176,2012-09-30 00:00:00.000
9233,8428,andrea22@adventure-works.com,A6EA1A78-36E2-4F4E-8770-8257C6E88E24,2013-07-06 00:00:00.000
9234,8429,drew15@adventure-works.com,690EB190-4663-4225-A867-AC06089736EE,2013-06-15 00:00:00.000
9235,8430,catherine19@adventure-works.com,59AD4362-8538-4C5C-845B-9ABCD68C669E,2013-10-07 00:00:00.000
9236,8431,danielle25@adventure-works.com,21D605F2-0124-45BD-8A49-4C64FE055843,2013-10-17 00:00:00.000
9237,8432,gilbert25@adventure-works.com,3C3A4B8A-7A2C-417F-87F3-4B88D476ADAE,2013-12-04 00:00:00.000
9238,8433,drew16@adventure-works.com,BCC8C29E-355A-4239-9B6C-49FCB3CC2154,2013-04-22 00:00:00.000
9239,8434,drew17@adventure-works.com,60A95229-704B-4F85-824C-ED7A2AD0A1B8,2013-03-11 00:00:00.000
9240,8435,zoe21@adventure-works.com,BAAA7DB1-8D50-4EF0-A8C3-949FA9EE78BA,2013-07-29 00:00:00.000
9241,8436,drew18@adventure-works.com,01C23F44-870C-4358-BEB1-F7F040C196BC,2013-11-11 00:00:00.000
9242,8437,connie3@adventure-works.com,469205D4-5696-46D4-A8C8-BBAAB9710B93,2014-05-22 00:00:00.000
9243,8438,drew19@adventure-works.com,199B1264-3E0B-422C-B83E-25EFF9842BDD,2014-05-22 00:00:00.000
9244,8439,ariana20@adventure-works.com,78AB63AF-8221-478D-A935-7F172026A913,2012-02-29 00:00:00.000
9245,8440,drew20@adventure-works.com,AC087485-50DB-4B05-92F8-5ACD387F9D7D,2011-09-17 00:00:00.000
9246,8441,caitlin19@adventure-works.com,9C6E8BC4-8419-4087-A814-1AA8FD05D023,2013-06-03 00:00:00.000
9247,8442,drew21@adventure-works.com,270A0DA6-81BA-4293-BD4E-3EE134C9C614,2013-07-17 00:00:00.000
9248,8443,drew22@adventure-works.com,9A013880-75CB-4BA2-BCF2-663BA8BEBD82,2013-12-01 00:00:00.000
9249,8444,michelle22@adventure-works.com,E4197AFB-9E9C-445E-AA19-9285FD5A8D73,2013-12-03 00:00:00.000
9250,8445,drew23@adventure-works.com,3110D677-6CA4-4C01-A08D-869EAA0A98D0,2013-09-21 00:00:00.000
9251,8446,brooke20@adventure-works.com,3421043D-F9E2-415E-B048-C947119AF767,2014-01-16 00:00:00.000
9252,8447,kimberly23@adventure-works.com,09514984-F7F8-4C25-8981-F0FF73508807,2013-10-08 00:00:00.000
9253,8448,grant2@adventure-works.com,64D8A159-034F-4D4E-8D0E-5668CE6F0F4B,2014-02-17 00:00:00.000
9254,8449,makayla17@adventure-works.com,B1A76BC3-5524-45E0-8E89-6B8BBFD38017,2013-10-23 00:00:00.000
9255,8450,warren15@adventure-works.com,E444679E-57C6-426C-9F12-CEF85E2DAE09,2013-11-19 00:00:00.000
9256,8451,damien13@adventure-works.com,8F7E222E-13F4-40F5-B5F0-F3CED7335D8D,2013-08-11 00:00:00.000
9257,8452,gilbert26@adventure-works.com,6527FF4A-FE97-43C2-AD0F-09A4B1B479F5,2013-08-11 00:00:00.000
9258,8453,grant3@adventure-works.com,CA75A54C-2059-4535-9D3A-191B445DEC48,2013-09-21 00:00:00.000
9259,8454,shelby22@adventure-works.com,75BD799A-2D4A-4136-8F0B-52E09CFFB19D,2013-11-15 00:00:00.000
9260,8455,trinity19@adventure-works.com,406DA8F5-FB19-4403-8339-97805F78E6F2,2014-04-28 00:00:00.000
9261,8456,andrea23@adventure-works.com,69ACFE14-39BC-4CBA-A745-99FE14F3AE6A,2014-04-23 00:00:00.000
9262,8457,grant4@adventure-works.com,E46E8639-17E9-4DBD-B20B-B1E6F64C25F3,2013-02-08 00:00:00.000
9263,8458,grant5@adventure-works.com,0DB908ED-0D9A-457A-A0FB-EBF29A6AEBE4,2013-02-14 00:00:00.000
9264,8459,chloe0@adventure-works.com,5E19298B-274E-454D-8C9E-926A7A539B90,2013-09-08 00:00:00.000
9265,8460,julia2@adventure-works.com,BC86DBEF-090D-4DCC-8AB4-F17C1EB20904,2013-04-02 00:00:00.000
9266,8461,grant6@adventure-works.com,8227BFD6-F988-4EB8-9C1E-4D162B5E4594,2013-10-22 00:00:00.000
9267,8462,jennifer4@adventure-works.com,7D919794-72C6-4694-944B-840FD3D61263,2013-09-27 00:00:00.000
9268,8463,grant7@adventure-works.com,9EBCB54B-7181-4CAC-BA68-9B26A8BFDDF1,2013-10-25 00:00:00.000
9269,8464,kaitlyn0@adventure-works.com,3D7EB783-AC40-41AA-B62C-180E8B35917B,2012-08-30 00:00:00.000
9270,8465,morgan0@adventure-works.com,68B41A3A-748B-43CF-AC15-48E78F5D4BFF,2014-05-26 00:00:00.000
9271,8466,isabella33@adventure-works.com,A26A73B5-6664-40B2-913A-918EF1639FD5,2014-06-18 00:00:00.000
9272,8467,grant8@adventure-works.com,CE8C81ED-004B-48CA-928C-677478266F74,2012-10-26 00:00:00.000
9273,8468,alexandra44@adventure-works.com,C88E34D2-D43C-43B9-91D8-8B5ADDD8F1BC,2014-02-02 00:00:00.000
9274,8469,grant9@adventure-works.com,89880190-D29A-40AD-9C1F-09002B5AE198,2014-04-18 00:00:00.000
9275,8470,grant10@adventure-works.com,2F8EBD99-9B44-42C0-B3EE-E781E9FC4DCD,2014-05-21 00:00:00.000
9276,8471,sydney44@adventure-works.com,442BF358-E5E4-4119-B4E3-D63D354A02D4,2014-03-17 00:00:00.000
9277,8472,katherine49@adventure-works.com,AA621C6C-5ADF-416B-B2B9-100DA8ED9EA2,2014-03-22 00:00:00.000
9278,8473,amanda44@adventure-works.com,B0B0734C-F5E7-4BE1-A488-7E6FCB4876A9,2014-02-02 00:00:00.000
9279,8474,grant11@adventure-works.com,788B9571-AA8F-461C-BD6D-2F73E228595B,2013-08-30 00:00:00.000
9280,8475,stephanie50@adventure-works.com,9C76839C-B836-4166-98D4-ABC467A767C8,2013-06-20 00:00:00.000
9281,8476,hailey43@adventure-works.com,67C50450-DCC9-4FFC-90E6-01A967622D1A,2014-03-15 00:00:00.000
9282,8477,gilbert27@adventure-works.com,650718B9-0B41-4572-9134-757C7800509B,2013-11-27 00:00:00.000
9283,8478,grant12@adventure-works.com,C7E72E5E-C69F-42C9-B0D3-310D1856374D,2014-05-28 00:00:00.000
9284,8479,maria44@adventure-works.com,48DD87CB-F0D1-4F03-B39E-65EE9E2196C4,2013-07-07 00:00:00.000
9285,8480,gabrielle45@adventure-works.com,4C1C658D-F082-4596-BDE8-3193266C9B92,2012-11-06 00:00:00.000
9286,8481,haley42@adventure-works.com,979EC3B1-8CA1-4EBE-B946-45BA11060CBB,2013-08-08 00:00:00.000
9287,8482,grant13@adventure-works.com,E5BA2B35-CB6B-49A8-BA40-D29A1C8A5D3D,2014-03-30 00:00:00.000
9288,8483,rebecca4@adventure-works.com,4FA81CB0-131F-4081-8D67-A8D6D303B520,2014-03-27 00:00:00.000
9289,8484,madeline0@adventure-works.com,BD0DFDA6-17E7-4D2F-BD02-E23E72D6DCC8,2013-07-31 00:00:00.000
9290,8485,sophia0@adventure-works.com,5F0E7EDB-102C-49E5-BB7C-C2B59CD76AF1,2013-08-28 00:00:00.000
9291,8486,grant14@adventure-works.com,00049740-8028-4926-9C8A-874A5A9F7312,2012-03-06 00:00:00.000
9292,8487,mary14@adventure-works.com,69564235-73AE-4E09-BC3C-0FC7DC47BA1A,2014-06-13 00:00:00.000
9293,8488,grant15@adventure-works.com,78616DDE-89D4-42DA-816B-1B4B5E035681,2014-04-15 00:00:00.000
9294,8489,amber0@adventure-works.com,2AF40250-902E-4F27-A305-333C99577BCD,2014-04-22 00:00:00.000
9295,8490,grant16@adventure-works.com,E0091DFA-4328-4FD3-AA41-22C826132E6E,2013-03-14 00:00:00.000
9296,8491,courtney0@adventure-works.com,12D5E9AC-44E2-4171-9522-9DE2D3E7E1D2,2013-03-08 00:00:00.000
9297,8492,jenna0@adventure-works.com,7177BB49-20DA-4B25-BF3F-87AC5704CEC3,2013-08-08 00:00:00.000
9298,8493,jordan29@adventure-works.com,39875D6F-8609-4A9A-80E9-55289A510A30,2014-05-05 00:00:00.000
9299,8494,sierra0@adventure-works.com,7202E63B-64D1-4D65-99D6-861B7E303C85,2013-11-13 00:00:00.000
9300,8495,grant17@adventure-works.com,1D8F216F-85B5-40B8-B943-FF9758233EA6,2013-11-28 00:00:00.000
9301,8496,bailey21@adventure-works.com,C03417D1-9FA6-48AD-A254-13029E93D1C5,2014-01-22 00:00:00.000
9302,8497,grant18@adventure-works.com,A51DE160-8925-4654-B6ED-98D45D15E0C9,2012-09-16 00:00:00.000
9303,8498,mackenzie22@adventure-works.com,53C4B0E1-8E05-48A2-8AF7-28F38D64769A,2014-05-01 00:00:00.000
9304,8499,grant19@adventure-works.com,DC5C4B14-C7AA-465F-87EF-47CFA2EAA321,2012-06-09 00:00:00.000
9305,8500,grant20@adventure-works.com,3FC98952-E69A-4315-AAD5-0FB15BAF0C63,2013-11-08 00:00:00.000
9306,8501,grant21@adventure-works.com,0019E7A7-CB8D-4D24-813C-E0F36A636FC9,2013-05-19 00:00:00.000
9307,8502,gabriella21@adventure-works.com,27D4BD8A-6D43-49FF-95C9-99662C45ED4A,2014-03-26 00:00:00.000
9308,8503,grant22@adventure-works.com,E4F76D69-4C3C-40A6-B04B-CB8463B2F2CF,2014-05-10 00:00:00.000
9309,8504,grant23@adventure-works.com,96ED40B4-002E-4F03-A0FC-0C479AE2F85D,2013-09-27 00:00:00.000
9310,8505,sara25@adventure-works.com,6C36155B-EA2E-4D98-B307-D068BA643F10,2013-09-15 00:00:00.000
9311,8506,grant24@adventure-works.com,E7509D28-5B4E-41A2-8326-364A23C27F13,2014-03-22 00:00:00.000
9312,8507,jan10@adventure-works.com,360DE6CC-E965-477B-BE5E-1CED2BC776A9,2013-10-04 00:00:00.000
9313,8508,brendan0@adventure-works.com,A09910B2-F132-43C9-94E5-F7424CDB0D7B,2013-08-23 00:00:00.000
9314,8509,katelyn22@adventure-works.com,AD5E6E59-CC23-4C03-9F18-EE0DC26A357F,2013-09-27 00:00:00.000
9315,8510,savannah21@adventure-works.com,CE0FAE3D-750B-4D49-9076-C42E1D52355F,2011-08-07 00:00:00.000
9316,8511,kaylee20@adventure-works.com,8D0276BE-C912-42FC-970B-99E02E41B16E,2013-09-20 00:00:00.000
9317,8512,brendan1@adventure-works.com,5ABD1AA3-32AA-4250-A777-B18C85F842D3,2013-08-05 00:00:00.000
9318,8513,allison21@adventure-works.com,DB79A301-2B1F-444E-AA5C-FF09F8877FCE,2013-08-25 00:00:00.000
9319,8514,andrea24@adventure-works.com,5B90F794-A5B2-4C0D-A29D-192E347DA86B,2013-08-14 00:00:00.000
9320,8515,brendan2@adventure-works.com,93B7FEE2-E04B-49D2-91A2-06EB955D2A29,2013-02-19 00:00:00.000
9321,8516,cindy20@adventure-works.com,E4ED7C03-43E6-4B75-9298-D79171EAAF05,2013-11-01 00:00:00.000
9322,8517,julia3@adventure-works.com,35F27620-01DE-470D-856B-C40E9FBDCD75,2013-08-23 00:00:00.000
9323,8518,jennifer5@adventure-works.com,9D268786-D244-4453-836C-4480E205C705,2014-03-27 00:00:00.000
9324,8519,brendan3@adventure-works.com,F4F91115-B0B1-4F00-89E5-9E3CE20AE55B,2012-08-30 00:00:00.000
9325,8520,kaitlyn1@adventure-works.com,505ADFBB-196A-474B-95E3-16C61557A477,2013-11-12 00:00:00.000
9326,8521,morgan1@adventure-works.com,422F713E-957E-48C4-A27B-79CC5ED62AFE,2011-08-09 00:00:00.000
9327,8522,isabella34@adventure-works.com,7A9B9BE8-AB85-4312-869D-F891D9C7ED3F,2012-05-17 00:00:00.000
9328,8523,natalie45@adventure-works.com,D6573D25-B52D-4093-A42C-8EABE0038CA1,2012-07-20 00:00:00.000
9329,8524,alexandra45@adventure-works.com,E664D8FE-2D6E-44FA-8487-9C923F481B25,2014-02-20 00:00:00.000
9330,8525,brendan4@adventure-works.com,AF26D1A1-FD18-44FF-A777-E81C9707B600,2011-12-07 00:00:00.000
9331,8526,sydney45@adventure-works.com,721A0979-D0FF-4932-BBB5-67D76DF21C75,2012-12-19 00:00:00.000
9332,8527,katherine50@adventure-works.com,019915B2-C8DD-4663-AEC5-CD26F9A2193B,2013-07-24 00:00:00.000
9333,8528,gilbert28@adventure-works.com,7DC6140F-525E-4085-A110-4435BAAB9AA9,2014-05-30 00:00:00.000
9334,8529,amanda45@adventure-works.com,3AFEB5F0-2ACE-49BF-8C87-88B25158FEAA,2014-03-16 00:00:00.000
9335,8530,stephanie51@adventure-works.com,C6B5F176-C431-4C9D-91F3-A45AB083A51D,2013-11-05 00:00:00.000
9336,8531,brendan5@adventure-works.com,277968F2-99B9-48E2-9AF5-5DB7CA2146BC,2014-03-11 00:00:00.000
9337,8532,hailey44@adventure-works.com,0693FD13-8BC7-4F34-A02D-17515A9539B7,2014-04-29 00:00:00.000
9338,8533,maria45@adventure-works.com,4E773027-D09F-41C4-932D-A7331FBEC6D6,2011-09-11 00:00:00.000
9339,8534,brendan6@adventure-works.com,9762BBAD-E4D0-4DB2-9571-5C90D78170B8,2012-06-18 00:00:00.000
9340,8535,brendan7@adventure-works.com,29141F45-B03F-48FE-8510-22535E01E082,2014-03-25 00:00:00.000
9341,8536,gabrielle46@adventure-works.com,B6E57583-F6AB-4D7A-A5E0-23E382149C32,2011-09-07 00:00:00.000
9342,8537,haley43@adventure-works.com,009B8EE6-E5E1-4C3A-8C4B-E12E27BBAF65,2014-04-16 00:00:00.000
9343,8538,brendan8@adventure-works.com,F0F01CE4-66E6-431E-89B4-55099E309503,2014-04-14 00:00:00.000
9344,8539,brendan9@adventure-works.com,D5CF4A99-5845-459A-A092-688760A61E04,2014-05-16 00:00:00.000
9345,8540,madeline1@adventure-works.com,E6102BDE-FDC6-4CB0-8A1D-48473F8BB096,2014-04-10 00:00:00.000
9346,8541,sophia1@adventure-works.com,ACAF8A4F-55D6-4BDC-8B3C-030940DB0F78,2014-04-10 00:00:00.000
9347,8542,mary15@adventure-works.com,8F9107C4-C76F-4507-B52E-DB27BBCC082B,2013-05-20 00:00:00.000
9348,8543,brendan10@adventure-works.com,6EAB0E2C-AFC6-4C0B-91C0-0BBB0B954AFC,2014-03-22 00:00:00.000
9349,8544,amber1@adventure-works.com,3843B76F-393A-4482-B40D-7DA42A6BFBDE,2013-11-20 00:00:00.000
9350,8545,brendan11@adventure-works.com,67E2460B-40C9-4C46-9F5D-CB64DF0F73E9,2013-03-26 00:00:00.000
9351,8546,courtney1@adventure-works.com,AD00F8E4-E2F2-4DAB-BEA2-2DEE7A5375CF,2011-06-03 00:00:00.000
9352,8547,brendan12@adventure-works.com,4FCF0DA5-85E8-4AA4-8479-345A0DF10D84,2012-07-19 00:00:00.000
9353,8548,gilbert29@adventure-works.com,0E39627E-ACC0-459E-A0A1-2A24DA4CCA95,2013-10-21 00:00:00.000
9354,8549,brendan13@adventure-works.com,9A7060EE-604C-4777-AA24-E83FFC8DB5B1,2012-03-16 00:00:00.000
9355,8550,jenna1@adventure-works.com,D79AF01C-6538-4C11-8BCF-AE671805BA68,2013-11-20 00:00:00.000
9356,8551,brendan14@adventure-works.com,09DC8792-2D35-435F-AFD8-E62685300B68,2014-05-29 00:00:00.000
9357,8552,jordan30@adventure-works.com,8C01FBF0-6F93-41B6-AAAC-344D88E79CF8,2013-10-14 00:00:00.000
9358,8553,brendan15@adventure-works.com,E9F66AAD-D7FC-48C9-83FE-F69AEC2F002A,2012-08-24 00:00:00.000
9359,8554,sierra1@adventure-works.com,836A4B02-4589-4C72-8F2B-5C80A482A5FB,2014-06-27 00:00:00.000
9360,8555,brendan16@adventure-works.com,E2E49644-487F-46FB-968F-EAD6BF5C0CB8,2013-09-03 00:00:00.000
9361,8556,mackenzie23@adventure-works.com,83A4A458-EC46-40A3-B3E7-3452AC410AF1,2014-01-10 00:00:00.000
9362,8557,brendan17@adventure-works.com,56DC836C-5FBC-487D-8F70-88897E79F78A,2012-11-17 00:00:00.000
9363,8558,brendan18@adventure-works.com,4A8317AF-5112-43A5-B508-E94FF44A7ABE,2013-05-26 00:00:00.000
9364,8559,gabriella22@adventure-works.com,A507BFBB-58CD-446F-BE10-3E9BF1347813,2013-09-27 00:00:00.000
9365,8560,brendan19@adventure-works.com,B185B1B8-E162-4AE9-9019-4F505F013490,2012-11-26 00:00:00.000
9366,8561,sara26@adventure-works.com,49C2A847-01E4-47A1-A961-89127D6C8D76,2014-05-08 00:00:00.000
9367,8562,jan11@adventure-works.com,2AF35A86-7A0D-470E-94D0-D945BA45E66B,2013-09-10 00:00:00.000
9368,8563,brendan20@adventure-works.com,A3A0D92C-2AE9-42F9-BD16-DFCC08C7F2FD,2014-04-18 00:00:00.000
9369,8564,brad1@adventure-works.com,FB23D186-C782-4FBF-9B86-CF49E492778A,2011-10-29 00:00:00.000
9370,8565,katelyn23@adventure-works.com,00376566-2B0E-479B-8E6F-8A2D6524F2BE,2014-05-04 00:00:00.000
9371,8566,savannah22@adventure-works.com,A6CD9464-9FD1-4A5A-842B-C99351951BDC,2012-07-29 00:00:00.000
9372,8567,kaylee21@adventure-works.com,0CB30961-475B-4A3B-A855-982DE98D1B28,2012-10-10 00:00:00.000
9373,8568,gilbert30@adventure-works.com,712AA8E9-5A1F-4483-BF5E-F29BD71190E5,2012-11-25 00:00:00.000
9374,8569,brad2@adventure-works.com,8BE0DC9A-D6F5-4B88-B09E-8AEB0A29EE99,2011-06-02 00:00:00.000
9375,8570,allison22@adventure-works.com,E177FF29-991D-43AE-AFDF-A512AF3C80B4,2012-04-03 00:00:00.000
9376,8571,brad3@adventure-works.com,A6A8A129-74CB-463B-99A4-4219CF8364FA,2012-09-17 00:00:00.000
9377,8572,andrea25@adventure-works.com,32CC9EB1-50D9-4C2D-A24E-DDA09FC03259,2013-09-15 00:00:00.000
9378,8573,brad4@adventure-works.com,90319D73-6F63-4EAD-A6FE-6A1472BCFD13,2014-05-28 00:00:00.000
9379,8574,chloe1@adventure-works.com,15B3BA23-E2FD-43CC-BCC4-C50C7A92223C,2014-05-27 00:00:00.000
9380,8575,julia4@adventure-works.com,E4D26EA4-0751-42F1-BBB9-599C68FAA22A,2014-06-01 00:00:00.000
9381,8576,jennifer6@adventure-works.com,47C996C0-9BF0-4AC8-B15D-5CBDC69A0A41,2011-11-07 00:00:00.000
9382,8577,brad5@adventure-works.com,12375DF1-2FA6-41FF-8804-384A545E8405,2014-02-27 00:00:00.000
9383,8578,kaitlyn2@adventure-works.com,B2FCF4B4-53B9-44CA-9104-729DBEBD75A0,2013-08-16 00:00:00.000
9384,8579,morgan2@adventure-works.com,349FB6EF-6576-4F20-8A6D-AA39C9A8E257,2013-11-03 00:00:00.000
9385,8580,isabella35@adventure-works.com,571602DD-7CCA-44A2-B34F-6E1183EFCF85,2013-07-06 00:00:00.000
9386,8581,natalie46@adventure-works.com,2961F05F-E49B-4B65-8C6F-76AE700DEB16,2013-04-30 00:00:00.000
9387,8582,brad6@adventure-works.com,1915FFD8-8B94-46D0-A06D-CD51C53C103E,2013-11-05 00:00:00.000
9388,8583,brad7@adventure-works.com,7E03061C-FB91-4C12-ACFA-E41E52FA0290,2014-02-20 00:00:00.000
9389,8584,alexandra46@adventure-works.com,7FC2CCCC-4948-4EFC-AA95-14911621FE66,2013-03-18 00:00:00.000
9390,8585,brad8@adventure-works.com,8691B40B-38B9-4A64-A5E3-7732117D450F,2014-04-23 00:00:00.000
9391,8586,brad9@adventure-works.com,B94BE490-9151-44AB-984E-D7CF6FD29736,2011-07-14 00:00:00.000
9392,8587,gilbert31@adventure-works.com,4653B2D0-36A5-43E7-9E8B-AB94E301A73C,2013-11-18 00:00:00.000
9393,8588,brad10@adventure-works.com,3F800098-4F67-4D07-BA21-ABCA6D374C78,2012-01-19 00:00:00.000
9394,8589,sydney46@adventure-works.com,77B52DFA-23A6-4AEF-9F1D-8D82795E1DD0,2012-11-01 00:00:00.000
9395,8590,katherine51@adventure-works.com,C55C03E0-ED8A-40AA-B568-30FC072C30F0,2013-09-16 00:00:00.000
9396,8591,brad11@adventure-works.com,51A996D2-2F19-4876-84D0-B6B3DC558C05,2013-07-20 00:00:00.000
9397,8592,amanda46@adventure-works.com,3B8B431F-B3C0-4D94-9305-6CBC0FB45DE3,2014-04-25 00:00:00.000
9398,8593,stephanie52@adventure-works.com,2B4BCCD9-DF1D-4055-8D07-B10657BF5E89,2012-02-27 00:00:00.000
9399,8594,brad12@adventure-works.com,549C6BC8-9256-4CEC-954C-4180B8C3021A,2013-12-25 00:00:00.000
9400,8595,hailey45@adventure-works.com,83786F62-D875-49F7-8C65-6352BF98005C,2013-08-11 00:00:00.000
9401,8596,maria46@adventure-works.com,4342388D-EE70-4627-851C-B95C5CD60702,2013-12-28 00:00:00.000
9402,8597,brad13@adventure-works.com,8240E871-33E4-4709-B84B-614CE3ED0141,2013-12-23 00:00:00.000
9403,8598,gabrielle47@adventure-works.com,F9EB1163-2B75-41C7-A088-B8728B2495DE,2014-02-18 00:00:00.000
9404,8599,brad14@adventure-works.com,05889DFC-E75D-4273-A7EC-E05281CF896C,2014-01-30 00:00:00.000
9405,8600,joan12@adventure-works.com,B1DACF3F-CC80-48B4-8826-473D8A00E066,2013-10-25 00:00:00.000
9406,8601,rebecca5@adventure-works.com,401ACF10-1E55-4560-85EE-03E4CBE198FF,2012-08-09 00:00:00.000
9407,8602,madeline2@adventure-works.com,0308063C-06B9-4DA1-908A-792080C1FC13,2013-07-29 00:00:00.000
9408,8603,brad15@adventure-works.com,34911FB0-8365-4286-BBFA-EE78F6154C26,2013-05-30 00:00:00.000
9409,8604,brad16@adventure-works.com,8BB83F11-1978-4F6C-94A0-43F0D78EEE59,2013-07-12 00:00:00.000
9410,8605,mary16@adventure-works.com,3F28A5B1-07E5-4FD7-BD3E-2A9949DF1B69,2013-12-27 00:00:00.000
9411,8606,amber2@adventure-works.com,88988853-AB12-4670-95D8-009631C7E4A5,2013-07-22 00:00:00.000
9412,8607,jenna2@adventure-works.com,F27B8563-7EBE-498C-9BC2-60A239D4FC6F,2014-05-05 00:00:00.000
9413,8608,brad17@adventure-works.com,C3718C92-70CC-4F64-917D-9747C58E10CF,2013-09-08 00:00:00.000
9414,8609,jordan31@adventure-works.com,760C86FC-109E-4F4C-8D34-787C7A509748,2013-11-09 00:00:00.000
9415,8610,sierra2@adventure-works.com,F321D43F-15E4-4B52-8E99-C4506CC44397,2013-07-23 00:00:00.000
9416,8611,brad18@adventure-works.com,9808F8C1-D81C-4730-AA0E-76ED5FB48D02,2011-11-18 00:00:00.000
9417,8612,brad19@adventure-works.com,7230601C-CD5A-4609-9822-0C2522FF073F,2013-10-16 00:00:00.000
9418,8613,bailey22@adventure-works.com,4A9C4168-DDA8-4D36-B146-5AEF9C69FB22,2013-10-25 00:00:00.000
9419,8614,gilbert32@adventure-works.com,89E9D498-1EF4-4782-9F61-FC191AF26E6D,2014-06-02 00:00:00.000
9420,8615,brad20@adventure-works.com,0E6E124B-059F-4812-96AA-135A488B3ECB,2013-12-17 00:00:00.000
9421,8616,mackenzie24@adventure-works.com,5EF2D072-594D-4F21-9170-7B9C93C6DB33,2014-03-03 00:00:00.000
9422,8617,brad21@adventure-works.com,90AA98A5-A02D-44D3-9F9A-5938596ADAA2,2013-08-22 00:00:00.000
9423,8618,gabriella23@adventure-works.com,43942E17-9397-4DDC-97FB-011A2F0C0AE1,2012-06-03 00:00:00.000
9424,8619,brad22@adventure-works.com,5F8057AC-8FA5-400A-8D10-EB9B9D04F753,2012-12-05 00:00:00.000
9425,8620,sara27@adventure-works.com,3C881C7B-C005-4B50-9E3D-A0993430DB20,2013-12-17 00:00:00.000
9426,8621,jada15@adventure-works.com,8DECC542-C74B-44F0-B3FB-BAFB0FFE69E7,2014-05-18 00:00:00.000
9427,8622,brad23@adventure-works.com,F1EFF97A-FD57-4E9C-975D-B4FAE7FA0400,2013-05-24 00:00:00.000
9428,8623,katelyn24@adventure-works.com,041F0070-9B43-4AC1-9271-F111AF456DE1,2014-05-17 00:00:00.000
9429,8624,jaime24@adventure-works.com,D845FA2C-61CE-41B0-9C41-F22F7F38876E,2013-10-12 00:00:00.000
9430,8625,savannah23@adventure-works.com,9A93E7A8-8ADF-4A73-9F47-13C6986E4922,2013-12-18 00:00:00.000
9431,8626,kaylee22@adventure-works.com,30D5A0FD-45F4-4C16-8795-0CBD5AD356F3,2012-09-30 00:00:00.000
9432,8627,jaime25@adventure-works.com,2E9274A7-9342-40A8-A681-BA6189E90434,2012-09-11 00:00:00.000
9433,8628,allison23@adventure-works.com,23796142-E478-418D-ACF5-0A50F17421F0,2014-05-04 00:00:00.000
9434,8629,andrea26@adventure-works.com,4BC02843-488B-4924-8CBE-4864180E6FAE,2012-05-08 00:00:00.000
9435,8630,jaime26@adventure-works.com,AD8EA8B8-2364-4267-8F59-C0476E913F4E,2011-08-02 00:00:00.000
9436,8631,jaime27@adventure-works.com,57E85773-B893-4310-90E3-66525502C010,2012-01-14 00:00:00.000
9437,8632,bailey23@adventure-works.com,8872B58B-42CF-4076-B9EA-1DF78A35628F,2013-05-20 00:00:00.000
9438,8633,mackenzie25@adventure-works.com,CEA35F75-0253-446B-A873-2E54A1A8C885,2013-11-15 00:00:00.000
9439,8634,jaime28@adventure-works.com,16819453-F3EE-4628-8E01-8C9A88DEDEC0,2011-06-30 00:00:00.000
9440,8635,gabriella24@adventure-works.com,2D767455-5746-4453-8A38-3049C23007A5,2014-05-06 00:00:00.000
9441,8636,sara28@adventure-works.com,3D29967B-FDDE-40FA-8629-9CA878137A67,2013-11-03 00:00:00.000
9442,8637,janet31@adventure-works.com,3D51D9FA-8902-425D-A8BD-C1CC65C909EC,2014-01-03 00:00:00.000
9443,8638,katelyn25@adventure-works.com,2F5C9213-E7E9-4435-B786-D7882D24B683,2013-10-17 00:00:00.000
9444,8639,gilbert33@adventure-works.com,5251F09F-E0DE-4B54-AAC6-168385FE2D37,2013-06-23 00:00:00.000
9445,8640,jaime29@adventure-works.com,0B166995-1CC6-49E4-9248-B2B61D8E87E3,2014-03-11 00:00:00.000
9446,8641,savannah24@adventure-works.com,3E3A51C1-30C9-4670-A676-FE25E60BEB54,2013-09-16 00:00:00.000
9447,8642,kaylee23@adventure-works.com,5B34195C-F730-44F7-8962-0E3CFB6A1A16,2013-12-14 00:00:00.000
9448,8643,jaime30@adventure-works.com,3BAA6E16-6439-49EA-9FC3-0A44D2B3B40B,2013-03-11 00:00:00.000
9449,8644,allison24@adventure-works.com,FB40A227-02CC-4FF8-8614-9E18F5E08033,2013-08-13 00:00:00.000
9450,8645,jaime31@adventure-works.com,8B76A1AC-2EC3-429B-8A57-9B28BDEC9CEF,2014-05-12 00:00:00.000
9451,8646,andrea27@adventure-works.com,8D340E02-714D-422E-BF96-787156C645DA,2012-11-27 00:00:00.000
9452,8647,jaime32@adventure-works.com,7B606A18-9B1F-4964-B10B-D20DEC8A4BB8,2014-02-26 00:00:00.000
9453,8648,catherine20@adventure-works.com,73CB0EB1-0DDD-4DE4-895E-83EEC5E9D82C,2013-10-09 00:00:00.000
9454,8649,danielle26@adventure-works.com,5907B092-4C04-41FD-9D67-8751ED6473D7,2014-01-19 00:00:00.000
9455,8650,jaime33@adventure-works.com,2CCA092B-4EB4-4E1A-9C1A-6F332EB90CDB,2013-07-20 00:00:00.000
9456,8651,jaime34@adventure-works.com,F347041B-8887-4A89-89D4-BCB5309601A1,2013-10-12 00:00:00.000
9457,8652,jaime35@adventure-works.com,52C08F40-5D47-414D-AF8E-EA2D665693B3,2014-02-21 00:00:00.000
9458,8653,alexa21@adventure-works.com,7E7869C6-A1FD-416F-80FA-A26BE5E60EFC,2013-01-30 00:00:00.000
9459,8654,christina21@adventure-works.com,03C076ED-52B0-4939-B6B8-C6247687C155,2014-06-22 00:00:00.000
9460,8655,jaime36@adventure-works.com,007F4550-B834-41E8-BA8B-788719BA9EB3,2011-11-19 00:00:00.000
9461,8656,gilbert34@adventure-works.com,8BD011BD-FB94-4AAD-ABFA-BC8CC7763E1E,2013-04-03 00:00:00.000
9462,8657,jaime37@adventure-works.com,F22F82BE-6EE0-4512-872F-565975B97936,2014-06-17 00:00:00.000
9463,8658,ariana21@adventure-works.com,CC295A2B-F8E4-4B6B-B00E-6F2FA62D44C2,2011-07-01 00:00:00.000
9464,8659,caitlin20@adventure-works.com,1D2E9E32-7367-4A9D-9BB6-97A2CC3BA665,2014-02-06 00:00:00.000
9465,8660,michelle23@adventure-works.com,1E6335A8-9164-476C-AAEC-D35E61245725,2013-11-04 00:00:00.000
9466,8661,jaime38@adventure-works.com,7989A81F-8A16-49AD-8EDD-08F680213736,2013-10-19 00:00:00.000
9467,8662,brooke21@adventure-works.com,7256FF5D-68E0-4954-953F-8501F1B2B348,2012-05-16 00:00:00.000
9468,8663,kimberly24@adventure-works.com,A0D39BC2-D734-4E3B-8872-77015444600C,2013-11-04 00:00:00.000
9469,8664,makayla18@adventure-works.com,455317B5-2073-45E6-9861-8767D51E5AC9,2014-03-04 00:00:00.000
9470,8665,shelby23@adventure-works.com,81B2544A-373A-4106-A908-06A2447C1F5F,2014-05-25 00:00:00.000
9471,8666,jaime39@adventure-works.com,D147C949-658F-44C4-9B4A-30F21EAC9378,2013-08-22 00:00:00.000
9472,8667,jaime40@adventure-works.com,87706B3D-314B-40D7-887F-7DB3116435FE,2014-01-15 00:00:00.000
9473,8668,erin26@adventure-works.com,87D7C148-4B24-4BED-AAB0-00F15A864A8E,2014-03-17 00:00:00.000
9474,8669,jade18@adventure-works.com,AA376A38-3387-4BB9-BAD8-A9FEF1F89713,2014-02-10 00:00:00.000
9475,8670,jaime41@adventure-works.com,EA117025-F1D7-46B7-B73F-D0C1B51F79AC,2011-07-18 00:00:00.000
9476,8671,margaret6@adventure-works.com,588BD0A6-B6FC-4F3F-8925-C2C576D91855,2014-01-07 00:00:00.000
9477,8672,melanie46@adventure-works.com,AD0DB343-F7C9-4B20-8533-BBB83E4DD9E0,2014-06-17 00:00:00.000
9478,8673,jaime42@adventure-works.com,782393A4-489C-4F6F-A8D9-7991C5769A4F,2014-03-08 00:00:00.000
9479,8674,alexandria43@adventure-works.com,F020035C-F3FD-449D-BEFB-11981EE4F159,2014-03-02 00:00:00.000
9480,8675,angela48@adventure-works.com,5785C17F-3B87-428D-BAB5-D63B511AFEDC,2014-02-15 00:00:00.000
9481,8676,jaime43@adventure-works.com,53F80434-A053-4D0B-8C23-385EC6FD70E1,2013-10-06 00:00:00.000
9482,8677,arianna44@adventure-works.com,D2C37F55-FD04-4B4A-848C-A399BE21EE5F,2013-11-28 00:00:00.000
9483,8678,jaime44@adventure-works.com,305DBA69-FFED-4BEB-9CEA-4D8D555B0184,2013-03-24 00:00:00.000
9484,8679,paige47@adventure-works.com,A1B0217E-705E-4BB9-AD1A-CD62679924F9,2013-12-18 00:00:00.000
9485,8680,jaime45@adventure-works.com,8AAC31D1-0522-48EC-9818-670A0F9CF7DD,2014-02-16 00:00:00.000
9486,8681,raul1@adventure-works.com,24B9BB44-3803-45F5-8366-A9F51EBB43B2,2014-01-17 00:00:00.000
9487,8682,faith38@adventure-works.com,E0010C78-315F-4435-A36D-E6A0E858FA6C,2012-04-22 00:00:00.000
9488,8683,don6@adventure-works.com,07B9DF5A-7293-4787-8F9B-A349A3E8CAD8,2013-11-27 00:00:00.000
9489,8684,gilbert35@adventure-works.com,B636A15D-0802-4C33-A584-8BF0389F67DD,2011-07-03 00:00:00.000
9490,8685,raul2@adventure-works.com,69F6A554-3B6F-44E2-81F6-01FD55AC0225,2012-07-26 00:00:00.000
9491,8686,raul3@adventure-works.com,3E44FBCB-9C91-4990-A444-E3F7DA572644,2013-12-12 00:00:00.000
9492,8687,melissa44@adventure-works.com,B8D885D7-3A18-47A8-8174-719A66D9618B,2013-11-18 00:00:00.000
9493,8688,riley40@adventure-works.com,DF555679-81CE-47A5-8090-04668B08E242,2014-05-09 00:00:00.000
9494,8689,bailey24@adventure-works.com,97633D2B-F0A3-4D8F-970B-872D36824653,2014-04-08 00:00:00.000
9495,8690,mackenzie26@adventure-works.com,E16B477F-7259-43C6-A080-E6C8547E93E9,2014-02-04 00:00:00.000
9496,8691,gabriella25@adventure-works.com,9CBA8A2D-86B0-4A49-82F9-31D9B07A0CAB,2013-12-23 00:00:00.000
9497,8692,sara29@adventure-works.com,2E0A1962-1C85-4A53-83C7-4D0A7275DA2D,2014-05-23 00:00:00.000
9498,8693,raul4@adventure-works.com,D1266885-3228-47B9-85DA-02A0A25F17C3,2013-11-30 00:00:00.000
9499,8694,jada16@adventure-works.com,E57CF24A-EA2A-406C-A0C3-675A4E98482A,2012-10-29 00:00:00.000
9500,8695,katelyn26@adventure-works.com,32354EC7-7D03-4246-A680-98B225F5349D,2012-02-20 00:00:00.000
9501,8696,raul5@adventure-works.com,0585400D-E402-40B6-867F-224584048CF1,2013-11-11 00:00:00.000
9502,8697,savannah25@adventure-works.com,73191902-86C5-4E6A-81A6-FA6E0ADEAE55,2013-09-27 00:00:00.000
9503,8698,raul6@adventure-works.com,BE0DBBC8-DC56-4DC8-8638-4AA3846F2B73,2012-03-05 00:00:00.000
9504,8699,kaylee24@adventure-works.com,B809425C-A2DD-4D67-989F-0CF37389E79B,2011-09-19 00:00:00.000
9505,8700,allison25@adventure-works.com,90B9C329-E236-44A7-87F3-2915B0B83BE1,2013-11-19 00:00:00.000
9506,8701,andrea28@adventure-works.com,D45A1069-B547-4071-946C-55DAADA2C615,2013-12-05 00:00:00.000
9507,8702,catherine21@adventure-works.com,C0D5EF9F-DCEB-4009-983B-FF7A0AB3F7A5,2013-07-23 00:00:00.000
9508,8703,raul7@adventure-works.com,83D5E982-DB52-4BAE-A730-CB6725672763,2013-03-01 00:00:00.000
9509,8704,danielle27@adventure-works.com,16C08E34-BCC1-4CFB-9A43-8CAF190A6EB4,2014-02-12 00:00:00.000
9510,8705,zoe22@adventure-works.com,8A2B561E-3514-4763-B69A-6CA4EF19669E,2013-12-17 00:00:00.000
9511,8706,raul8@adventure-works.com,A718EC07-0DA6-48D1-BDDF-B6FDC957E153,2011-06-28 00:00:00.000
9512,8707,alexa22@adventure-works.com,1E196406-40D5-4751-ADF4-4C03F813BA86,2013-09-17 00:00:00.000
9513,8708,raul9@adventure-works.com,89DF78BF-2E26-4B9C-B123-D7FBA40C557E,2014-05-11 00:00:00.000
9514,8709,christina22@adventure-works.com,0BF7E09C-121E-4887-993E-D2878227B0CA,2013-08-18 00:00:00.000
9515,8710,ariana22@adventure-works.com,625837F4-E83F-4F16-AF3C-71DDC9A64766,2012-03-19 00:00:00.000
9516,8711,caitlin21@adventure-works.com,0D57AC76-3031-41AE-9FB3-6A899D6FEF5A,2014-04-30 00:00:00.000
9517,8712,raul10@adventure-works.com,525C44FF-7939-4044-83C0-B277F47412DD,2013-07-23 00:00:00.000
9518,8713,michelle24@adventure-works.com,C4D0E490-60E9-4369-8B07-94C3199B3064,2012-11-15 00:00:00.000
9519,8714,brooke22@adventure-works.com,7250EA72-C800-4746-8710-5191E2837228,2014-02-25 00:00:00.000
9520,8715,kimberly25@adventure-works.com,03C96376-D11B-42D7-9E1A-E45E63D40DC4,2013-08-02 00:00:00.000
9521,8716,raul11@adventure-works.com,CCA8A8A1-3897-49A5-BE00-345EEED26F0C,2013-10-17 00:00:00.000
9522,8717,makayla19@adventure-works.com,352C77DE-50BE-485B-8848-B0F8FBFB3895,2014-05-27 00:00:00.000
9523,8718,raul12@adventure-works.com,61055D90-1236-45AF-ADD0-DFEFED5FBBA5,2013-07-02 00:00:00.000
9524,8719,shelby24@adventure-works.com,862F2130-3651-4A61-8EC4-5667C0A1FC8B,2013-11-27 00:00:00.000
9525,8720,trinity20@adventure-works.com,F4C66B67-0889-46BE-8BEF-A9A0F6BD0EC3,2013-04-26 00:00:00.000
9526,8721,raul13@adventure-works.com,A2D8E9D9-AF8E-4AEE-81C5-DD635ED95521,2012-11-05 00:00:00.000
9527,8722,erin27@adventure-works.com,D2573A02-728F-4FED-9B91-5ED2F821D74A,2011-12-17 00:00:00.000
9528,8723,jade19@adventure-works.com,9AF64B8C-8DD4-48B7-A738-164FFBDEBC95,2013-07-01 00:00:00.000
9529,8724,raul14@adventure-works.com,FF425BD8-15B3-48FA-A8F4-87624B599ABD,2013-03-15 00:00:00.000
9530,8725,mariah44@adventure-works.com,C5383519-8929-4C17-BBEC-466409E5F3A3,2013-07-28 00:00:00.000
9531,8726,melanie47@adventure-works.com,0C133DA6-A46D-46A1-A96B-C8B7B65C8F4F,2011-06-05 00:00:00.000
9532,8727,alexandria44@adventure-works.com,59C72C0C-D440-4F55-ABBA-6F0673965812,2014-02-18 00:00:00.000
9533,8728,raul15@adventure-works.com,BF5186D8-D8A9-4722-9B1E-FFB497DFF758,2013-03-26 00:00:00.000
9534,8729,angela49@adventure-works.com,0F54C2E7-1C0D-4FD3-A337-3E35A5F04E62,2014-04-26 00:00:00.000
9535,8730,raul16@adventure-works.com,26D7FC60-FEEE-465C-9A73-88C1F577B8C2,2014-05-18 00:00:00.000
9536,8731,natalie47@adventure-works.com,1DC0700A-AADF-42B0-A25F-EC681B4E734C,2012-01-13 00:00:00.000
9537,8732,alexandra47@adventure-works.com,A3E0FFF8-D3E5-491C-8B32-5C0ECD1A6C8C,2014-01-11 00:00:00.000
9538,8733,raul17@adventure-works.com,A5BC967D-20FA-4942-95E9-ACB5413BD68C,2014-03-15 00:00:00.000
9539,8734,raul18@adventure-works.com,8A141C8D-E9EC-4CF4-AED0-495DDCE8AB41,2014-03-24 00:00:00.000
9540,8735,sydney47@adventure-works.com,79632B1E-4A32-4B7A-A3F3-58B65F6402C7,2013-11-09 00:00:00.000
9541,8736,katherine52@adventure-works.com,B58415F6-F36A-4B49-9CF3-3DC95CCE0CF9,2014-02-05 00:00:00.000
9542,8737,amanda47@adventure-works.com,2FEDB177-CD8C-4C45-96FF-DD93A8DB7B41,2014-02-09 00:00:00.000
9543,8738,raul19@adventure-works.com,5C5AB15E-FA8D-4FA7-A925-63E41A291668,2013-09-20 00:00:00.000
9544,8739,stephanie53@adventure-works.com,FB626DCC-CF80-4D93-881B-1FB212FDC22F,2014-03-15 00:00:00.000
9545,8740,hailey46@adventure-works.com,AEABCCD8-9AE0-4B1C-A0AD-53F8477AC258,2013-12-19 00:00:00.000
9546,8741,darrell11@adventure-works.com,EEF1AB9E-0A07-4663-B8F4-04B00C96E99B,2013-11-04 00:00:00.000
9547,8742,darrell12@adventure-works.com,EA4E603C-25D9-4804-BB5B-70E3CF40ECCE,2014-04-17 00:00:00.000
9548,8743,maria47@adventure-works.com,58AA1095-9C5A-4A19-8BEA-39976A382F4D,2013-06-10 00:00:00.000
9549,8744,gabrielle48@adventure-works.com,24A488F5-D3E0-49D0-8650-5306CBDF9120,2013-09-07 00:00:00.000
9550,8745,rebecca6@adventure-works.com,9BA3E206-2A7C-498C-9FC1-CCA255909EEE,2014-02-07 00:00:00.000
9551,8746,madeline3@adventure-works.com,F8265A22-D7CC-44DC-89B6-8049798FF2F2,2013-10-09 00:00:00.000
9552,8747,darrell13@adventure-works.com,F8BAF17D-0963-4C52-A7D0-010F5F2F139A,2014-03-27 00:00:00.000
9553,8748,sophia2@adventure-works.com,B0529F7F-13C3-4285-82BC-A7DF24B1A8A3,2013-03-14 00:00:00.000
9554,8749,mary17@adventure-works.com,02AB2209-3F31-4046-9F81-1DD027253E3D,2011-12-27 00:00:00.000
9555,8750,amber3@adventure-works.com,11547535-622E-4BB7-87CC-C499CB5FD339,2013-03-09 00:00:00.000
9556,8751,jenna3@adventure-works.com,25534E1B-0C2E-4ECC-B670-C7E482A0375F,2014-03-30 00:00:00.000
9557,8752,gilbert36@adventure-works.com,D5E2F8DB-C659-463A-9759-97334F06F5DE,2014-04-03 00:00:00.000
9558,8753,darrell14@adventure-works.com,5F2B76D9-C534-4052-8308-2798BF01CAF1,2013-12-01 00:00:00.000
9559,8754,jordan32@adventure-works.com,08684D30-F97E-4D1A-B31B-5950FFDB9A0C,2013-11-17 00:00:00.000
9560,8755,darrell15@adventure-works.com,27A3C0B1-9808-4142-B956-AA4C5BFA3B64,2013-09-08 00:00:00.000
9561,8756,sierra3@adventure-works.com,0D612275-B3B7-4622-8EC7-3B44CC7232AF,2012-03-04 00:00:00.000
9562,8757,bailey25@adventure-works.com,C6D2E0F7-12EF-4B7F-AD32-5CBEA3A3F50F,2013-11-25 00:00:00.000
9563,8758,darrell16@adventure-works.com,88407A2A-6405-4D6C-99A5-2CD3278EF703,2013-05-16 00:00:00.000
9564,8759,mackenzie27@adventure-works.com,FC77177C-44D9-4E98-879C-7E6FC9883CC2,2014-05-18 00:00:00.000
9565,8760,darrell17@adventure-works.com,B0EC364D-A3AB-4FD3-B089-24AF70FCCD0F,2013-10-14 00:00:00.000
9566,8761,gabriella26@adventure-works.com,A15E2825-396B-4D55-B1C6-9D34C0E86916,2012-09-19 00:00:00.000
9567,8762,sara30@adventure-works.com,B04B0321-E6E8-42C7-BABA-AD7D2E6D6779,2013-11-03 00:00:00.000
9568,8763,darrell18@adventure-works.com,85817B58-8C74-4011-8F7B-97526FC935ED,2014-03-29 00:00:00.000
9569,8764,jada17@adventure-works.com,ABEF6624-5DB9-447E-BAC6-DCCD4FD9AF13,2013-12-22 00:00:00.000
9570,8765,katelyn27@adventure-works.com,01EE7285-CEF8-48BF-9F46-737C85B3EA18,2013-07-28 00:00:00.000
9571,8766,darrell19@adventure-works.com,A1EF1641-D8BA-4DA1-9613-D0010D3BF872,2014-01-11 00:00:00.000
9572,8767,savannah26@adventure-works.com,B18A3C5B-B52C-4B0A-BB05-8D4A9D6F8A02,2013-09-20 00:00:00.000
9573,8768,kaylee25@adventure-works.com,B2B4DA16-5260-4197-BDA8-289048FB6DEE,2014-06-01 00:00:00.000
9574,8769,darrell20@adventure-works.com,3DB844F9-E332-4A1E-B798-EC024C8C9014,2013-12-18 00:00:00.000
9575,8770,allison26@adventure-works.com,DC1194E9-1BF3-406B-A192-D5CB8486F7DA,2011-10-31 00:00:00.000
9576,8771,andrea29@adventure-works.com,35DA2FD2-AA08-488C-89E8-EC8875AABB7A,2013-10-14 00:00:00.000
9577,8772,kristi0@adventure-works.com,1236549D-31B8-4347-8600-BB233886E09E,2014-05-12 00:00:00.000
9578,8773,chloe2@adventure-works.com,8A404C40-DA31-4464-8598-CC15CDBE041D,2013-01-11 00:00:00.000
9579,8774,judith2@adventure-works.com,32934180-D76A-43C0-A5ED-19AB2BC0CCE2,2013-11-21 00:00:00.000
9580,8775,kristi1@adventure-works.com,3B676997-9ACD-4D3C-B7F2-2F33BFD1F467,2014-01-18 00:00:00.000
9581,8776,jennifer7@adventure-works.com,FE12F68B-76F3-4E8D-AE42-8FF5C76FA131,2013-07-22 00:00:00.000
9582,8777,gilbert37@adventure-works.com,4EB7CE0F-40BA-45A7-BDDE-C0263622E064,2014-05-23 00:00:00.000
9583,8778,kaitlyn3@adventure-works.com,CE199362-6E7C-4D5A-95DD-BFCEAF3C782F,2014-04-11 00:00:00.000
9584,8779,morgan3@adventure-works.com,E7A0621F-FB33-4A6C-8E0F-6AEE581616CC,2013-10-18 00:00:00.000
9585,8780,kristi2@adventure-works.com,EE4C29D7-2F2B-446B-A50C-14075AA1B9C5,2012-12-01 00:00:00.000
9586,8781,natalie48@adventure-works.com,F37E4743-1066-46A4-9CB0-3DE2B71155C9,2014-04-18 00:00:00.000
9587,8782,kristi3@adventure-works.com,DDE729CE-C502-48F5-960B-BF83AA0E30C2,2013-06-30 00:00:00.000
9588,8783,alexandra48@adventure-works.com,F41E6F83-802E-4ED4-AD08-CE6A6298C0AB,2014-03-22 00:00:00.000
9589,8784,kristi4@adventure-works.com,0A2EBBE6-79DF-422E-BEBB-58E74FF4908A,2013-08-18 00:00:00.000
9590,8785,kristi5@adventure-works.com,267F1C7D-038B-4D70-A6B3-A7422E33F5FD,2014-04-05 00:00:00.000
9591,8786,katherine53@adventure-works.com,895A2829-ED91-4159-85A3-50A9D50EA8D0,2014-05-29 00:00:00.000
9592,8787,kristi6@adventure-works.com,DD0531C8-96DE-41AE-BF33-248D874C2106,2013-11-12 00:00:00.000
9593,8788,kristi7@adventure-works.com,BB119AE7-8A8E-466D-84B4-983079EBA391,2012-04-28 00:00:00.000
9594,8789,kristi8@adventure-works.com,672F57AC-0745-4D15-AD9F-CE93951B535D,2012-12-16 00:00:00.000
9595,8790,amanda48@adventure-works.com,5DD60E56-1D10-4464-AB28-312AD39A4E8E,2012-07-05 00:00:00.000
9596,8791,kristi9@adventure-works.com,B63E0373-363A-4046-9E93-2C4588553376,2014-01-11 00:00:00.000
9597,8792,pieter1@adventure-works.com,04C7C304-AFDC-4042-B002-B414A58B9D3E,2013-08-18 00:00:00.000
9598,8793,hailey47@adventure-works.com,40B4221E-F40D-4336-A5DC-A54139319730,2012-01-17 00:00:00.000
9599,8794,gilbert38@adventure-works.com,DD18FCC5-F52F-4B2C-B7D3-194FA5BF7FE9,2013-11-26 00:00:00.000
9600,8795,kristi10@adventure-works.com,A918A4EB-9310-4F88-9FE8-55B5811D369D,2014-03-23 00:00:00.000
9601,8796,maria48@adventure-works.com,EA576BFD-DC2A-4DA4-B2D5-C8F35A45BEEB,2014-04-03 00:00:00.000
9602,8797,kristi11@adventure-works.com,BE125B48-9A63-41C2-B1B1-86282AE356F0,2014-02-06 00:00:00.000
9603,8798,gabrielle49@adventure-works.com,76FEF243-1FFD-479B-803C-E8856FEEF181,2011-07-12 00:00:00.000
9604,8799,kristi12@adventure-works.com,FF5B7FE3-5027-4766-B00A-49504D468ECA,2012-05-01 00:00:00.000
9605,8800,haley44@adventure-works.com,BD8E5F5C-8C16-4D30-A9B2-2CAE6A5A73BD,2013-10-29 00:00:00.000
9606,8801,kristi13@adventure-works.com,263A73B5-F2AE-416A-ADC5-5C22861F9B5F,2013-11-05 00:00:00.000
9607,8802,rebecca7@adventure-works.com,7B7FB243-689A-4B0C-911E-541D0636E8BD,2014-05-21 00:00:00.000
9608,8803,madeline4@adventure-works.com,7C4DA8AE-0AFB-4A01-9694-DD8E0D4D5F49,2014-04-18 00:00:00.000
9609,8804,kristi14@adventure-works.com,97000CEB-2C71-4145-9D14-D81BA93150C4,2014-01-13 00:00:00.000
9610,8805,sophia3@adventure-works.com,4AFDDE91-C97F-4880-A3C7-80375F267AF3,2012-06-12 00:00:00.000
9611,8806,mary18@adventure-works.com,6ECB6975-A39F-4A77-A22A-39DA1FA7E260,2013-12-08 00:00:00.000
9612,8807,amber4@adventure-works.com,B4913761-3D83-4C96-9271-28C5184157C4,2013-12-16 00:00:00.000
9613,8808,kristi15@adventure-works.com,2812DAA0-26D7-4F85-920C-9D54779EF505,2012-11-28 00:00:00.000
9614,8809,courtney2@adventure-works.com,CB9C691F-C6A9-4202-824C-70341133E804,2011-12-06 00:00:00.000
9615,8810,jenna4@adventure-works.com,73EBEF78-6FE4-42D8-8DFB-919297ECEF86,2013-12-04 00:00:00.000
9616,8811,kristi16@adventure-works.com,3B84B728-0AE0-4834-A88F-A5111B615F57,2014-02-02 00:00:00.000
9617,8812,jordan33@adventure-works.com,660CA10B-8730-45CA-834C-A92E59534024,2012-07-23 00:00:00.000
9618,8813,sierra4@adventure-works.com,D41C89D9-2E88-4AAE-8B7C-65A7523A310D,2014-05-25 00:00:00.000
9619,8814,bailey26@adventure-works.com,87CBBAFA-F35A-40A4-91F4-06DAA7758EC4,2014-04-20 00:00:00.000
9620,8815,ebony0@adventure-works.com,583C9752-6E3E-4D88-8CFF-762EFBFBA351,2013-06-21 00:00:00.000
9621,8816,gabriella27@adventure-works.com,522FF106-4695-4A0B-8D64-1DD48A9E5B81,2014-04-12 00:00:00.000
9622,8817,gilbert39@adventure-works.com,B6466B96-D326-47BB-B3C9-EA67B992AAC3,2013-04-26 00:00:00.000
9623,8818,ebony1@adventure-works.com,FF56F6EC-118B-4CB7-9659-A3B2066A1949,2011-09-30 00:00:00.000
9624,8819,masaki0@adventure-works.com,E13A0A13-C38E-461B-A444-3B306DF85F00,2013-09-11 00:00:00.000
9625,8820,janet32@adventure-works.com,510B44B8-3FDF-4F27-947E-F8CA0323A626,2013-08-05 00:00:00.000
9626,8821,ebony2@adventure-works.com,ADFB8249-27FD-4B90-A9CD-67B06AAFA169,2014-04-05 00:00:00.000
9627,8822,savannah27@adventure-works.com,B96E2DB6-151C-4105-AF8C-F6591C8D52B4,2013-11-30 00:00:00.000
9628,8823,ebony3@adventure-works.com,26656DCD-88CA-43C1-8695-3EF7E3032CA5,2013-12-24 00:00:00.000
9629,8824,kaylee26@adventure-works.com,06AA2ACC-41EB-4B09-9597-4F01A661928D,2013-12-05 00:00:00.000
9630,8825,allison27@adventure-works.com,8377A835-C956-4673-80AB-7F864DA26824,2014-05-15 00:00:00.000
9631,8826,ebony4@adventure-works.com,223AF1A2-84F5-42F6-AB6A-DAD06CF1FFBD,2013-11-04 00:00:00.000
9632,8827,ebony5@adventure-works.com,81E724D5-8731-4591-AF38-1FF9998F793F,2013-02-10 00:00:00.000
9633,8828,andrea30@adventure-works.com,D789AF35-4ADB-4860-9D2B-C0A3F9355DE7,2012-06-19 00:00:00.000
9634,8829,ebony6@adventure-works.com,071E50B6-0626-48A5-B63B-5F55CF9F93AA,2014-06-19 00:00:00.000
9635,8830,ebony7@adventure-works.com,6C7D59D7-2FD0-4EEF-8627-89F9AC37EE26,2014-06-23 00:00:00.000
9636,8831,chloe3@adventure-works.com,D275003D-8F92-4B01-8A41-8AD302F54D82,2014-05-21 00:00:00.000
9637,8832,julia5@adventure-works.com,9C67F558-D12A-4BFC-935F-27A3FE85D7E1,2013-11-19 00:00:00.000
9638,8833,ebony8@adventure-works.com,891F6F79-B95F-43BB-8FAF-6CC25365D610,2013-02-12 00:00:00.000
9639,8834,ebony9@adventure-works.com,27C4F21B-CF36-4407-8125-1772CADB2BEE,2013-04-05 00:00:00.000
9640,8835,gilbert40@adventure-works.com,DF6CE1B4-7304-4BC3-915A-4630AC2EC38C,2011-11-21 00:00:00.000
9641,8836,ebony10@adventure-works.com,734098B6-2A9F-4855-B7C6-CC1A09C97D11,2012-11-30 00:00:00.000
9642,8837,jennifer8@adventure-works.com,609FAE86-9FBE-47CE-9004-8DD6B6429291,2014-04-08 00:00:00.000
9643,8838,ebony11@adventure-works.com,EF5911D9-9CDE-4B02-B729-A091C1908E18,2014-06-16 00:00:00.000
9644,8839,kaitlyn4@adventure-works.com,B39C8A06-405D-4DC4-82B9-4B3799A06818,2014-01-07 00:00:00.000
9645,8840,ebony12@adventure-works.com,B9DBA913-779F-4937-9550-055440631038,2013-07-30 00:00:00.000
9646,8841,morgan4@adventure-works.com,48D94849-788E-4B62-B84E-28BFADB1A444,2011-06-14 00:00:00.000
9647,8842,isabella36@adventure-works.com,102149E7-608F-4974-BEB9-A3EE8AFFB1E7,2014-03-11 00:00:00.000
9648,8843,ebony13@adventure-works.com,1AA57F70-A349-4B19-93C5-CF802608DE61,2013-12-15 00:00:00.000
9649,8844,natalie49@adventure-works.com,F98B7BE5-A435-48B6-A78A-11888781C59E,2013-06-09 00:00:00.000
9650,8845,ebony14@adventure-works.com,F1B19C25-4110-4453-B6A8-5A16B01E324B,2012-10-11 00:00:00.000
9651,8846,ebony15@adventure-works.com,5FAC76C0-0468-4444-B688-E4972CCDA23E,2012-01-19 00:00:00.000
9652,8847,ebony16@adventure-works.com,548D778F-65E6-4575-8557-E0BA1EE3F721,2014-06-07 00:00:00.000
9653,8848,ebony17@adventure-works.com,4D773EB3-8E71-4C3D-8F7A-742D26296358,2014-06-12 00:00:00.000
9654,8849,sydney48@adventure-works.com,46574A9F-A0D7-4095-BDC9-9CF71A2B622A,2014-04-24 00:00:00.000
9655,8850,ebony18@adventure-works.com,BF99D64C-E011-4017-97D5-94087C0E7C72,2014-01-02 00:00:00.000
9656,8851,katherine54@adventure-works.com,7F594FE3-C85F-47DE-8CF7-F95B1CD1C446,2014-03-30 00:00:00.000
9657,8852,ebony19@adventure-works.com,1A161A57-F228-450D-AD4B-EC27041575E5,2011-07-04 00:00:00.000
9658,8853,amanda49@adventure-works.com,33A21436-F19D-4FC8-A553-269884C5404F,2013-08-25 00:00:00.000
9659,8854,gilbert41@adventure-works.com,A6FDE346-7BE3-468B-849A-75F4BC26F8F8,2013-12-15 00:00:00.000
9660,8855,ebony20@adventure-works.com,097073B7-520D-4C5B-A941-E5750F601B9E,2013-12-10 00:00:00.000
9661,8856,hailey48@adventure-works.com,1D0A358B-C625-4A92-998C-7F2B14BA0EA6,2014-03-03 00:00:00.000
9662,8857,maria49@adventure-works.com,5D82EA47-B312-4331-8C8C-5857116C9EEF,2014-05-09 00:00:00.000
9663,8858,ebony21@adventure-works.com,61BEB806-019F-4AAE-98AC-96E278678C4E,2012-09-24 00:00:00.000
9664,8859,haley45@adventure-works.com,BFDDF309-5B86-44DC-A884-B5C2D8922622,2014-05-02 00:00:00.000
9665,8860,ebony22@adventure-works.com,3A9C81D6-8C92-432E-813B-E2616DF593A2,2013-04-06 00:00:00.000
9666,8861,rebecca8@adventure-works.com,3BA5D25A-22F1-44FC-9181-80428F06F9B0,2011-12-24 00:00:00.000
9667,8862,madeline5@adventure-works.com,EC510FC3-B74F-4F60-A822-F6EC7D414BFD,2014-05-28 00:00:00.000
9668,8863,ebony23@adventure-works.com,2F3D56C9-D9EC-4629-869A-1DF00B904225,2014-06-02 00:00:00.000
9669,8864,ebony24@adventure-works.com,5D452AA5-F5D6-467A-83DA-ADE8E333E64B,2014-04-17 00:00:00.000
9670,8865,sophia4@adventure-works.com,7D291E89-4B73-49CB-BFA3-B2CD04A22AA9,2013-07-14 00:00:00.000
9671,8866,ebony25@adventure-works.com,54B6717E-3341-4C72-BC28-09CC281434A1,2013-08-05 00:00:00.000
9672,8867,mary19@adventure-works.com,57D9EA53-2155-4C3B-9A9B-D43F5855D2D5,2013-07-18 00:00:00.000
9673,8868,amber5@adventure-works.com,042F73D1-073A-420B-8F22-264DA052F98D,2013-11-06 00:00:00.000
9674,8869,courtney3@adventure-works.com,1FBE8A57-3DE4-48B2-8CB1-9C87BA1FC06C,2011-10-08 00:00:00.000
9675,8870,ebony26@adventure-works.com,3D54EFB5-E437-4A43-9B95-D71AEECCAC85,2013-01-19 00:00:00.000
9676,8871,jenna5@adventure-works.com,6E77F941-5975-4B70-819F-22F508AD3C96,2014-02-06 00:00:00.000
9677,8872,jordan34@adventure-works.com,A93C2F0E-D5BE-41C3-AC7A-424F507F6BC9,2013-09-05 00:00:00.000
9678,8873,ebony27@adventure-works.com,B02120EB-4484-4D34-9D5A-30C2B77F60E8,2014-04-22 00:00:00.000
9679,8874,sierra5@adventure-works.com,8A987F52-EA0E-4EED-B96E-C2F9E2C48C8D,2014-06-07 00:00:00.000
9680,8875,ebony28@adventure-works.com,67479CB5-913E-4902-9C69-40E7146242E7,2012-04-10 00:00:00.000
9681,8876,gilbert42@adventure-works.com,547CC71E-3054-4FCF-A330-78416C7CCF3C,2013-11-16 00:00:00.000
9682,8877,ebony29@adventure-works.com,89EA4547-74BC-42C4-A656-C7A2371D683C,2012-10-20 00:00:00.000
9683,8878,bailey27@adventure-works.com,439C4D3C-98E8-4E59-923E-98AF8513B930,2013-08-07 00:00:00.000
9684,8879,ebony30@adventure-works.com,00343E8E-B741-4CD9-94FE-F7CEE9CCCD66,2012-11-16 00:00:00.000
9685,8880,mackenzie28@adventure-works.com,4FDA40A7-E398-490E-A9EE-D52FE11A7271,2013-08-03 00:00:00.000
9686,8881,ebony31@adventure-works.com,61AD60EF-F03E-405B-85DA-1E279C545A17,2011-06-16 00:00:00.000
9687,8882,gabriella28@adventure-works.com,4A114117-A17B-4579-A461-702842C16780,2013-08-17 00:00:00.000
9688,8883,ebony32@adventure-works.com,1CAB01FA-FEFA-49B9-A503-8F53FE20B931,2014-05-06 00:00:00.000
9689,8884,sara31@adventure-works.com,D68BEAA4-1C57-483A-9F3A-ED5D00409308,2013-12-27 00:00:00.000
9690,8885,jada18@adventure-works.com,6C472836-5267-4428-BE8C-E264F04905DC,2013-11-12 00:00:00.000
9691,8886,katelyn28@adventure-works.com,FF38D84E-EEFE-42AC-9862-56F1C0BC3C55,2012-12-02 00:00:00.000
9692,8887,ebony33@adventure-works.com,4F99A16A-CFD1-4BE2-9EE0-DD9B8A2E32D6,2011-11-02 00:00:00.000
9693,8888,savannah28@adventure-works.com,AF734023-39C4-4E34-A289-640808C25BFB,2013-11-04 00:00:00.000
9694,8889,carol10@adventure-works.com,1850FF33-87E9-4799-88B8-F1F98370AF9D,2014-05-29 00:00:00.000
9695,8890,ebony34@adventure-works.com,51940A82-B4F3-4604-BA3F-B8A07376A15D,2013-07-30 00:00:00.000
9696,8891,kaylee27@adventure-works.com,75174FBE-1500-4CB8-985D-F904CFA654EA,2012-12-30 00:00:00.000
9697,8892,allison28@adventure-works.com,EE268FD9-CF4F-46FD-AE28-186C2C6633C5,2013-09-19 00:00:00.000
9698,8893,ebony35@adventure-works.com,7E26B700-D34E-47F1-99AB-7A1E46AB339C,2013-10-14 00:00:00.000
9699,8894,andrea31@adventure-works.com,1F5CAE5D-16C4-4DC3-9194-D25BA19466B5,2013-10-26 00:00:00.000
9700,8895,chloe4@adventure-works.com,12F1DCEA-4518-4A31-9C82-95FA514B7845,2013-07-02 00:00:00.000
9701,8896,julia6@adventure-works.com,194AC560-99A1-4786-8B96-D57588231E8E,2013-10-03 00:00:00.000
9702,8897,ebony36@adventure-works.com,1D5B3390-513E-45CD-8E24-F2E70DA5D093,2014-04-29 00:00:00.000
9703,8898,jennifer9@adventure-works.com,97A9F0A1-4E07-4D71-89FA-373A0EDA81F9,2014-02-22 00:00:00.000
9704,8899,damien14@adventure-works.com,F1238330-26ED-47DB-BE5E-2A4DACB5F7D5,2013-10-14 00:00:00.000
9705,8900,arturo0@adventure-works.com,D94DEAF5-4ECF-42B2-A298-75E691181863,2014-01-20 00:00:00.000
9706,8901,ebony37@adventure-works.com,D689EE57-EEB9-4765-A3E0-844E26DA1EA2,2014-02-23 00:00:00.000
9707,8902,carol11@adventure-works.com,C894553B-A0D5-4355-82A1-AC35A9FEE053,2013-07-02 00:00:00.000
9708,8903,ebony38@adventure-works.com,F366615E-5AE2-498E-B513-E91D1E2D3966,2012-11-23 00:00:00.000
9709,8904,kaitlyn5@adventure-works.com,00BACBE1-D44E-4429-96B9-B5D1D75CF741,2013-06-08 00:00:00.000
9710,8905,morgan5@adventure-works.com,AD1D19E7-E135-471B-94C4-80F8AAA500C1,2013-08-02 00:00:00.000
9711,8906,isabella37@adventure-works.com,4ECE207F-A13F-43D8-9D39-2260172045BD,2012-07-29 00:00:00.000
9712,8907,ebony39@adventure-works.com,6EDBB72D-03C6-4FED-945A-8587FB44B255,2012-12-04 00:00:00.000
9713,8908,natalie50@adventure-works.com,4B4898A2-4580-485D-8CD2-7A8C4FD4DAAE,2014-05-30 00:00:00.000
9714,8909,alexandra49@adventure-works.com,B198FC4E-68FC-466A-9586-71E0D878C387,2014-04-30 00:00:00.000
9715,8910,ebony40@adventure-works.com,7B0462DB-7110-41D8-A5F0-F7E4ABFC8AA6,2014-06-29 00:00:00.000
9716,8911,sydney49@adventure-works.com,23CD0365-1888-411A-8DF7-88BA0B4B43EB,2014-04-23 00:00:00.000
9717,8912,ebony41@adventure-works.com,CFD383D3-FD8C-4D91-B420-EB297D41735D,2012-07-26 00:00:00.000
9718,8913,katherine55@adventure-works.com,1C7A3EC7-9FF2-409D-9AC1-6D8AC48E4419,2014-03-05 00:00:00.000
9719,8914,carol12@adventure-works.com,978C9C84-F056-446B-BDED-DFE3BDB9097F,2013-08-18 00:00:00.000
9720,8915,amanda50@adventure-works.com,F1C73AE2-50F6-4FA0-A587-499028AD6801,2014-04-15 00:00:00.000
9721,8916,deanna3@adventure-works.com,E4F55792-FA54-4470-98AE-86E5C93F7274,2014-01-20 00:00:00.000
9722,8917,stephanie54@adventure-works.com,FC6DA2BD-0823-42CF-B1AB-064317E86FC5,2013-09-13 00:00:00.000
9723,8918,deanna4@adventure-works.com,45A80210-D258-47B4-A628-64021DF7575A,2012-11-05 00:00:00.000
9724,8919,hailey49@adventure-works.com,AE2BF82A-1768-4159-A738-D29F7A6D0AE8,2013-06-30 00:00:00.000
9725,8920,deanna5@adventure-works.com,50B6D69E-D474-440B-9065-25F5A214761C,2013-04-06 00:00:00.000
9726,8921,maria50@adventure-works.com,13CC70C9-E574-4135-8D07-75B6FFC3CCE2,2014-05-09 00:00:00.000
9727,8922,gabrielle50@adventure-works.com,A6F27561-8269-491A-9E34-3A48F1CE1113,2013-12-12 00:00:00.000
9728,8923,arturo1@adventure-works.com,13DD1627-0B92-4B5C-BA96-FFE0D88F1C83,2013-08-02 00:00:00.000
9729,8924,deanna6@adventure-works.com,7CAD8F1E-9E79-46D4-8C70-8632229B9753,2013-04-12 00:00:00.000
9730,8925,deanna7@adventure-works.com,86CC71AC-5036-4120-B359-0E5F7D8592E8,2013-02-08 00:00:00.000
9731,8926,haley46@adventure-works.com,8CBD903B-3C07-4C7F-878F-4D77E29D00C0,2014-02-18 00:00:00.000
9732,8927,rebecca9@adventure-works.com,BA0E45CF-9C62-452E-A0C5-E4939BEEC6CB,2014-03-27 00:00:00.000
9733,8928,deanna8@adventure-works.com,F1F3DF9C-941C-4980-ADF3-5AB5A6305059,2014-05-21 00:00:00.000
9734,8929,madeline6@adventure-works.com,915B636F-5930-4C91-B007-2D32AB1BD40B,2012-05-11 00:00:00.000
9735,8930,sophia5@adventure-works.com,0F31B3BF-C370-40CE-846C-88D477B18F81,2013-08-13 00:00:00.000
9736,8931,deanna9@adventure-works.com,085137C5-A616-43CE-9C2C-3D8E4A5EAEC9,2011-12-17 00:00:00.000
9737,8932,amber6@adventure-works.com,2E5690E1-D5FE-4E2C-99B9-B54F0D33A210,2013-11-14 00:00:00.000
9738,8933,courtney4@adventure-works.com,1D18FE18-31C3-4689-A3CC-6F2F29F1176A,2013-07-21 00:00:00.000
9739,8934,jenna6@adventure-works.com,ECDD5950-D997-472E-AE22-C9C8BF4DF168,2013-09-18 00:00:00.000
9740,8935,jordan35@adventure-works.com,C7777236-F6BD-4CF6-98DD-BC15B0FF7C68,2011-09-11 00:00:00.000
9741,8936,sierra6@adventure-works.com,7C85F853-F01D-42FF-97FA-CDC5201BF9A4,2013-10-05 00:00:00.000
9742,8937,deanna10@adventure-works.com,5120659E-6B2D-4D4C-85D4-E0D406122789,2012-04-12 00:00:00.000
9743,8938,mackenzie29@adventure-works.com,17D1C67F-00E5-43C7-ABE1-48B234BFD3CE,2012-03-02 00:00:00.000
9744,8939,deanna11@adventure-works.com,CCF2E39A-E218-4C08-ABF3-CFE6CD58A635,2014-03-19 00:00:00.000
9745,8940,deanna12@adventure-works.com,7EEA4182-0E43-4411-BB40-EFE207FBA458,2013-03-24 00:00:00.000
9746,8941,deanna13@adventure-works.com,A307C42E-821C-4366-A2E0-4DAB22F4CDDD,2011-12-27 00:00:00.000
9747,8942,gabriella29@adventure-works.com,03F8FC87-11BF-434E-8411-66B02ED494ED,2013-10-02 00:00:00.000
9748,8943,sara32@adventure-works.com,A65303B3-BDEE-4342-A3E2-FF5B2AAA5CBF,2014-03-15 00:00:00.000
9749,8944,jada19@adventure-works.com,FC523936-25B1-487F-8EA3-BC689AD3E0ED,2013-12-07 00:00:00.000
9750,8945,deanna14@adventure-works.com,32D99347-3831-463A-BEB2-8177463D229C,2013-10-29 00:00:00.000
9751,8946,katelyn29@adventure-works.com,28A5B05B-598E-456B-B115-995E33E3548F,2013-09-25 00:00:00.000
9752,8947,arturo2@adventure-works.com,C07C89FB-ED72-438B-BDA2-6105FB67C2C6,2013-09-21 00:00:00.000
9753,8948,deanna15@adventure-works.com,67AF6447-0832-4590-B80C-AE3722EDBA4D,2013-10-23 00:00:00.000
9754,8949,deanna16@adventure-works.com,4BEEDBC5-6ABC-4BBB-8F34-00A68AD936DF,2014-01-22 00:00:00.000
9755,8950,deanna17@adventure-works.com,F3F2AF7A-F054-44F6-833E-2C1D5F4EB68C,2011-08-10 00:00:00.000
9756,8951,savannah29@adventure-works.com,EB64B51C-2E88-4AD7-BFBD-89B575F75ED3,2013-05-03 00:00:00.000
9757,8952,deanna18@adventure-works.com,F9B34516-6DAB-404B-93D0-2220D1C597D8,2012-10-16 00:00:00.000
9758,8953,deanna19@adventure-works.com,A7E89BF7-FF06-482E-B9C1-9A462C745326,2014-01-12 00:00:00.000
9759,8954,deanna20@adventure-works.com,7F22D80C-58C1-495E-8D4F-66FA4823351A,2013-03-04 00:00:00.000
9760,8955,kaylee28@adventure-works.com,DDD8AD4F-50BA-4272-B4F8-06E796E799C3,2014-05-07 00:00:00.000
9761,8956,allison29@adventure-works.com,F593F110-3BE2-474B-B88E-EF844D56B95F,2014-02-28 00:00:00.000
9762,8957,deanna21@adventure-works.com,797C0E2A-1307-4E0C-9DBD-FC564CE2A012,2012-11-29 00:00:00.000
9763,8958,andrea32@adventure-works.com,9460C609-F7CA-478B-BA3F-8D732F69BB69,2013-12-10 00:00:00.000
9764,8959,deanna22@adventure-works.com,2A3F6312-97F1-4967-AE29-7239C412CF51,2013-03-09 00:00:00.000
9765,8960,chloe5@adventure-works.com,7C7440C8-68FA-401E-A3FF-E5E27693B42F,2014-06-25 00:00:00.000
9766,8961,judith3@adventure-works.com,ED650D6D-808A-494E-9F99-7A9E65677BE0,2013-07-11 00:00:00.000
9767,8962,deanna23@adventure-works.com,49F5488E-CDF6-4AD8-B595-DEC571F35683,2013-06-11 00:00:00.000
9768,8963,arturo3@adventure-works.com,AFA46B4B-9A98-4D9D-9E3D-31FE029AB2C7,2013-11-18 00:00:00.000
9769,8964,deanna24@adventure-works.com,AC76A851-8489-4488-9C10-BD75113E2840,2012-05-06 00:00:00.000
9770,8965,jennifer10@adventure-works.com,0C46628B-48DC-4A1F-AEED-82BA2AA98421,2011-09-22 00:00:00.000
9771,8966,deanna25@adventure-works.com,9E02A568-25BC-4523-8119-7E022E02CCC6,2012-11-24 00:00:00.000
9772,8967,kaitlyn6@adventure-works.com,BBD47844-946D-43A4-965F-54F00D635CF6,2014-05-17 00:00:00.000
9773,8968,morgan6@adventure-works.com,EE3B5D7D-9934-45B6-86E5-6DF90E41881F,2013-08-15 00:00:00.000
9774,8969,deanna26@adventure-works.com,D5D7EE7E-FCD6-4EE1-8B6B-7BAD3499750E,2012-07-24 00:00:00.000
9775,8970,isabella38@adventure-works.com,C9C32BCC-BD4F-44EC-AC44-D05FBA3CF30A,2014-01-14 00:00:00.000
9776,8971,natalie51@adventure-works.com,CC28D7D0-E801-4C65-AA03-3E396332687F,2012-07-30 00:00:00.000
9777,8972,alexandra50@adventure-works.com,6C373B3C-2FC5-4522-9F9E-BAB85EA88706,2014-03-15 00:00:00.000
9778,8973,sydney50@adventure-works.com,98AFCBA1-F2F0-4BB8-B53B-D29FD9288DA7,2013-08-26 00:00:00.000
9779,8974,deanna27@adventure-works.com,54E79605-A187-4E2C-8147-495E1F99A904,2014-02-17 00:00:00.000
9780,8975,deanna28@adventure-works.com,848A0FD0-DE50-4652-B221-9E6663E16A3C,2012-12-17 00:00:00.000
9781,8976,deanna29@adventure-works.com,A6D53C1F-B4DC-45C7-8470-C30E30B0A63D,2013-01-20 00:00:00.000
9782,8977,katherine56@adventure-works.com,C5C46132-6FBD-4C3A-A07F-A02B6C969165,2013-07-16 00:00:00.000
9783,8978,deanna30@adventure-works.com,E220A446-E0BC-4373-A43C-9921838FCF5D,2013-11-04 00:00:00.000
9784,8979,deanna31@adventure-works.com,E4DCB93F-9330-48C9-A4C0-1BA2CAF30FA6,2013-08-09 00:00:00.000
9785,8980,amanda51@adventure-works.com,A6411FA0-35FF-42E6-A139-6F4DD8DB6369,2013-12-12 00:00:00.000
9786,8981,stephanie55@adventure-works.com,0B795AEE-CA84-4DC8-A695-C464E0DAABF0,2013-08-17 00:00:00.000
9787,8982,deanna32@adventure-works.com,A1B87ADA-1C57-478A-91F5-6AFFC5B6F225,2014-03-24 00:00:00.000
9788,8983,hailey50@adventure-works.com,9DD8F690-8D41-4DD9-AD07-5F8CE4D389AA,2014-06-02 00:00:00.000
9789,8984,arturo4@adventure-works.com,7F7A41BC-2F01-4FEB-80B3-50C176CF3AF3,2013-08-22 00:00:00.000
9790,8985,deanna33@adventure-works.com,B1FE00A5-A744-4127-A2A1-2F87BCB4B1B7,2011-07-06 00:00:00.000
9791,8986,gabrielle51@adventure-works.com,24D2B7B4-86BD-4D96-9C89-87C750C9B50D,2014-02-27 00:00:00.000
9792,8987,haley47@adventure-works.com,479FB1FD-6918-45CF-8963-D0A882F7F47B,2013-08-07 00:00:00.000
9793,8988,deanna34@adventure-works.com,4EA32DA2-7B2B-45F8-AB85-7873F8247816,2012-09-20 00:00:00.000
9794,8989,rebecca10@adventure-works.com,A2AB5A5E-3A53-4E78-B9C7-05DE1658C07C,2013-06-30 00:00:00.000
9795,8990,madeline7@adventure-works.com,032CDE28-AB76-45A9-BB6A-F1DB61038FAD,2011-10-26 00:00:00.000
9796,8991,sophia6@adventure-works.com,36F70A5A-D051-40FF-961B-216A2B786811,2013-11-24 00:00:00.000
9797,8992,mary20@adventure-works.com,F0C03D59-1726-4D9B-B91A-BAC605F217CB,2014-05-22 00:00:00.000
9798,8993,deanna35@adventure-works.com,A1F2654D-4A6B-4AD7-9E47-691751749881,2013-09-29 00:00:00.000
9799,8994,amber7@adventure-works.com,3D699785-0B9D-4932-BEFB-80B88A3E531D,2013-07-27 00:00:00.000
9800,8995,deanna36@adventure-works.com,2507BC7B-B66B-454F-8347-8F69F077D9CC,2014-05-17 00:00:00.000
9801,8996,deanna37@adventure-works.com,C79CF33A-CA01-4949-8B51-0417E3E7AB5D,2013-03-03 00:00:00.000
9802,8997,courtney5@adventure-works.com,F3DE747C-92FF-470F-95AB-2A0EC5A6C063,2014-04-26 00:00:00.000
9803,8998,jenna7@adventure-works.com,A8517E48-7B6E-4A97-BF2F-3BB3B8A18333,2012-01-16 00:00:00.000
9804,8999,jordan36@adventure-works.com,226F34B2-BBFC-466A-893D-112995FBDD7E,2013-12-01 00:00:00.000
9805,9000,deanna38@adventure-works.com,B44646A7-CBDB-486F-8B8B-3B36DC3C294D,2014-01-31 00:00:00.000
9806,9001,sierra7@adventure-works.com,8AC135CB-F1CF-4694-8EA4-09E4A44811F5,2012-05-29 00:00:00.000
9807,9002,bailey28@adventure-works.com,2F6D6AA3-2CDA-4413-9D26-6B6643514394,2013-07-13 00:00:00.000
9808,9003,deanna39@adventure-works.com,3531449C-A7CC-4EBF-8E73-2D939254A6B4,2013-10-27 00:00:00.000
9809,9004,gabriella30@adventure-works.com,4B9C90DC-33CF-49AD-801F-72FE27817D27,2012-07-02 00:00:00.000
9810,9005,deanna40@adventure-works.com,B3D30D8A-66B9-4557-A11D-D302BB0E2F06,2013-09-08 00:00:00.000
9811,9006,sara33@adventure-works.com,616B6341-6E8A-43E9-922B-7E9B41752729,2014-05-07 00:00:00.000
9812,9007,jada20@adventure-works.com,C4825AA4-FD10-481D-876A-64D0CD3D521D,2014-05-02 00:00:00.000
9813,9008,deanna41@adventure-works.com,6C46E6D4-485D-450C-9891-E2E0ECD7AE7C,2014-05-27 00:00:00.000
9814,9009,katelyn30@adventure-works.com,5A0A1D2F-7F26-403D-BCF0-5A000A7A33AE,2012-03-29 00:00:00.000
9815,9010,savannah30@adventure-works.com,9FD4F50E-4961-4F7E-B81D-44EA171AB5A9,2014-04-06 00:00:00.000
9816,9011,deanna42@adventure-works.com,271313CD-0BF3-4267-9322-3DDB944B05EB,2014-06-24 00:00:00.000
9817,9012,kaylee29@adventure-works.com,538C9B38-49B0-4FD7-AC36-267BFEDC8953,2014-02-20 00:00:00.000
9818,9013,arturo5@adventure-works.com,1A1CBADB-CDCA-4009-BFAF-1BDD62E0787E,2013-12-22 00:00:00.000
9819,9014,deanna43@adventure-works.com,D08F0093-5E82-4C81-A86E-5D1FF1192673,2013-03-06 00:00:00.000
9820,9015,deanna44@adventure-works.com,D23A5E26-7559-480E-9281-12FF115FB9B1,2012-03-16 00:00:00.000
9821,9016,allison30@adventure-works.com,849190BC-7AD7-440E-B9EF-107473D9565B,2014-03-06 00:00:00.000
9822,9017,deanna45@adventure-works.com,14576C1E-EAC0-450E-A8D0-6FCA42BAEDD3,2014-05-05 00:00:00.000
9823,9018,deanna46@adventure-works.com,24D6ADEF-4F21-42E4-BDE3-9434B257DE70,2012-04-06 00:00:00.000
9824,9019,maria51@adventure-works.com,BC13221F-DCCC-446A-A82A-CB9D47DB6945,2014-02-20 00:00:00.000
9825,9020,gabrielle52@adventure-works.com,8DE34E25-EB8C-4DCD-B662-166C2CD9E0C3,2013-09-05 00:00:00.000
9826,9021,deanna47@adventure-works.com,B3173FD5-8FC0-4576-A8AD-1E2C4E5B4646,2014-05-27 00:00:00.000
9827,9022,rebekah0@adventure-works.com,4ECCC64C-7396-48E0-92DB-08222C128518,2013-12-05 00:00:00.000
9828,9023,haley48@adventure-works.com,A9368543-1E4B-42D2-9E68-ACE7066A2AB0,2014-01-28 00:00:00.000
9829,9024,rebekah1@adventure-works.com,53C8DD6E-283C-41C5-A88D-51BF342D0EEA,2013-08-31 00:00:00.000
9830,9025,rebecca11@adventure-works.com,3439F7FB-DC97-4A09-8623-6575A6355860,2014-03-11 00:00:00.000
9831,9026,rebekah2@adventure-works.com,BA5FA086-5E73-411F-A368-D942AEBF5BFD,2013-11-08 00:00:00.000
9832,9027,madeline8@adventure-works.com,EB8887A9-C153-40B7-9545-96B09C6767CA,2014-04-30 00:00:00.000
9833,9028,sophia7@adventure-works.com,3A89DCA9-A126-4B9A-A95E-7C92C958A707,2013-11-10 00:00:00.000
9834,9029,rebekah3@adventure-works.com,20EBD5F2-C2FF-476F-AD5B-3ED2EA443C7E,2014-01-10 00:00:00.000
9835,9030,arturo6@adventure-works.com,43E6C7AD-E028-4D95-B98D-DE60264EF88F,2013-08-26 00:00:00.000
9836,9031,rebekah4@adventure-works.com,94351B04-8D31-4431-BC20-91982E467F46,2014-03-15 00:00:00.000
9837,9032,rebekah5@adventure-works.com,E4810297-080B-4569-955E-A11827760E76,2013-09-08 00:00:00.000
9838,9033,mary21@adventure-works.com,7F776AEE-C44C-4954-889F-D91D07506918,2013-08-05 00:00:00.000
9839,9034,amber8@adventure-works.com,DE23A5A5-C395-4BBC-86D7-C5A2382CBE3E,2013-08-29 00:00:00.000
9840,9035,rebekah6@adventure-works.com,EAFADF9C-6A2B-412B-81BE-904CB99C74D9,2014-06-16 00:00:00.000
9841,9036,rebekah7@adventure-works.com,032EC4AE-E8DB-4A58-96EF-7822CA502F9C,2012-11-06 00:00:00.000
9842,9037,courtney6@adventure-works.com,82BEE521-4291-4D0D-A9B4-1B326340F15C,2014-04-15 00:00:00.000
9843,9038,jenna8@adventure-works.com,E3FE2093-BEF1-4FAF-A154-F7AB1AA2DC24,2014-02-02 00:00:00.000
9844,9039,jordan37@adventure-works.com,B1E08757-7FAC-490A-A31D-C3B716E71E7D,2014-03-31 00:00:00.000
9845,9040,rebekah8@adventure-works.com,652D23AE-8FBB-4CF2-A126-31C0A5F7E76D,2014-03-09 00:00:00.000
9846,9041,rebekah9@adventure-works.com,7824BE1D-CF9D-4B12-8CAC-D5E869FC05A5,2014-01-03 00:00:00.000
9847,9042,rebekah10@adventure-works.com,8381CA17-E6F0-4A44-B228-8259B9C545A7,2013-03-29 00:00:00.000
9848,9043,sierra8@adventure-works.com,D2F1DDAA-45BA-4858-A829-41379A33FB16,2014-06-21 00:00:00.000
9849,9044,bailey29@adventure-works.com,8FC4DF5B-07C0-43DB-9AE6-0C9DBB8C309D,2014-02-07 00:00:00.000
9850,9045,mackenzie30@adventure-works.com,8BA5CBE7-237A-4337-9C23-47C9768A6D6B,2013-10-26 00:00:00.000
9851,9046,arturo7@adventure-works.com,F935203F-5757-4CAF-B943-2786EA3A6E9B,2013-11-26 00:00:00.000
9852,9047,rebekah11@adventure-works.com,8DC1603D-3E28-4A3A-9A4B-1A5FE7C38E8D,2014-04-09 00:00:00.000
9853,9048,gabriella31@adventure-works.com,B1774CE3-7C4A-4921-B9DC-C9740BF83CB1,2014-04-04 00:00:00.000
9854,9049,rebekah12@adventure-works.com,7C9A13B6-F792-41E9-BF68-5D281215EBC4,2013-11-15 00:00:00.000
9855,9050,sara34@adventure-works.com,88C74DC3-88D2-45F4-A1ED-E7892B47F20E,2014-06-15 00:00:00.000
9856,9051,jan12@adventure-works.com,BCAD65E8-C133-4C6A-9A3B-538943AF2741,2013-04-12 00:00:00.000
9857,9052,rebekah13@adventure-works.com,D5E495B4-F278-43FF-9641-77CD6B0F92E9,2013-11-08 00:00:00.000
9858,9053,katelyn31@adventure-works.com,A84007C0-5709-4785-88D4-B165B0E7FEDC,2014-04-02 00:00:00.000
9859,9054,savannah31@adventure-works.com,15D83CCB-C7B5-436E-8DDE-9C96D0C562F8,2013-04-13 00:00:00.000
9860,9055,kaylee30@adventure-works.com,03993962-BBCB-4C3F-8875-4AA380868AAA,2012-08-05 00:00:00.000
9861,9056,allison31@adventure-works.com,35EECCC6-EF3B-4196-8887-682B22D38088,2012-03-11 00:00:00.000
9862,9057,rebekah14@adventure-works.com,E658625B-55C2-4437-87EF-E04BE72069E1,2013-01-11 00:00:00.000
9863,9058,andrea33@adventure-works.com,11D1C132-9B3B-4EFA-A575-7910BE013F90,2013-10-12 00:00:00.000
9864,9059,chloe6@adventure-works.com,AF752388-EE4F-43B4-9C90-C9087589D0CC,2012-04-15 00:00:00.000
9865,9060,rebekah15@adventure-works.com,192BB977-523B-4A96-B717-504CBA646F53,2014-03-30 00:00:00.000
9866,9061,julia7@adventure-works.com,2DF250FD-A550-41C5-8F93-E4C4AEB82576,2013-12-16 00:00:00.000
9867,9062,rebekah16@adventure-works.com,AE8504E1-DEE5-46C2-B4A6-1B3834F1C92F,2014-02-08 00:00:00.000
9868,9063,jennifer11@adventure-works.com,CDFA8CFB-6056-4DFE-852D-0EE952138233,2014-01-04 00:00:00.000
9869,9064,rebekah17@adventure-works.com,4C4F40E1-C4D0-4D9C-BE7B-584920BFB0F8,2013-10-04 00:00:00.000
9870,9065,kaitlyn7@adventure-works.com,F90E6A42-6A57-4A07-8D45-A4A9D1465573,2013-08-08 00:00:00.000
9871,9066,morgan7@adventure-works.com,DA5BF292-F916-41BC-ACCC-0128AC65EB96,2013-12-28 00:00:00.000
9872,9067,rebekah18@adventure-works.com,5EB117A6-DB16-4CF5-BC3F-65003ABEEB97,2013-07-20 00:00:00.000
9873,9068,isabella39@adventure-works.com,00ECDF26-E29C-4CB0-958E-F8147E2ED31C,2013-10-04 00:00:00.000
9874,9069,natalie52@adventure-works.com,7F1B2011-8E4F-490B-87AC-65C51604961C,2013-11-13 00:00:00.000
9875,9070,alexandra51@adventure-works.com,50774BF2-B08B-40F0-9AAC-55820366F0D9,2014-03-26 00:00:00.000
9876,9071,arturo8@adventure-works.com,5C1ACCB4-1F23-4E13-AD1B-55A4B58BF4B6,2013-10-18 00:00:00.000
9877,9072,rebekah19@adventure-works.com,BBE6992A-F684-4F64-9281-4E282AC544B7,2014-05-16 00:00:00.000
9878,9073,rebekah20@adventure-works.com,E4D943B6-43EB-4865-848F-D1A32D006B5A,2013-12-30 00:00:00.000
9879,9074,katherine57@adventure-works.com,DB9346DA-60D0-40CF-99C6-68C3E7FC3BC9,2013-12-09 00:00:00.000
9880,9075,rebekah21@adventure-works.com,54CEE3B1-2C2A-4534-B73D-6FC59C1B8E0A,2013-09-22 00:00:00.000
9881,9076,amanda52@adventure-works.com,A526AC2A-6F35-4018-B5AC-8A9490E2A5B5,2013-12-05 00:00:00.000
9882,9077,stephanie56@adventure-works.com,79E370B3-C275-4BD7-B5EF-04882E02DE0A,2013-08-02 00:00:00.000
9883,9078,carol13@adventure-works.com,8A664652-F22B-41B9-B9F4-E8D2F4E4FA06,2012-11-17 00:00:00.000
9884,9079,rebekah22@adventure-works.com,A11582B0-1230-460B-9B6C-36B7124EB2F1,2014-05-27 00:00:00.000
9885,9080,maria52@adventure-works.com,8159684C-798E-43A5-8ABF-62D798C2475C,2013-11-23 00:00:00.000
9886,9081,rebekah23@adventure-works.com,640F36EC-6676-48B6-8C49-E2AC5FCB825E,2013-12-17 00:00:00.000
9887,9082,haley49@adventure-works.com,864FB51B-A41D-4F03-A37E-A7144EBAFBA3,2014-04-10 00:00:00.000
9888,9083,rebecca12@adventure-works.com,4FA7C5E5-FEB3-4043-9D18-1356B74C0745,2014-06-30 00:00:00.000
9889,9084,rebekah24@adventure-works.com,F8D8472E-0FD3-4BF6-9102-0E5D538EFFDE,2013-08-13 00:00:00.000
9890,9085,rebekah25@adventure-works.com,5415830B-FE1D-466E-9943-78CDEAA003D8,2013-10-13 00:00:00.000
9891,9086,madeline9@adventure-works.com,C0593409-9D85-44D8-A0B1-A0E604CB8711,2012-06-15 00:00:00.000
9892,9087,rebekah26@adventure-works.com,2958FE8C-FEED-4995-BCDE-F3590BA93E8D,2012-08-07 00:00:00.000
9893,9088,sophia8@adventure-works.com,7EBB3D6B-7D11-43E4-B416-2E814FAA9DBD,2011-07-13 00:00:00.000
9894,9089,rebekah27@adventure-works.com,6562AA02-D0A9-4FE2-9C86-0F47E57B315E,2014-01-19 00:00:00.000
9895,9090,arturo9@adventure-works.com,2CC5D1E1-0893-4F79-86D8-148599430BAA,2013-07-16 00:00:00.000
9896,9091,rebekah28@adventure-works.com,0CADF6E4-3ECB-4B7E-A09F-A8E0A2A9A1BD,2013-11-19 00:00:00.000
9897,9092,mary22@adventure-works.com,DD9EAE74-447F-44B3-BC32-F6550B105A02,2012-11-03 00:00:00.000
9898,9093,amber9@adventure-works.com,BCFB9631-DA02-4204-B45C-2C703E474607,2011-10-19 00:00:00.000
9899,9094,courtney7@adventure-works.com,1B233152-33E6-4FFF-A1FE-200416F9E614,2012-02-06 00:00:00.000
9900,9095,rebekah29@adventure-works.com,0DDACB63-421F-4DA3-87AB-7D74DE14545D,2014-03-24 00:00:00.000
9901,9096,jenna9@adventure-works.com,79596898-9C9E-40D2-B625-8E0F5E50A4EB,2013-06-22 00:00:00.000
9902,9097,jordan38@adventure-works.com,7B4434B1-64F9-47BF-B643-6BE0B22280EF,2013-11-29 00:00:00.000
9903,9098,rebekah30@adventure-works.com,34E7B689-5ADD-40DB-B06C-473F5FA9936C,2014-02-12 00:00:00.000
9904,9099,rebekah31@adventure-works.com,605B74EB-94FB-46E8-AF84-3E858C532F91,2014-03-14 00:00:00.000
9905,9100,sierra9@adventure-works.com,D82DFA32-BEA1-429B-8930-29BE6B3CB9DE,2013-06-20 00:00:00.000
9906,9101,rebekah32@adventure-works.com,C8A582BA-F757-4D5C-9868-D503A38FFA5D,2012-09-04 00:00:00.000
9907,9102,mackenzie31@adventure-works.com,46F1A70E-FEE1-448D-B493-E06280986A8F,2013-11-01 00:00:00.000
9908,9103,rebekah33@adventure-works.com,9BC7392B-FDBF-4C6E-B832-062D98B75FA1,2013-12-11 00:00:00.000
9909,9104,gabriella32@adventure-works.com,08DF2064-BA14-43ED-AE68-3BA5E90F7DBD,2014-04-21 00:00:00.000
9910,9105,sara35@adventure-works.com,FCDBC735-BB17-4C74-89E4-F6FF9169CB4D,2014-06-16 00:00:00.000
9911,9106,rebekah34@adventure-works.com,5ABB3824-FF09-4088-9477-E8A2A3F7B8C2,2013-05-16 00:00:00.000
9912,9107,jada21@adventure-works.com,8201CCD3-78C7-4A19-B2C9-578C77B7124D,2014-03-01 00:00:00.000
9913,9108,rebekah35@adventure-works.com,A4930F75-4ED7-46A6-90AD-6A4FC6BEF0B8,2013-09-04 00:00:00.000
9914,9109,katelyn32@adventure-works.com,1799BE6A-AC9F-4A31-A0E0-FAF5B98392FE,2014-05-20 00:00:00.000
9915,9110,kaylee31@adventure-works.com,8E3C79B2-56FB-4D7D-B858-B0BEBE26D8E9,2014-02-01 00:00:00.000
9916,9111,rebekah36@adventure-works.com,BCECC2CD-663C-4148-96E9-B454D49C9FD6,2013-01-03 00:00:00.000
9917,9112,allison32@adventure-works.com,C3505054-0683-403C-BC99-19AF785FBD49,2012-07-03 00:00:00.000
9918,9113,damien15@adventure-works.com,5E418472-1331-4419-AB7D-755AC983B1AC,2014-03-31 00:00:00.000
9919,9114,arturo10@adventure-works.com,CC304C64-1243-4644-AAB5-F3C0493356A6,2014-04-20 00:00:00.000
9920,9115,rebekah37@adventure-works.com,E9F911D2-BAC3-4434-BB9E-331FCE49FEFD,2014-04-30 00:00:00.000
9921,9116,rebekah38@adventure-works.com,4B88B556-139A-4181-B9B7-C656D84D0A3A,2013-12-14 00:00:00.000
9922,9117,rebekah39@adventure-works.com,EDA682CB-C156-4DD4-8A3A-0F85CDCE4C76,2012-12-20 00:00:00.000
9923,9118,chloe7@adventure-works.com,AD2A8796-B26F-4800-A730-836541FCF88B,2014-04-22 00:00:00.000
9924,9119,rebekah40@adventure-works.com,DC4F4D48-A663-4F7C-B884-97A70B9D0788,2013-10-05 00:00:00.000
9925,9120,julia8@adventure-works.com,EB9D1C43-7CD6-407A-9099-B360138785BD,2014-03-16 00:00:00.000
9926,9121,jennifer12@adventure-works.com,CFC3F3D9-9DD6-40A7-A5CF-ED63CA05DB8B,2013-02-11 00:00:00.000
9927,9122,rebekah41@adventure-works.com,1588F223-FF58-4A70-A66C-0D5D41A18A5C,2014-05-12 00:00:00.000
9928,9123,carolyn1@adventure-works.com,17038CBB-3F8C-42E8-855B-D90EC1AB3399,2013-10-21 00:00:00.000
9929,9124,kaitlyn8@adventure-works.com,4A08AC30-F76B-460C-809B-D9622BE2BDCE,2013-08-10 00:00:00.000
9930,9125,carolyn2@adventure-works.com,C19BE354-C64B-4C88-93C1-ACFF4E1983BA,2013-07-17 00:00:00.000
9931,9126,isabella40@adventure-works.com,FA7DF6BC-6A8E-48EB-8D05-0F8438CD2F68,2014-04-01 00:00:00.000
9932,9127,carolyn3@adventure-works.com,C18D86D5-5FA1-458E-8467-4284365A67AB,2014-05-14 00:00:00.000
9933,9128,natalie53@adventure-works.com,F8ED0F1C-F6EE-40E5-A287-60AAC9443A9A,2014-02-09 00:00:00.000
9934,9129,carolyn4@adventure-works.com,FA35EF87-ED0E-4E22-8FBC-FB930904D7A1,2014-05-12 00:00:00.000
9935,9130,arturo11@adventure-works.com,C003E5C4-5D9C-4C97-949A-0F0ECF22AF43,2013-11-08 00:00:00.000
9936,9131,carolyn5@adventure-works.com,82B257DD-2454-4706-BE05-3409CB8BA8A0,2014-02-25 00:00:00.000
9937,9132,alexandra52@adventure-works.com,7FAA836F-5433-4029-87A2-BE795BEA399A,2014-06-18 00:00:00.000
9938,9133,sydney51@adventure-works.com,05E49D63-AEB6-49C2-85AD-30582691D66C,2013-12-09 00:00:00.000
9939,9134,katherine58@adventure-works.com,47CB3468-1C58-4015-B0A5-DBFA2B31730E,2013-10-14 00:00:00.000
9940,9135,amanda53@adventure-works.com,553130F5-714A-434C-88A0-D6B5015AF73A,2013-06-16 00:00:00.000
9941,9136,carolyn6@adventure-works.com,A1E60AA1-3ABE-4762-8FEA-FDB0362E6DD6,2014-05-15 00:00:00.000
9942,9137,hailey51@adventure-works.com,C6C6EC06-0F8D-4001-BC74-8606E4AAECFD,2013-10-28 00:00:00.000
9943,9138,maria53@adventure-works.com,9DA48FD9-CA62-4687-8E0E-946D8358D07A,2012-02-08 00:00:00.000
9944,9139,carolyn7@adventure-works.com,DB699C35-95AF-400E-B655-0520684DB693,2013-08-30 00:00:00.000
9945,9140,gabrielle53@adventure-works.com,FA13F393-DC85-4999-ACD1-BD1B9FB015B8,2013-05-11 00:00:00.000
9946,9141,joan13@adventure-works.com,0B1DD9EB-4733-4EB4-A3A5-F1AB31CC859C,2013-09-19 00:00:00.000
9947,9142,carolyn8@adventure-works.com,46B45374-9E68-4A48-BE07-61E0E45A1607,2013-04-03 00:00:00.000
9948,9143,madeline10@adventure-works.com,56677B34-F140-49E1-91CF-B28612754200,2014-01-02 00:00:00.000
9949,9144,sophia9@adventure-works.com,3768867C-B7A9-4A98-8344-13ACAB027E02,2013-10-13 00:00:00.000
9950,9145,mary23@adventure-works.com,B3425CEB-543B-4B23-9BB1-341D7FC26900,2012-12-03 00:00:00.000
9951,9146,carolyn9@adventure-works.com,D5A9558F-C6DF-4B4B-B72F-B113746B070C,2013-11-21 00:00:00.000
9952,9147,amber10@adventure-works.com,4006C596-135F-44E9-8658-BFD6CCBC15B0,2013-07-14 00:00:00.000
9953,9148,carolyn10@adventure-works.com,AAD024D0-83A5-4345-BA5D-3972304BE257,2014-03-14 00:00:00.000
9954,9149,carolyn11@adventure-works.com,215C9BED-C524-43CF-9DB8-0CF59A62382D,2014-03-02 00:00:00.000
9955,9150,courtney8@adventure-works.com,62003611-E489-4002-9702-5DC441DCD303,2011-06-16 00:00:00.000
9956,9151,arturo12@adventure-works.com,DBC57B21-7C05-4A32-B477-92E5746AD8A0,2013-10-07 00:00:00.000
9957,9152,carolyn12@adventure-works.com,F84EFECF-FE97-4C6A-BEEC-2B163F3C5D45,2013-10-19 00:00:00.000
9958,9153,jordan39@adventure-works.com,1FD54DC6-501E-4644-98BB-C67626DE3918,2013-07-20 00:00:00.000
9959,9154,carolyn13@adventure-works.com,91EDCD0B-211F-4D8F-8DDE-2790B46768EA,2013-09-26 00:00:00.000
9960,9155,carolyn14@adventure-works.com,BCAFD87F-1912-4BE6-897D-9F4DCFD70E69,2012-06-04 00:00:00.000
9961,9156,carolyn15@adventure-works.com,5752AD30-8314-4EB9-855B-5BF869023C8C,2013-10-06 00:00:00.000
9962,9157,sierra10@adventure-works.com,FFF44958-98A1-42D6-9ABE-44048656E231,2014-01-18 00:00:00.000
9963,9158,bailey30@adventure-works.com,2D328BB0-E5F5-4C49-8E2F-EFDC55521D49,2013-01-23 00:00:00.000
9964,9159,mackenzie32@adventure-works.com,4CBDD3C6-90D6-4C3F-8562-87D320A949A8,2013-03-24 00:00:00.000
9965,9160,carolyn16@adventure-works.com,D18F067F-6DB3-4693-A158-B7FF2D82E2E3,2014-01-22 00:00:00.000
9966,9161,gabriella33@adventure-works.com,C1B138D1-D37D-498C-B00E-E73E7AE1FBD7,2013-08-03 00:00:00.000
9967,9162,carolyn17@adventure-works.com,86A9CBCD-0EE3-4790-9EEC-D9821A871386,2013-09-16 00:00:00.000
9968,9163,sara36@adventure-works.com,744E873E-BD57-46AF-BF4B-03C2C8492C53,2014-02-01 00:00:00.000
9969,9164,carolyn18@adventure-works.com,852AEBE6-EF0E-4936-BAC2-3281E41D6238,2012-10-19 00:00:00.000
9970,9165,carolyn19@adventure-works.com,488F3D90-BA5C-4CE9-A183-F6D8B1E238D8,2012-06-04 00:00:00.000
9971,9166,jada22@adventure-works.com,57CD08B3-8C85-4FA4-A6C8-E70D9A9035CD,2014-06-28 00:00:00.000
9972,9167,katelyn33@adventure-works.com,D1DEB4ED-2A03-4D91-8802-4B4E0C452480,2013-10-29 00:00:00.000
9973,9168,carolyn20@adventure-works.com,AF90ECBD-5F26-4A0B-9AB2-230634C9CDC2,2013-08-16 00:00:00.000
9974,9169,savannah32@adventure-works.com,944599FA-3B56-46E1-96FF-099E9CCC0B44,2013-10-08 00:00:00.000
9975,9170,kaylee32@adventure-works.com,E59684FA-6FB0-4DAE-BD85-DBAE0EDDC46A,2014-04-15 00:00:00.000
9976,9171,carolyn21@adventure-works.com,587C8160-3A68-4732-B89A-29128D23D0E0,2014-03-16 00:00:00.000
9977,9172,allison33@adventure-works.com,EA6016F1-0B5C-4615-BF87-870F71F36EA5,2013-08-01 00:00:00.000
9978,9173,arturo13@adventure-works.com,F2B93380-D547-4438-B093-9553E2B3406F,2012-12-20 00:00:00.000
9979,9174,carolyn22@adventure-works.com,3BE764F0-8318-4FDF-99CB-C827D74044CC,2014-02-01 00:00:00.000
9980,9175,chloe8@adventure-works.com,7E687695-B6A1-4957-AD24-5F24A25E85A7,2014-02-26 00:00:00.000
9981,9176,julia9@adventure-works.com,2B5D0FE1-9745-401B-9689-F345749DDA51,2014-05-12 00:00:00.000
9982,9177,carolyn23@adventure-works.com,9B8DB455-8493-435B-B01F-E82F058DB4F0,2013-08-23 00:00:00.000
9983,9178,carolyn24@adventure-works.com,72C7C7F4-2A48-4788-A4DE-C40EFAC638C4,2014-05-20 00:00:00.000
9984,9179,carolyn25@adventure-works.com,C7D2AD5A-99FD-4449-900C-6AAF22005CFB,2013-04-06 00:00:00.000
9985,9180,jennifer13@adventure-works.com,1AB3CAE3-33B5-4B29-8E4E-A59341464875,2014-05-17 00:00:00.000
9986,9181,kaitlyn9@adventure-works.com,E94E7792-F071-4956-8BC7-574EDB77A3FB,2012-06-09 00:00:00.000
9987,9182,morgan8@adventure-works.com,68146B6B-5E0D-49F1-BD74-42FD6A540B4B,2013-09-21 00:00:00.000
9988,9183,isabella41@adventure-works.com,FE3C0895-D853-46FA-BE99-4922A383EB06,2013-08-11 00:00:00.000
9989,9184,natalie54@adventure-works.com,082B1C9E-1B4C-400C-8C47-3CF04EEE7341,2013-11-13 00:00:00.000
9990,9185,alexandra53@adventure-works.com,DA372BEB-9D17-4868-9205-74E06CC387D3,2013-08-02 00:00:00.000
9991,9186,carolyn26@adventure-works.com,950CCA97-38A7-4E1F-89D7-37C88FEA22EF,2013-07-06 00:00:00.000
9992,9187,sydney52@adventure-works.com,5F3C0E9E-9E01-49CA-993F-69E2BD3803FF,2014-01-18 00:00:00.000
9993,9188,katherine59@adventure-works.com,0A36ABAB-440D-4223-9091-A2C264B7EC2B,2013-12-27 00:00:00.000
9994,9189,amanda54@adventure-works.com,055EBD85-5F04-4FD8-9EE7-B5610FFA26E8,2013-12-01 00:00:00.000
9995,9190,carolyn27@adventure-works.com,DF9732A2-3A3B-4BBB-A452-9FC2CFADCB69,2013-10-11 00:00:00.000
9996,9191,hailey52@adventure-works.com,736B4F72-C1FA-4649-9E8D-D0B729420AA1,2013-03-13 00:00:00.000
9997,9192,maria54@adventure-works.com,2C251C89-3BC2-49DA-B51C-E2691F7FFBD7,2013-02-23 00:00:00.000
9998,9193,carolyn28@adventure-works.com,47E70980-A8CE-4EA7-AA59-00D19DD10D77,2011-08-03 00:00:00.000
9999,9194,gabrielle54@adventure-works.com,76831127-0A4C-43A8-930A-BB7E0A21C6AA,2011-08-07 00:00:00.000
10000,9195,haley50@adventure-works.com,38CD96B2-363C-4DEB-BA62-1EBB629F2316,2013-11-09 00:00:00.000
10001,9196,carolyn29@adventure-works.com,34B42547-6BAB-4A21-933E-E1D2737CE176,2013-12-30 00:00:00.000
10002,9197,rebecca13@adventure-works.com,D2D99670-BE36-4D6C-85A0-42C672D80ED5,2014-01-25 00:00:00.000
10003,9198,madeline11@adventure-works.com,930356CC-259B-47C5-95F9-B21645B89AE2,2011-09-04 00:00:00.000
10004,9199,sophia10@adventure-works.com,B9CC6131-E603-43CE-89FF-B10A19A871EA,2013-05-08 00:00:00.000
10005,9200,mary24@adventure-works.com,6EC0748C-4827-4709-91C7-BC87A539AD2E,2013-10-08 00:00:00.000
10006,9201,arturo14@adventure-works.com,D702861A-D468-49DC-A702-795651DD81E3,2013-07-31 00:00:00.000
10007,9202,amber11@adventure-works.com,77027E9D-96FE-492D-A259-9A9BB894F6C7,2013-12-09 00:00:00.000
10008,9203,carolyn30@adventure-works.com,41674441-6E5F-4C21-BF7C-7F7F95354C11,2011-09-17 00:00:00.000
10009,9204,courtney9@adventure-works.com,735427BD-BA6F-47AD-A8C9-BBE83E641F2A,2014-04-19 00:00:00.000
10010,9205,carolyn31@adventure-works.com,1DDE4671-65CE-4453-9B74-F052A2FE87D1,2014-05-28 00:00:00.000
10011,9206,carolyn32@adventure-works.com,882D0B6C-B7CA-45BC-866B-97BC6D1C988E,2013-09-08 00:00:00.000
10012,9207,jenna10@adventure-works.com,E71DBB5B-792E-4453-9376-2BAA11E09B34,2012-06-05 00:00:00.000
10013,9208,carolyn33@adventure-works.com,81F7CD89-5F25-40C5-9AF3-1C662B07798A,2013-07-14 00:00:00.000
10014,9209,carolyn34@adventure-works.com,82393AB3-15D9-417A-92CF-4106C468F523,2013-09-27 00:00:00.000
10015,9210,bailey31@adventure-works.com,A0A691BD-49B3-4DD5-AF49-FD557A5006FD,2013-08-13 00:00:00.000
10016,9211,carolyn35@adventure-works.com,8C191E24-815F-475B-8C48-C1E09F4B2E7B,2013-10-27 00:00:00.000
10017,9212,carolyn36@adventure-works.com,7C60ED10-DA9C-4633-82AA-C699AC7BC45B,2013-08-19 00:00:00.000
10018,9213,gabriella34@adventure-works.com,C5B0F660-5158-4524-9286-D0AFD1239704,2014-04-20 00:00:00.000
10019,9214,carolyn37@adventure-works.com,C0EEC4D7-F7DC-48E2-9C25-CB12260C8F64,2013-12-14 00:00:00.000
10020,9215,sara37@adventure-works.com,2121C5A2-6B6C-4DA8-9E04-3DA64A487092,2013-08-23 00:00:00.000
10021,9216,carolyn38@adventure-works.com,9CDD1BD8-2864-4311-AE68-BA863E2972D8,2011-09-26 00:00:00.000
10022,9217,arturo15@adventure-works.com,430C4DA9-F6D1-4BE0-8238-CD9606E735C6,2014-05-11 00:00:00.000
10023,9218,carolyn39@adventure-works.com,2AFEFBA0-EDD4-42D7-B6F4-F13AF4F65FAB,2014-04-14 00:00:00.000
10024,9219,carolyn40@adventure-works.com,EE120D94-996E-48B4-834B-95EB851FCC8C,2011-10-15 00:00:00.000
10025,9220,jada23@adventure-works.com,02C1F197-C4A1-4179-B664-D66A14B19F8D,2013-11-16 00:00:00.000
10026,9221,carolyn41@adventure-works.com,336282EE-1F36-42E2-8500-F85F609B7155,2013-09-17 00:00:00.000
10027,9222,katelyn34@adventure-works.com,ED3650AD-1BFF-424A-BD82-7CA5AD8EF8D4,2012-05-05 00:00:00.000
10028,9223,carolyn42@adventure-works.com,7C443727-E654-4C15-8AE5-9857DAC25697,2014-06-10 00:00:00.000
10029,9224,marie4@adventure-works.com,850EB832-44DF-4BCB-91DC-1268CBECC96F,2013-04-27 00:00:00.000
10030,9225,savannah33@adventure-works.com,31B52992-AC06-4C96-8380-8974707EE497,2013-01-29 00:00:00.000
10031,9226,kaylee33@adventure-works.com,12B93ABF-9A9C-430D-83D2-B0F6C9D4BC27,2013-09-17 00:00:00.000
10032,9227,allison34@adventure-works.com,108B208F-2FE3-4736-BDA7-2C6EABA26BAB,2013-11-01 00:00:00.000
10033,9228,marie5@adventure-works.com,9457F46D-7FEA-434A-83D7-8B1339B07C9B,2013-07-10 00:00:00.000
10034,9229,chloe9@adventure-works.com,E9915C92-D771-44CD-BC84-CC130D5B19F7,2014-04-16 00:00:00.000
10035,9230,marie6@adventure-works.com,E93471D4-6E49-49BE-9FD8-824950043A5A,2014-02-24 00:00:00.000
10036,9231,marie7@adventure-works.com,2DD74B8A-4FFC-437C-801D-FBC9046A1CE9,2013-10-28 00:00:00.000
10037,9232,marie8@adventure-works.com,9F94E4CD-765D-44A8-B449-346CE04D0293,2013-02-25 00:00:00.000
10038,9233,jennifer14@adventure-works.com,FCF26397-9D7D-4ED5-B9FD-D06E5E352758,2013-07-28 00:00:00.000
10039,9234,kaitlyn10@adventure-works.com,51E88E87-EC52-4FDA-A659-FD5D427558E2,2013-10-08 00:00:00.000
10040,9235,marie9@adventure-works.com,06F6CAD6-8D0F-4A2C-8C7C-9C24CA3B0B47,2014-02-27 00:00:00.000
10041,9236,arturo16@adventure-works.com,5B4754D4-49AB-4682-B657-E60728D3CCB6,2013-07-28 00:00:00.000
10042,9237,marie10@adventure-works.com,CE9F8307-529C-4912-9BDB-46C9BAE8CA8E,2013-11-12 00:00:00.000
10043,9238,morgan9@adventure-works.com,DAD417BD-507D-4F71-B9D3-7EEBAE4BF25C,2011-12-15 00:00:00.000
10044,9239,isabella42@adventure-works.com,0C19AFD0-B264-4DB1-8FE6-B972E8259BB1,2012-07-05 00:00:00.000
10045,9240,natalie55@adventure-works.com,7967602B-ACC5-40E2-9749-0FD3467476E8,2013-08-16 00:00:00.000
10046,9241,alexandra54@adventure-works.com,703CBB52-A4E4-4276-A668-773110B1C41C,2013-12-15 00:00:00.000
10047,9242,sydney53@adventure-works.com,23D1D75C-FCBB-4CD7-95FF-8F8ACAE30921,2011-08-22 00:00:00.000
10048,9243,katherine60@adventure-works.com,8D323024-CEAE-41D7-9863-595DEA9D1310,2014-03-11 00:00:00.000
10049,9244,amanda55@adventure-works.com,B64E6AB9-6319-460C-9BC4-392D3F17A981,2011-12-04 00:00:00.000
10050,9245,stephanie57@adventure-works.com,65EA2C1C-A889-4B4A-A82B-F4FBF70B40D7,2013-12-27 00:00:00.000
10051,9246,marie11@adventure-works.com,718A4B70-1719-46CC-8F03-DF0B719C8184,2013-08-31 00:00:00.000
10052,9247,marie12@adventure-works.com,728AEA41-D01D-4545-80B7-D4E28410B79A,2014-03-25 00:00:00.000
10053,9248,hailey53@adventure-works.com,1B47F291-9567-404C-B2EE-C63E53589C12,2012-06-30 00:00:00.000
10054,9249,maria55@adventure-works.com,8BE18127-A1B4-451A-833F-718E7974A1B2,2014-02-07 00:00:00.000
10055,9250,gabrielle55@adventure-works.com,09033E0D-EE0B-4D72-97A3-EE0A2471E70B,2014-05-19 00:00:00.000
10056,9251,rebecca14@adventure-works.com,7FF611F8-2128-4F4D-82DB-D5DE5F0999A0,2014-01-24 00:00:00.000
10057,9252,madeline12@adventure-works.com,5562AA16-C175-42D9-A884-B95CE3E0E59D,2014-01-16 00:00:00.000
10058,9253,marie13@adventure-works.com,584DB199-763C-4B2B-A772-CA825FD9E806,2013-09-07 00:00:00.000
10059,9254,sophia11@adventure-works.com,831FE696-097F-48E7-86B0-98AD186B1894,2013-10-18 00:00:00.000
10060,9255,mary25@adventure-works.com,2F1961D0-47DF-4B85-8FB3-5951AB639082,2012-11-21 00:00:00.000
10061,9256,marie14@adventure-works.com,6A87E59B-F03F-4736-9AAA-0E8A8F85A3CE,2013-10-24 00:00:00.000
10062,9257,amber12@adventure-works.com,6DC71783-CFAF-4407-A888-F84DC0FD62EF,2013-07-15 00:00:00.000
10063,9258,arturo17@adventure-works.com,95E9B32A-5191-427C-B57E-09D5458937F3,2013-12-07 00:00:00.000
10064,9259,marie15@adventure-works.com,5D9FD9BB-E3B0-495B-B455-193726229B3F,2013-09-01 00:00:00.000
10065,9260,jenna11@adventure-works.com,F79B78A3-8D02-4D98-B63F-2CC1CFC7920C,2013-10-22 00:00:00.000
10066,9261,marie16@adventure-works.com,CC6D2E9F-BB07-4C73-8BF1-D0643AEC26BE,2013-07-15 00:00:00.000
10067,9262,marie17@adventure-works.com,59D73464-FF2F-4CA4-AF6F-387ADCD65CBC,2014-03-13 00:00:00.000
10068,9263,jordan40@adventure-works.com,D24B9323-A118-4D49-A0B3-96127879E33B,2013-12-24 00:00:00.000
10069,9264,sierra11@adventure-works.com,3D7ABDB0-DA2F-4790-B2BF-38760ECBB58E,2014-03-10 00:00:00.000
10070,9265,marie18@adventure-works.com,8CEE8653-B166-4BA3-B9CD-F9430076ADC1,2013-06-30 00:00:00.000
10071,9266,gabriella35@adventure-works.com,6B9BE418-CF8C-4619-BF8D-25248D554574,2013-01-18 00:00:00.000
10072,9267,marie19@adventure-works.com,25F198F5-8388-4AA6-9C75-5A34AEEAE956,2013-03-28 00:00:00.000
10073,9268,sara38@adventure-works.com,3076320B-27DC-47DB-9E53-877D060F2CD2,2013-06-21 00:00:00.000
10074,9269,jada24@adventure-works.com,0CB9C774-F193-4E6E-9254-65D420CBBDE6,2013-11-09 00:00:00.000
10075,9270,marie20@adventure-works.com,93291D10-2ED6-4D17-8ACE-C9C209B89B7B,2013-01-01 00:00:00.000
10076,9271,katelyn35@adventure-works.com,F11FF0CA-88BE-4BB3-8089-83777F36BFB6,2014-02-11 00:00:00.000
10077,9272,savannah34@adventure-works.com,D1A56377-B636-4AA3-84DD-549512909B05,2013-07-23 00:00:00.000
10078,9273,marie21@adventure-works.com,A116F607-61C2-4EAC-9996-A11A6765D362,2013-02-13 00:00:00.000
10079,9274,kaylee34@adventure-works.com,5CE01A26-3B8B-4DF8-B786-FA168EC02E94,2014-04-29 00:00:00.000
10080,9275,marie22@adventure-works.com,A0D25658-DBF8-459D-9080-3142B284423A,2013-07-14 00:00:00.000
10081,9276,allison35@adventure-works.com,A05AC265-2A1D-4B34-BB2E-A79AE86967BB,2013-09-16 00:00:00.000
10082,9277,andrea34@adventure-works.com,3C0A9739-C9F3-41BB-99A8-111872CA8428,2013-08-19 00:00:00.000
10083,9278,chloe10@adventure-works.com,9DC1A183-090E-4714-85B9-3BAFF7506D0C,2012-05-14 00:00:00.000
10084,9279,julia10@adventure-works.com,1F9A08BF-A9F2-4E27-95DD-48D5E5B39409,2013-08-04 00:00:00.000
10085,9280,marie23@adventure-works.com,52F73743-06FD-459F-A68B-382C29EF7DCE,2013-10-15 00:00:00.000
10086,9281,jennifer15@adventure-works.com,134E6024-D0E9-4019-B17C-0B98AC869347,2011-11-28 00:00:00.000
10087,9282,karen7@adventure-works.com,DCED407D-FAB5-4768-AE67-7FBA77F8F239,2014-02-20 00:00:00.000
10088,9283,marie24@adventure-works.com,1600EBF0-313D-4109-8E0E-477775F72FE6,2014-02-16 00:00:00.000
10089,9284,isabella43@adventure-works.com,F837CDCC-865E-4E90-B961-F372B7B076ED,2012-11-27 00:00:00.000
10090,9285,arturo18@adventure-works.com,6F7F6420-B723-47CE-BAEC-E1FAF1A7C1F1,2014-05-05 00:00:00.000
10091,9286,marie25@adventure-works.com,4FAC20C1-553E-4697-920A-EC315B590EAF,2013-06-10 00:00:00.000
10092,9287,sophia12@adventure-works.com,EC78F726-B08C-4685-9F66-4D3BC3D63F34,2013-04-14 00:00:00.000
10093,9288,marie26@adventure-works.com,D35FFA3F-8FDD-45F7-8994-0DEAE83D5C7E,2013-05-04 00:00:00.000
10094,9289,mary26@adventure-works.com,61B847AD-DD9C-4355-B0DB-7880F025464E,2013-11-15 00:00:00.000
10095,9290,marie27@adventure-works.com,31DF02DD-F80B-401E-B1D1-42AD8E806B27,2012-08-30 00:00:00.000
10096,9291,amber13@adventure-works.com,BF40A9F9-79D4-4AFD-BAF5-4B1D8C4C68E8,2011-09-12 00:00:00.000
10097,9292,marie28@adventure-works.com,B1795D8D-FE79-443E-9AC7-A17F0FD301EF,2014-06-27 00:00:00.000
10098,9293,courtney10@adventure-works.com,7ED31713-25A1-4CE6-80BC-3AD9EA7BBF8B,2013-04-24 00:00:00.000
10099,9294,marie29@adventure-works.com,9460680A-F87B-4489-8586-5BD2A89E5ECE,2013-03-23 00:00:00.000
10100,9295,jenna12@adventure-works.com,49296785-B246-4FD5-8E90-C5354CDACE29,2013-08-21 00:00:00.000
10101,9296,marie30@adventure-works.com,2139A579-5B9C-4F3E-9304-923C5B4DBA6E,2013-10-15 00:00:00.000
10102,9297,marie31@adventure-works.com,9F32799D-DC64-4839-ACF6-405681B54DFD,2013-07-20 00:00:00.000
10103,9298,jordan41@adventure-works.com,7DA054DD-BEFF-4F40-BBFB-2591FC31FBC3,2013-09-24 00:00:00.000
10104,9299,sierra12@adventure-works.com,08A930FC-EEA6-42EB-8372-64AA9E9D3B30,2013-07-09 00:00:00.000
10105,9300,bailey32@adventure-works.com,93369632-2A8C-42B9-91E1-FCAD955045F6,2013-11-18 00:00:00.000
10106,9301,marie32@adventure-works.com,A78665E1-80F5-4B45-8EA9-000342AE3314,2012-04-04 00:00:00.000
10107,9302,mackenzie33@adventure-works.com,82BB526A-75F5-4C4B-86A7-12F6E5F3A972,2012-01-11 00:00:00.000
10108,9303,gabriella36@adventure-works.com,686D5375-D547-4B7B-B03A-CED0323B1FA7,2014-01-09 00:00:00.000
10109,9304,sara39@adventure-works.com,D3AEAF10-87B1-496D-A87C-A5776DB4FD07,2013-10-08 00:00:00.000
10110,9305,arturo19@adventure-works.com,0BB4F67E-A6E5-40A4-9190-74514058B84A,2013-07-24 00:00:00.000
10111,9306,marie33@adventure-works.com,62EAC1B7-1132-4C87-A0EE-0AA0A810281D,2012-09-14 00:00:00.000
10112,9307,marie34@adventure-works.com,26C50517-F597-458F-A1CB-FA94604CFF25,2013-08-07 00:00:00.000
10113,9308,jan13@adventure-works.com,351F4D77-57BE-4C03-92E3-9245D5FE1F65,2014-01-17 00:00:00.000
10114,9309,katelyn36@adventure-works.com,9D7E8FB0-66F9-4162-8ED9-A9A337EFC59C,2013-10-30 00:00:00.000
10115,9310,savannah35@adventure-works.com,C466E565-1AFF-4737-9474-2D129EDE292F,2013-10-20 00:00:00.000
10116,9311,marie35@adventure-works.com,67F13DA9-6D58-48F6-8B1C-29157821BB6E,2013-10-02 00:00:00.000
10117,9312,marie36@adventure-works.com,56691404-41B0-4ACD-819F-693E54A9F3F1,2013-08-06 00:00:00.000
10118,9313,marie37@adventure-works.com,558AECCE-E5E9-41CC-BEC1-9DC5610F0D90,2014-06-03 00:00:00.000
10119,9314,kaylee35@adventure-works.com,947EC4A2-E968-4CC0-9B25-FE5851A9F542,2012-03-14 00:00:00.000
10120,9315,marie38@adventure-works.com,62CB863F-BCE2-46D9-AF2E-623BF90D8F6B,2012-08-03 00:00:00.000
10121,9316,marie39@adventure-works.com,C54E4702-BCC0-4257-82C6-60CDCFC3A564,2013-10-13 00:00:00.000
10122,9317,marie40@adventure-works.com,7499E23F-411B-4597-9D07-BEECEB35BB4E,2014-04-16 00:00:00.000
10123,9318,marie41@adventure-works.com,7ED286D3-F211-46C0-B908-A9A432379E10,2013-02-14 00:00:00.000
10124,9319,marie42@adventure-works.com,ED0B4838-EEEB-4EDF-945A-4804FD790C3F,2014-04-25 00:00:00.000
10125,9320,damien16@adventure-works.com,2A55DABF-D053-435C-A638-5CD5F7A0AAD4,2014-01-02 00:00:00.000
10126,9321,arturo20@adventure-works.com,3A78C69F-47F9-447D-BB2E-CA9363D23A0F,2014-05-15 00:00:00.000
10127,9322,marie43@adventure-works.com,3C02B9A0-214F-4B10-87B0-C4A35AD77DDF,2014-05-14 00:00:00.000
10128,9323,andrea35@adventure-works.com,B3DDB173-8018-4F7E-8ED4-AA48908B57B2,2014-03-30 00:00:00.000
10129,9324,marie44@adventure-works.com,C85CC3E2-8618-4349-B554-AD832B7F7A4D,2011-07-06 00:00:00.000
10130,9325,marie45@adventure-works.com,2759E8CE-74DA-4485-9789-24A0A39D85FF,2013-08-05 00:00:00.000
10131,9326,chloe11@adventure-works.com,959CCC7A-104B-42B4-BC9C-5C3D1A7438DA,2013-01-04 00:00:00.000
10132,9327,jennifer16@adventure-works.com,BE73688D-04C4-4C38-8721-B8D543BC26CE,2013-12-11 00:00:00.000
10133,9328,michele55@adventure-works.com,842048E2-3396-4932-9024-896C91F16CDD,2013-12-27 00:00:00.000
10134,9329,kaitlyn11@adventure-works.com,B449ECFA-E050-4577-84C3-E7446716EB10,2013-07-27 00:00:00.000
10135,9330,morgan10@adventure-works.com,55B4B999-86C4-48F4-BE9F-17CD7205DD99,2013-07-07 00:00:00.000
10136,9331,michele56@adventure-works.com,3364F5F3-CC91-4540-927B-68F861FE9915,2013-05-03 00:00:00.000
10137,9332,isabella44@adventure-works.com,50B24A1E-1309-420D-B780-CA849C91CC64,2013-07-13 00:00:00.000
10138,9333,natalie56@adventure-works.com,B1431836-EE13-412D-9B44-843F4BC8146E,2013-12-20 00:00:00.000
10139,9334,michele57@adventure-works.com,A6BE413B-3BB8-4D61-9D10-E3F32513C677,2014-06-17 00:00:00.000
10140,9335,alexandra55@adventure-works.com,C5B6B5E4-E691-4ED3-BFAA-C723F572CAA9,2013-11-13 00:00:00.000
10141,9336,michele58@adventure-works.com,DAF915F9-1C33-4FB0-B078-0F46FC7599F8,2013-11-14 00:00:00.000
10142,9337,sydney54@adventure-works.com,3EF8D51C-4E3D-4AC9-80BD-D92B83AE700F,2014-06-23 00:00:00.000
10143,9338,michele59@adventure-works.com,C1D4A625-B490-407E-B49D-C5E634262BD0,2014-05-22 00:00:00.000
10144,9339,katherine61@adventure-works.com,B42F74D3-0464-4AC4-AD73-B045D37DA4E9,2012-07-03 00:00:00.000
10145,9340,michele60@adventure-works.com,48E41FA1-9A57-492D-BE8D-F0CB3CBE883D,2013-08-18 00:00:00.000
10146,9341,amanda56@adventure-works.com,511CD1E2-8F2C-43FB-BC33-C27ED1F2F243,2014-01-18 00:00:00.000
10147,9342,michele61@adventure-works.com,151998CD-DC5C-4774-878C-FCDCC3E8A803,2014-05-10 00:00:00.000
10148,9343,stephanie58@adventure-works.com,F2B5C5B9-6E9C-4AB2-8157-EAB2E293169E,2014-05-24 00:00:00.000
10149,9344,arturo21@adventure-works.com,5122EFCF-F446-4BC3-87D4-23E6E0096F8C,2013-12-31 00:00:00.000
10150,9345,carol14@adventure-works.com,F60EE6DC-58C9-44F7-B253-84006DEB491A,2014-06-23 00:00:00.000
10151,9346,michele62@adventure-works.com,2317E094-B299-4FF2-819D-37A8D0307F58,2013-02-03 00:00:00.000
10152,9347,michele63@adventure-works.com,3A959DBE-2359-4485-8778-994646E6CD88,2012-07-20 00:00:00.000
10153,9348,maria56@adventure-works.com,63424340-BF48-4079-AD90-9D725F3F1726,2014-04-28 00:00:00.000
10154,9349,gabrielle56@adventure-works.com,CE710AEA-D68F-402E-832A-E24556941B03,2013-12-30 00:00:00.000
10155,9350,ruben0@adventure-works.com,0D28B4C5-8CB3-41DB-A8D7-0DE503429ECD,2013-07-07 00:00:00.000
10156,9351,haley51@adventure-works.com,9A20A994-F5E3-4B96-82AC-C906AE57EE23,2013-09-30 00:00:00.000
10157,9352,rebecca15@adventure-works.com,762DD049-730E-4A9B-BC19-8E27235E2804,2014-02-06 00:00:00.000
10158,9353,darren2@adventure-works.com,192CE631-F2F8-4AF1-BC60-33936079CDBC,2013-05-03 00:00:00.000
10159,9354,madeline13@adventure-works.com,33D30A1F-A9B3-4D7A-9608-A510D7C8DF5D,2014-01-01 00:00:00.000
10160,9355,sophia13@adventure-works.com,A83942B2-1133-4377-912B-CD2A50C4702C,2014-03-02 00:00:00.000
10161,9356,darren3@adventure-works.com,8EEE8D38-26B0-4C58-83AC-33EB1A831BBD,2013-11-21 00:00:00.000
10162,9357,mary27@adventure-works.com,1D1CC47E-0534-426E-9B9B-354AE6B91004,2013-10-14 00:00:00.000
10163,9358,darren4@adventure-works.com,B88066E8-CB67-4D14-B834-0902701408BE,2013-10-27 00:00:00.000
10164,9359,amber14@adventure-works.com,E59F0FBA-ADD9-4DE1-90F6-18C15EC4FB3A,2014-06-14 00:00:00.000
10165,9360,darren5@adventure-works.com,40FB4E13-6707-4EEE-B25C-14E4FE8AFD41,2013-09-16 00:00:00.000
10166,9361,jenna13@adventure-works.com,FB32A3D1-0E40-4C65-B3E5-CB1857997D47,2012-01-31 00:00:00.000
10167,9362,darren6@adventure-works.com,36EBD606-670F-4ABA-A9CE-1A3D190113CB,2014-02-26 00:00:00.000
10168,9363,jordan42@adventure-works.com,9CA2B8C1-7F95-4486-895B-63E28EF0ADE2,2013-12-20 00:00:00.000
10169,9364,arturo22@adventure-works.com,BB4C31F4-7842-4B5D-88FA-C36D4ED2C99E,2014-04-18 00:00:00.000
10170,9365,darren7@adventure-works.com,5C221760-9A61-4400-9D1C-A7A7912F24D0,2012-03-02 00:00:00.000
10171,9366,darren8@adventure-works.com,58652EBD-C8ED-4C5F-86C8-0B446B866E68,2014-05-12 00:00:00.000
10172,9367,darren9@adventure-works.com,0C0A1C9C-ED85-452F-B371-B50155E43A42,2014-06-23 00:00:00.000
10173,9368,bailey33@adventure-works.com,CF6DC199-4B41-4EB5-8B22-5A3542234CEE,2013-10-01 00:00:00.000
10174,9369,darren10@adventure-works.com,1903D479-439E-4447-B9B8-72BAB83BEF07,2014-05-06 00:00:00.000
10175,9370,mackenzie34@adventure-works.com,05FC11BE-0177-4ACB-937C-7AE367FE2C28,2013-10-13 00:00:00.000
10176,9371,darren11@adventure-works.com,F2B4C319-A310-47DA-949F-BB5F47E93AC0,2013-04-03 00:00:00.000
10177,9372,gabriella37@adventure-works.com,8025DA7D-5F37-45F2-A30F-34B32A4EBA81,2013-07-24 00:00:00.000
10178,9373,darren12@adventure-works.com,E627D59E-DCC5-4691-97FE-A938B00BDA61,2013-08-22 00:00:00.000
10179,9374,sara40@adventure-works.com,26EA495A-3C86-4A9F-8E41-FCEEF9D5A260,2013-09-16 00:00:00.000
10180,9375,darren13@adventure-works.com,DBD4BDFB-2FF9-47B9-8D01-53A893A69CAA,2013-07-18 00:00:00.000
10181,9376,janet33@adventure-works.com,83E4FCD9-9FFB-42DC-A011-81B5238A7F2E,2011-12-12 00:00:00.000
10182,9377,darren14@adventure-works.com,08A26AA9-78AB-4754-BB30-222509198932,2011-08-17 00:00:00.000
10183,9378,katelyn37@adventure-works.com,89EB87E1-7019-4A30-8B2F-9DA2532BD3D7,2012-08-01 00:00:00.000
10184,9379,darren15@adventure-works.com,66934F4A-62B8-4DFA-A7D3-69632DB35B78,2014-03-25 00:00:00.000
10185,9380,arturo23@adventure-works.com,02D9C007-79A4-4CDF-941B-499E3086C7F5,2014-03-28 00:00:00.000
10186,9381,darren16@adventure-works.com,E24DA602-9F4B-4BBC-B2EC-F92663B26DF6,2014-01-20 00:00:00.000
10187,9382,savannah36@adventure-works.com,3F8D2B04-F405-45EE-98EE-434C3AAC7649,2011-07-17 00:00:00.000
10188,9383,darren17@adventure-works.com,894ACA03-C06A-48B3-B910-8B9DD07583E5,2013-12-19 00:00:00.000
10189,9384,kaylee36@adventure-works.com,9F860E8B-B3B0-4C19-912A-F65D4C1DD180,2014-04-28 00:00:00.000
10190,9385,darren18@adventure-works.com,A6B74C40-7E4D-4E5F-A831-6BABE3683077,2013-12-24 00:00:00.000
10191,9386,allison36@adventure-works.com,A3C93F0F-E9B6-46FC-9260-1348B6B1B073,2013-11-01 00:00:00.000
10192,9387,darren19@adventure-works.com,B266DC17-EE44-4513-9406-44AA5C390E26,2014-03-25 00:00:00.000
10193,9388,darren20@adventure-works.com,AE909163-E8BA-47E8-8E9D-653CEBAB0D05,2014-06-20 00:00:00.000
10194,9389,chloe12@adventure-works.com,599DAE07-0B8B-49B4-9E2E-0638BAD03A55,2013-11-04 00:00:00.000
10195,9390,julia11@adventure-works.com,E842661D-1454-4D19-BFC6-3BDCE9FA2B9E,2014-01-03 00:00:00.000
10196,9391,darren21@adventure-works.com,C1A62877-2547-4C8B-9DBA-A2F6850AEA16,2013-07-06 00:00:00.000
10197,9392,jennifer17@adventure-works.com,4F3B2033-6C83-45A8-8CF0-A2C2F252C41E,2012-05-30 00:00:00.000
10198,9393,kaitlyn12@adventure-works.com,EFE1535F-24A8-41CC-BCC1-EC6BB62E4C80,2014-04-08 00:00:00.000
10199,9394,morgan11@adventure-works.com,B09F17EF-6F07-48F8-8635-68DC0C097B34,2014-03-28 00:00:00.000
10200,9395,arturo24@adventure-works.com,F49E7BAB-7226-4F8D-809F-43422C90C78A,2013-10-06 00:00:00.000
10201,9396,darren22@adventure-works.com,488AAA4F-93B5-4A9D-A3BC-C2D3B0D2E5A6,2013-08-10 00:00:00.000
10202,9397,isabella45@adventure-works.com,96DE39FC-0564-40CE-904D-1684221D9B87,2011-06-29 00:00:00.000
10203,9398,natalie57@adventure-works.com,680A0EC4-DD87-4A0F-A3D4-341A720F462F,2013-12-16 00:00:00.000
10204,9399,darren23@adventure-works.com,ACE2FF5C-E1E0-4FF6-B388-A045E9EE4C74,2013-07-26 00:00:00.000
10205,9400,alexandra56@adventure-works.com,F236A647-CAB7-4147-ADE7-577620F706CE,2013-08-10 00:00:00.000
10206,9401,darren24@adventure-works.com,0A211AD3-08F5-4936-9274-6B42ADD6220F,2012-10-12 00:00:00.000
10207,9402,sydney55@adventure-works.com,47057620-1C12-46C0-AAA6-263201B73F0D,2013-09-11 00:00:00.000
10208,9403,katherine62@adventure-works.com,ADAC6F63-3C23-4CEA-8DBF-1638205546EC,2013-05-25 00:00:00.000
10209,9404,amanda57@adventure-works.com,8E39C36E-0E8F-4AFB-AC5B-31677DCED5DC,2014-04-03 00:00:00.000
10210,9405,darren25@adventure-works.com,65D429E6-0B83-470D-B6C7-D630F786FC9E,2011-12-29 00:00:00.000
10211,9406,stephanie59@adventure-works.com,D1426B34-8500-43ED-B661-7A363B85B177,2013-08-15 00:00:00.000
10212,9407,hailey54@adventure-works.com,8DA7BDA1-E91F-4ED9-BC33-78C0C8F160F0,2014-01-15 00:00:00.000
10213,9408,darren26@adventure-works.com,34C46D36-210F-4CA8-BB77-1647C02A2AD0,2012-04-16 00:00:00.000
10214,9409,gabrielle57@adventure-works.com,A6A3F62A-722A-477C-9723-20590BD7FEEF,2013-09-05 00:00:00.000
10215,9410,darren27@adventure-works.com,9A42E2D5-E3FB-4CF2-9C01-E1FF63D9FEE7,2013-11-17 00:00:00.000
10216,9411,rebecca16@adventure-works.com,EF9A512A-37DE-4F68-8871-0B8A93306BA3,2013-03-16 00:00:00.000
10217,9412,madeline14@adventure-works.com,AEB4569D-DF13-4D0B-BE10-A28C617D7AEB,2014-06-04 00:00:00.000
10218,9413,sophia14@adventure-works.com,5E7B5C13-94BE-4954-91D0-908D62B127FD,2012-06-12 00:00:00.000
10219,9414,darren28@adventure-works.com,CE7CB20B-2297-4DF3-B76A-0800EC000CB0,2013-11-21 00:00:00.000
10220,9415,mary28@adventure-works.com,9D46BE31-6A80-4595-A695-BE66F724159E,2012-02-15 00:00:00.000
10221,9416,darren29@adventure-works.com,8D71AFD8-EC9D-43FA-8CD6-EB1A3376A374,2013-01-17 00:00:00.000
10222,9417,darren30@adventure-works.com,C528ED23-1F97-4BCE-92E6-5E2806AE7082,2013-12-11 00:00:00.000
10223,9418,amber15@adventure-works.com,E4E8336C-1A65-4438-876E-1E5EEF7077C2,2011-11-07 00:00:00.000
10224,9419,courtney11@adventure-works.com,AD9FE07C-7BA4-4B42-8EFA-1CE499FB34B3,2013-02-03 00:00:00.000
10225,9420,darren31@adventure-works.com,99535710-0BA9-4E19-BFB8-C5C0F9AB5FF5,2012-07-17 00:00:00.000
10226,9421,jenna14@adventure-works.com,FB8C327B-F741-42A1-A35A-94FECBCA97FF,2013-07-10 00:00:00.000
10227,9422,jordan43@adventure-works.com,03B9C17E-065F-4EA9-927C-EF24471EC9D1,2014-03-17 00:00:00.000
10228,9423,sierra13@adventure-works.com,7B1C9CA7-62B8-430A-B16F-1087CCA9F71C,2014-03-05 00:00:00.000
10229,9424,darren32@adventure-works.com,29CB6FCA-74EA-4AB5-8DEE-DB0E9DA6D5A7,2014-02-18 00:00:00.000
10230,9425,bailey34@adventure-works.com,09DDF5BB-8D87-4ED0-B278-66660AE37D5A,2014-04-28 00:00:00.000
10231,9426,darren33@adventure-works.com,4991E167-95A3-44DC-A396-D0F4B9A58656,2011-12-15 00:00:00.000
10232,9427,darren34@adventure-works.com,DD5503B4-0CB1-4743-9147-CA2CEF1E7287,2011-11-07 00:00:00.000
10233,9428,mackenzie35@adventure-works.com,3B4E8EF8-A7C1-45CC-A6B1-BD8FCC473CC6,2013-10-24 00:00:00.000
10234,9429,gabriella38@adventure-works.com,73FA9E85-63B3-4BB1-ACB6-E88FA2173D2E,2013-09-29 00:00:00.000
10235,9430,darren35@adventure-works.com,4DF20140-08D0-4A1E-9B5B-3C47E2477619,2012-12-12 00:00:00.000
10236,9431,sara41@adventure-works.com,48AF1FA3-6B2F-4861-AC62-93152233678C,2013-09-22 00:00:00.000
10237,9432,darren36@adventure-works.com,0E1441D5-5873-4E6F-96BE-2CB38830C616,2013-08-05 00:00:00.000
10238,9433,jan14@adventure-works.com,157B4CFF-A79F-4982-B624-43A2A4896ADE,2012-12-16 00:00:00.000
10239,9434,darren37@adventure-works.com,16C765B1-D630-4EC1-A45C-36442EFC3A3F,2013-12-20 00:00:00.000
10240,9435,darren38@adventure-works.com,C6424187-0A0F-4318-98AE-AE1D4945732A,2013-02-02 00:00:00.000
10241,9436,katelyn38@adventure-works.com,527CC0F3-6A05-4673-BBA1-D71D1778186F,2012-11-11 00:00:00.000
10242,9437,darren39@adventure-works.com,DFD70B93-9881-4317-AABD-535E6BE96EB8,2013-09-09 00:00:00.000
10243,9438,darren40@adventure-works.com,44A6EB6B-4AC8-489A-86CB-201C1CE3B8CE,2013-10-08 00:00:00.000
10244,9439,savannah37@adventure-works.com,38FFBD93-C5B8-4CF9-BE05-CB6BBCDB97BF,2013-11-16 00:00:00.000
10245,9440,kaylee37@adventure-works.com,5F85386A-9ED1-4569-BA73-B570746E7D55,2013-11-02 00:00:00.000
10246,9441,allison37@adventure-works.com,81CD6257-701E-42D1-8A9F-D23E6DA8F43E,2014-03-07 00:00:00.000
10247,9442,arturo25@adventure-works.com,EDC259FC-2D15-441D-A9C1-48BE2D41874C,2014-05-29 00:00:00.000
10248,9443,darren41@adventure-works.com,10CFE397-F015-4D60-A423-B6F526296691,2013-11-26 00:00:00.000
10249,9444,andrea36@adventure-works.com,C25C4BBA-F760-4E74-A44F-D344D626709A,2013-11-17 00:00:00.000
10250,9445,darren42@adventure-works.com,AA899D3B-1E59-48DC-9E00-0450308824EE,2014-02-04 00:00:00.000
10251,9446,chloe13@adventure-works.com,AA1EDE3B-18E6-447F-8499-D287B4CA8C02,2013-07-28 00:00:00.000
10252,9447,darren43@adventure-works.com,3416B7F2-C3E5-436C-BA31-0B9D0A069E3D,2014-04-10 00:00:00.000
10253,9448,julia12@adventure-works.com,A18D1625-E0E1-4590-A8A3-76B90C1CB383,2014-04-29 00:00:00.000
10254,9449,darren44@adventure-works.com,BA5862E8-DA95-42CB-A843-A9B6B2395180,2013-05-18 00:00:00.000
10255,9450,jay6@adventure-works.com,3EC87EDD-1D9D-4A53-93A2-5396E75CC2C7,2013-02-14 00:00:00.000
10256,9451,jay7@adventure-works.com,E4A9C838-2CC2-4DD5-AF6D-6CB0837705E9,2012-08-12 00:00:00.000
10257,9452,jennifer18@adventure-works.com,058995CA-841A-48FB-91B0-6E611024313D,2013-11-17 00:00:00.000
10258,9453,kaitlyn13@adventure-works.com,78A923E8-EC7D-4DD6-AE30-E139410918A5,2013-08-20 00:00:00.000
10259,9454,morgan12@adventure-works.com,6910D5D4-9E29-4A39-BBF9-E8FDC4EB88EB,2014-04-19 00:00:00.000
10260,9455,jay8@adventure-works.com,2FA562C9-E7B2-429B-AF01-638FE9CC704F,2012-11-03 00:00:00.000
10261,9456,isabella46@adventure-works.com,3B77047A-279C-4793-BFCB-4A4D30798B52,2013-12-29 00:00:00.000
10262,9457,natalie58@adventure-works.com,26F91EE0-0E41-433C-BF89-BFB371C64FFA,2012-01-10 00:00:00.000
10263,9458,alexandra57@adventure-works.com,74F1883F-0132-4B09-8D40-21DC0681153F,2011-12-03 00:00:00.000
10264,9459,jay9@adventure-works.com,884DF598-0C8D-4D01-9CF2-024B00327143,2013-07-30 00:00:00.000
10265,9460,sydney56@adventure-works.com,DFAB205D-EA33-4F2E-B99C-2B97BE0C7853,2014-01-08 00:00:00.000
10266,9461,jay10@adventure-works.com,75E5098F-C891-4D8C-B96B-C070FE675856,2013-08-03 00:00:00.000
10267,9462,jay11@adventure-works.com,EF3A680F-D158-41AF-92B8-961E8749155F,2011-09-07 00:00:00.000
10268,9463,katherine63@adventure-works.com,A3A523A5-A365-4934-BC65-675CBDA732D5,2014-05-30 00:00:00.000
10269,9464,arturo26@adventure-works.com,A9858BDF-80F0-4A35-8738-0FB4FF9C9237,2012-10-02 00:00:00.000
10270,9465,jay12@adventure-works.com,D9A2F625-093E-4081-AD1F-3BF19B7D55DA,2014-05-06 00:00:00.000
10271,9466,jay13@adventure-works.com,AED5729B-3B56-4315-B22C-DEA628FAC9EE,2012-08-12 00:00:00.000
10272,9467,jay14@adventure-works.com,C2A11DBC-874A-4F21-B77C-453C6E47DF23,2012-03-23 00:00:00.000
10273,9468,jay15@adventure-works.com,408B762B-9CF1-4537-9229-4471ECBC7B9B,2014-02-25 00:00:00.000
10274,9469,amanda58@adventure-works.com,B13CA54B-1AC7-4B9E-8C83-57177937976E,2013-09-15 00:00:00.000
10275,9470,jay16@adventure-works.com,78D3E835-B631-404E-BD2B-0E0196E2B9B6,2012-07-02 00:00:00.000
10276,9471,jay17@adventure-works.com,CAC19C1D-9E2F-44C5-BD12-1E8764CE61B1,2012-09-18 00:00:00.000
10277,9472,stephanie60@adventure-works.com,73230AC8-1548-466A-B07F-00EEAEDBCA16,2014-05-14 00:00:00.000
10278,9473,jay18@adventure-works.com,566E05A6-A81A-49AE-ADE8-829E62FF09C2,2013-03-13 00:00:00.000
10279,9474,hailey55@adventure-works.com,6D65572E-B0A8-442D-AEB0-64734439EB42,2013-08-14 00:00:00.000
10280,9475,jay19@adventure-works.com,541DB250-4051-4967-A0EC-16153CA85FCA,2012-12-11 00:00:00.000
10281,9476,maria57@adventure-works.com,F76F3FDD-D926-47F3-88CD-4AA73EE61D9C,2013-07-27 00:00:00.000
10282,9477,gabrielle58@adventure-works.com,CAD00EFB-5000-4335-8B46-FAB3A6F2527C,2013-10-03 00:00:00.000
10283,9478,haley52@adventure-works.com,651AF69F-9C56-4159-AFEA-B9EC8BAAA517,2012-06-17 00:00:00.000
10284,9479,rebecca17@adventure-works.com,35685558-949F-4E45-80A8-57059E653A07,2012-12-18 00:00:00.000
10285,9480,arturo27@adventure-works.com,D375A52E-C823-48AB-A0AA-2492335BE954,2012-11-05 00:00:00.000
10286,9481,jay20@adventure-works.com,C8D9F804-0733-49BC-A62A-756905873E49,2013-03-15 00:00:00.000
10287,9482,jay21@adventure-works.com,7BF63849-20F6-4DD0-B573-E4A9F7C8BD12,2014-02-20 00:00:00.000
10288,9483,jay22@adventure-works.com,AB5D24DC-DCA2-4DEF-90B5-E3F14E75C2D9,2013-11-29 00:00:00.000
10289,9484,mary29@adventure-works.com,7DF98CD7-C6D2-44EE-8101-77C6D394AC28,2012-06-27 00:00:00.000
10290,9485,jay23@adventure-works.com,36C6B1E8-C796-4E12-A006-DC7BFC5368D9,2012-02-21 00:00:00.000
10291,9486,jay24@adventure-works.com,05B290D4-B3EA-45C1-BBE3-597E60BF50D2,2013-05-14 00:00:00.000
10292,9487,amber16@adventure-works.com,0E1CF976-4C5E-4DFB-8C6F-050B5D4E5B34,2013-01-07 00:00:00.000
10293,9488,courtney12@adventure-works.com,C8E536E1-08E8-46A2-AA75-82348A86BCF9,2014-04-07 00:00:00.000
10294,9489,jay25@adventure-works.com,9C810CFF-A3E1-48D9-AFC4-94D812848874,2013-02-13 00:00:00.000
10295,9490,jenna15@adventure-works.com,1EB6965D-958B-440F-B3E8-A428AFCD962B,2013-12-18 00:00:00.000
10296,9491,jay26@adventure-works.com,AF5F19E7-26A9-4106-8388-BD4B30C104C7,2013-07-28 00:00:00.000
10297,9492,jordan44@adventure-works.com,D01727BD-1377-49A9-9D13-1B2F00E12195,2013-07-26 00:00:00.000
10298,9493,jay27@adventure-works.com,2ABB7BD0-048B-49CC-A9E8-805D2557F729,2011-07-18 00:00:00.000
10299,9494,bailey35@adventure-works.com,5FDF1969-70AB-4F7A-8970-FCBAC18A6C82,2012-07-24 00:00:00.000
10300,9495,mackenzie36@adventure-works.com,AAD585FD-7BE1-48FD-A9BE-28B64AFE418C,2013-12-27 00:00:00.000
10301,9496,jay28@adventure-works.com,001299DF-315F-48BE-911A-A5D18733141F,2013-08-01 00:00:00.000
10302,9497,gabriella39@adventure-works.com,B86B6A88-34E3-4083-ABAB-4B008693C318,2014-03-08 00:00:00.000
10303,9498,sara42@adventure-works.com,3FD5C743-F845-4D02-B061-3013CAB63F03,2013-12-03 00:00:00.000
10304,9499,jada25@adventure-works.com,C524336A-8234-491C-89C6-9B17C3A57ED8,2014-04-13 00:00:00.000
10305,9500,katelyn39@adventure-works.com,8B2495F1-209A-4786-A692-DA691E6E3684,2013-07-18 00:00:00.000
10306,9501,jay29@adventure-works.com,F47FFB04-C04D-47D6-9A76-B3484AE4E884,2013-11-11 00:00:00.000
10307,9502,arturo28@adventure-works.com,0C80CA57-C1F5-4EA3-8E14-2D858BCEC44D,2013-07-15 00:00:00.000
10308,9503,jay30@adventure-works.com,10599024-0289-479E-AF7D-98600D972E70,2013-09-23 00:00:00.000
10309,9504,savannah38@adventure-works.com,CEEB027C-1CF3-4D48-A865-9BF6DF6C35D1,2013-11-11 00:00:00.000
10310,9505,jay31@adventure-works.com,E92EDFDC-1A63-4D87-B020-56C106F7EA45,2013-10-13 00:00:00.000
10311,9506,kaylee38@adventure-works.com,83A901F8-B9D1-4ADE-8E32-B09112C2864D,2013-12-21 00:00:00.000
10312,9507,allison38@adventure-works.com,89F915ED-2B53-4A74-8292-AFD2D987EE22,2013-02-22 00:00:00.000
10313,9508,jay32@adventure-works.com,DFE5A715-0F63-4591-9517-27040E2A7474,2013-09-10 00:00:00.000
10314,9509,andrea37@adventure-works.com,821F7EA5-8453-4CD7-9F80-20A514311ACD,2014-03-07 00:00:00.000
10315,9510,jay33@adventure-works.com,0C2EF10D-EEC7-4F31-ADA0-22D270401F4A,2014-06-25 00:00:00.000
10316,9511,chloe14@adventure-works.com,8D10F958-1C49-421E-85D0-125CF9B7F8D0,2013-09-20 00:00:00.000
10317,9512,julia13@adventure-works.com,951E5397-D3D8-48CE-A696-61AE8B0C1A56,2014-02-03 00:00:00.000
10318,9513,jay34@adventure-works.com,28C4ADB3-32FE-4360-B219-5B494DF819F3,2014-02-13 00:00:00.000
10319,9514,jennifer19@adventure-works.com,C82BB828-074D-4B31-ACB5-F837A51A3A2B,2014-01-10 00:00:00.000
10320,9515,kaitlyn14@adventure-works.com,616699A5-FDC3-44BE-952E-92C0FB15ACC0,2014-02-07 00:00:00.000
10321,9516,morgan13@adventure-works.com,BAABF20E-FC5E-4513-B0E3-9C1EA6BF42A6,2014-05-11 00:00:00.000
10322,9517,isabella47@adventure-works.com,258F1044-81C3-4CA0-BEB2-9D8B225E0790,2013-01-23 00:00:00.000
10323,9518,jay35@adventure-works.com,911A799B-D232-4DEE-B92D-BC1AE081D837,2014-04-29 00:00:00.000
10324,9519,jay36@adventure-works.com,45E9A018-2C8C-4020-AFAE-9B3F39D1FD61,2011-11-14 00:00:00.000
10325,9520,natalie59@adventure-works.com,EBB63867-C9D5-444F-8750-E32987CD2A06,2013-08-03 00:00:00.000
10326,9521,jay37@adventure-works.com,8F7DD771-5D2A-428B-AE1B-22900007D9FB,2012-08-09 00:00:00.000
10327,9522,alexandra58@adventure-works.com,44E658F4-2341-4CA6-B45C-FD24C34BAE9F,2013-12-16 00:00:00.000
10328,9523,sydney57@adventure-works.com,8B860765-2714-46BB-9AE5-4EF974171E56,2013-10-16 00:00:00.000
10329,9524,katherine64@adventure-works.com,B64796F0-6CFC-46CD-88DF-C833BCDBC30D,2013-08-12 00:00:00.000
10330,9525,jay38@adventure-works.com,4AB2C49F-F8FC-46E2-ABA8-13E34F697057,2013-10-03 00:00:00.000
10331,9526,arturo29@adventure-works.com,93B0393D-7985-4642-8BB9-B3D110795741,2013-08-16 00:00:00.000
10332,9527,jay39@adventure-works.com,CB008568-D267-4728-B2CD-50EA5B76FEA2,2013-01-23 00:00:00.000
10333,9528,amanda59@adventure-works.com,0A5462DF-58E4-4F37-9DFE-1132A30D8DA5,2014-04-20 00:00:00.000
10334,9529,stephanie61@adventure-works.com,4429D326-C6AF-4E23-8FB4-CBE5A3DCD007,2012-07-27 00:00:00.000
10335,9530,jay40@adventure-works.com,958AC211-5D1F-4560-BA56-579C05B10337,2013-08-13 00:00:00.000
10336,9531,hailey56@adventure-works.com,5B043434-8BF1-41A9-A608-1FFC42858E3E,2014-05-16 00:00:00.000
10337,9532,jay41@adventure-works.com,11EA566D-59F0-484F-866C-8C86733726EB,2013-02-28 00:00:00.000
10338,9533,jay42@adventure-works.com,E403E945-0604-454D-93D1-DEE99C1C83F4,2013-06-26 00:00:00.000
10339,9534,maria58@adventure-works.com,AA7920AC-E97A-4138-B36E-224545DB59B3,2014-03-09 00:00:00.000
10340,9535,gabrielle59@adventure-works.com,139B4819-000C-4FCF-94F7-C1C1BB2F109D,2014-03-02 00:00:00.000
10341,9536,jay43@adventure-works.com,4E38B53B-7212-40EC-BFB6-49AFA40D831D,2014-02-11 00:00:00.000
10342,9537,rebecca18@adventure-works.com,65E135FB-AAED-4C30-8C52-8AF3C11F7811,2014-06-02 00:00:00.000
10343,9538,madeline15@adventure-works.com,6C37255B-817A-4507-A2FA-352B36F1D8CA,2013-10-04 00:00:00.000
10344,9539,jay44@adventure-works.com,43C1A2C8-A52E-4186-B746-79CA20795422,2014-02-20 00:00:00.000
10345,9540,sophia15@adventure-works.com,00E26C03-EA69-4EDB-A381-00787877967C,2013-12-15 00:00:00.000
10346,9541,mary30@adventure-works.com,96E9359F-70F0-45BF-957F-911C7D58C354,2013-10-01 00:00:00.000
10347,9542,jay45@adventure-works.com,FCCE30F9-F694-4954-B211-0CEDE0D2F2B2,2013-03-17 00:00:00.000
10348,9543,amber17@adventure-works.com,C3D23F5C-0D28-40EB-B242-A9A53ECE3D5B,2011-10-30 00:00:00.000
10349,9544,jay46@adventure-works.com,A5FA747A-3A57-4523-AFB6-EA6D75C00385,2013-08-28 00:00:00.000
10350,9545,courtney13@adventure-works.com,49026AEC-752F-46C4-9BA6-9B40918928D4,2014-04-03 00:00:00.000
10351,9546,jay47@adventure-works.com,FB57643B-659A-4527-B136-1703F4AB21F3,2012-08-29 00:00:00.000
10352,9547,jenna16@adventure-works.com,C5947068-87BC-4A8A-BB28-39933A43E1EC,2013-09-21 00:00:00.000
10353,9548,jordan45@adventure-works.com,73DF76B2-1B92-45E4-BC6B-2DB1D1BB43FD,2013-10-01 00:00:00.000
10354,9549,jay48@adventure-works.com,BC6F5230-DACB-4AC3-BB22-D9B965782432,2012-04-24 00:00:00.000
10355,9550,sierra14@adventure-works.com,EC9B8679-8914-446B-8439-9F17B546BE99,2013-10-19 00:00:00.000
10356,9551,bailey36@adventure-works.com,F5A17206-2B8C-4C03-BD9B-231C59340270,2013-12-22 00:00:00.000
10357,9552,arturo30@adventure-works.com,7626BA89-FE25-4625-960D-B5108D0445B1,2014-03-16 00:00:00.000
10358,9553,jay49@adventure-works.com,826F61DE-A1D2-4635-902C-74A68BBFE9F2,2012-06-23 00:00:00.000
10359,9554,jay50@adventure-works.com,ADF2D03A-4D25-4C77-94E3-B7940B3BA6A0,2014-05-13 00:00:00.000
10360,9555,jay51@adventure-works.com,465FB56E-1E20-4388-BA21-894025B4AB53,2013-03-08 00:00:00.000
10361,9556,mackenzie37@adventure-works.com,BD6BC75A-EF86-41CD-81AF-6D2F0B7F19AB,2013-07-14 00:00:00.000
10362,9557,tabitha0@adventure-works.com,6156B341-DB8F-48F1-AA3E-F03DB88A3F25,2013-08-31 00:00:00.000
10363,9558,gabriella40@adventure-works.com,BF532D98-180C-4FAF-9677-F5A532B569B3,2014-02-24 00:00:00.000
10364,9559,sara43@adventure-works.com,F5C3CD2E-DE53-45BC-A585-6B519E88CB7C,2013-07-23 00:00:00.000
10365,9560,tabitha1@adventure-works.com,E62796AA-BB52-41FB-AA5E-29E7B9AE9593,2013-10-20 00:00:00.000
10366,9561,jada26@adventure-works.com,000D1375-6D0F-47B9-BD32-FF1AE0869620,2013-12-24 00:00:00.000
10367,9562,katelyn40@adventure-works.com,E7704D7C-326B-481B-985F-7CF0A6C550E5,2013-07-21 00:00:00.000
10368,9563,tabitha2@adventure-works.com,FCAF53CD-9BF5-4630-AFC6-E4A8DF9260D1,2014-04-24 00:00:00.000
10369,9564,savannah39@adventure-works.com,F1B4156D-4FB2-4231-9E33-9EA2DEDB3C56,2013-07-15 00:00:00.000
10370,9565,tabitha3@adventure-works.com,17438803-8262-49EA-87D7-4CF67993A2B7,2013-05-12 00:00:00.000
10371,9566,tabitha4@adventure-works.com,C882448B-6AC8-4CCD-A2E3-2FDB80DE8544,2013-08-04 00:00:00.000
10372,9567,kaylee39@adventure-works.com,3E21A7C1-3857-4992-AA8C-665AC5502F13,2013-07-16 00:00:00.000
10373,9568,arturo31@adventure-works.com,2DDDDDF9-933D-4276-895A-E634B302FD47,2013-12-11 00:00:00.000
10374,9569,allison39@adventure-works.com,A33BEAF3-F430-4BC9-9AA6-458B6032C7BC,2014-02-15 00:00:00.000
10375,9570,tabitha5@adventure-works.com,706FB9F4-E348-4EF1-BEAB-9C9487A75254,2011-06-13 00:00:00.000
10376,9571,andrea38@adventure-works.com,5ECF4B3B-FB9E-4FE7-9004-A07B57360C4B,2013-01-20 00:00:00.000
10377,9572,chloe15@adventure-works.com,BEF522D4-713D-40F1-82FF-1CC03B2B303A,2013-05-22 00:00:00.000
10378,9573,julia14@adventure-works.com,5DA32B7D-DE0B-4BF4-B9A6-5ABE93FE50AB,2013-08-05 00:00:00.000
10379,9574,tabitha6@adventure-works.com,B40B041A-6371-4EA8-946A-14BB5D6465AE,2013-12-28 00:00:00.000
10380,9575,jennifer20@adventure-works.com,8F179BEB-E3A4-4E77-8694-E361380995F6,2013-09-25 00:00:00.000
10381,9576,kaitlyn15@adventure-works.com,A072DF3B-47C1-4421-847A-193A716820EF,2013-07-16 00:00:00.000
10382,9577,morgan14@adventure-works.com,010BF8C4-F56C-40E1-9A6B-D9F7C22D1E53,2013-11-07 00:00:00.000
10383,9578,tabitha7@adventure-works.com,981F59BD-405B-4356-ACA9-498C43133F7A,2013-02-14 00:00:00.000
10384,9579,isabella48@adventure-works.com,1DEE131D-805E-47B8-84F2-EDBE84E6E514,2013-11-17 00:00:00.000
10385,9580,natalie60@adventure-works.com,D6303128-E54F-4F2B-B4E7-2DDF82609E75,2013-04-06 00:00:00.000
10386,9581,tabitha8@adventure-works.com,0AD06D29-3AB2-46B7-BCCF-8396BE3C1E86,2011-12-28 00:00:00.000
10387,9582,sydney58@adventure-works.com,A0E5447A-F90D-46A7-9066-CA870E05D6A6,2014-01-02 00:00:00.000
10388,9583,tabitha9@adventure-works.com,E65BC420-4FB2-4E16-BDB9-58A453B6F4C6,2013-10-12 00:00:00.000
10389,9584,katherine65@adventure-works.com,D4F273EB-6FFD-4B45-83AC-B516744643C8,2011-10-23 00:00:00.000
10390,9585,tabitha10@adventure-works.com,789CC0C5-49B6-4654-89B3-B832F8E0AE38,2011-09-07 00:00:00.000
10391,9586,tabitha11@adventure-works.com,7228E40A-2902-4DE6-8D81-9507700035BC,2014-04-15 00:00:00.000
10392,9587,amanda60@adventure-works.com,94DD7B94-6CE1-4510-B50D-FF07F50A2C44,2014-05-03 00:00:00.000
10393,9588,arturo32@adventure-works.com,8166A076-DABC-4AAB-B496-AA71C63F3F71,2013-12-21 00:00:00.000
10394,9589,tabitha12@adventure-works.com,79A63A57-F874-4744-A32E-CBD861525DEE,2014-01-01 00:00:00.000
10395,9590,tabitha13@adventure-works.com,213A0144-C3F9-4406-9532-338198EE9022,2013-09-07 00:00:00.000
10396,9591,stephanie62@adventure-works.com,34DD16BE-190E-4934-8901-84639A22D877,2012-09-29 00:00:00.000
10397,9592,tabitha14@adventure-works.com,8AD9543B-165C-483B-BC5D-7D61CB4EEA0C,2013-07-22 00:00:00.000
10398,9593,hailey57@adventure-works.com,B2D31D69-0D19-4A84-8A53-1C62DCC76D6A,2014-04-29 00:00:00.000
10399,9594,jordan46@adventure-works.com,604BE506-5614-48BD-A5E1-C6A71285700D,2013-07-31 00:00:00.000
10400,9595,sierra15@adventure-works.com,D574104D-B6D3-4CA3-8EEE-820FD39458BB,2013-07-11 00:00:00.000
10401,9596,tabitha15@adventure-works.com,356DB53D-56D3-4730-9153-552C10BF383A,2014-01-10 00:00:00.000
10402,9597,bailey37@adventure-works.com,156F251F-E960-4A86-BBBE-5DE72F43EB76,2013-10-05 00:00:00.000
10403,9598,mackenzie38@adventure-works.com,7689127B-4D14-4061-8728-588AC325DDE7,2014-05-03 00:00:00.000
10404,9599,gabriella41@adventure-works.com,000EB92C-C15D-4EA6-931F-F6E64143B5E1,2012-09-18 00:00:00.000
10405,9600,sara44@adventure-works.com,2A9763F6-B36C-4ECF-9E85-0036CB35AFFA,2013-07-29 00:00:00.000
10406,9601,tabitha16@adventure-works.com,D6752A49-CACE-4BE6-A539-BD91B3E2665B,2014-04-24 00:00:00.000
10407,9602,janet34@adventure-works.com,FE7D0FE2-9E06-4908-ABF1-1708B6A36FF4,2013-11-13 00:00:00.000
10408,9603,tabitha17@adventure-works.com,AB6B4482-85E3-4DCD-9B71-613FF7A18BDA,2014-02-03 00:00:00.000
10409,9604,katelyn41@adventure-works.com,BD1733B2-94AF-4180-AAAC-7CE2CDA857C6,2014-05-24 00:00:00.000
10410,9605,savannah40@adventure-works.com,13F93AB6-88EA-46F6-A521-9875DB3DF3DE,2012-08-20 00:00:00.000
10411,9606,tabitha18@adventure-works.com,EDFB8843-8909-44FB-8B6D-52C55F88E561,2014-01-08 00:00:00.000
10412,9607,tabitha19@adventure-works.com,042E0280-E4C2-4B76-A31E-42F2561671B3,2014-02-10 00:00:00.000
10413,9608,kaylee40@adventure-works.com,A36DEF5F-B25B-4261-904C-5598C1E322DD,2013-08-01 00:00:00.000
10414,9609,allison40@adventure-works.com,9202B5F5-E803-4EFC-9746-E782A486A1C3,2014-03-07 00:00:00.000
10415,9610,tabitha20@adventure-works.com,650D49E2-A4B5-42BD-B15F-36985ADD61B9,2011-07-29 00:00:00.000
10416,9611,arturo33@adventure-works.com,8FE850ED-6901-4873-AF48-8A01A836A6DF,2013-10-29 00:00:00.000
10417,9612,tabitha21@adventure-works.com,61433FA4-EBBF-46AA-B96E-932E7F5456F9,2013-07-20 00:00:00.000
10418,9613,tabitha22@adventure-works.com,4AA8BA64-FC04-42B8-B496-52E1B2F7F5C9,2012-12-12 00:00:00.000
10419,9614,andrea39@adventure-works.com,75516933-779E-4B4C-9F82-A8C3D022CB8A,2013-09-12 00:00:00.000
10420,9615,chloe16@adventure-works.com,8695DBE9-0F81-45FE-9995-5A0A535EC4F9,2014-06-15 00:00:00.000
10421,9616,tabitha23@adventure-works.com,1E20A723-FDAD-4999-B0F3-E5481E711BE2,2013-08-27 00:00:00.000
10422,9617,julia15@adventure-works.com,77616622-8EF6-4C7D-8069-B894F53ADDAB,2013-10-06 00:00:00.000
10423,9618,jennifer21@adventure-works.com,1D951029-12A5-4873-AB16-31E54533F8BB,2013-07-28 00:00:00.000
10424,9619,kaitlyn16@adventure-works.com,6655E6A0-C87D-484A-9957-9CDD706DAF98,2013-08-24 00:00:00.000
10425,9620,morgan15@adventure-works.com,5D6943C2-C682-4408-AE63-AEC96647B471,2013-07-11 00:00:00.000
10426,9621,tabitha24@adventure-works.com,1CDDC44A-323C-49C7-8959-3D17445854EA,2013-03-24 00:00:00.000
10427,9622,isabella49@adventure-works.com,AF503114-BD4A-4333-8541-78F8F36618FC,2012-06-01 00:00:00.000
10428,9623,tabitha25@adventure-works.com,109E50A1-DF99-4A84-B8D1-607C06522A08,2012-08-06 00:00:00.000
10429,9624,natalie61@adventure-works.com,D902DA21-BC7B-470C-8E75-CE769C65692F,2011-07-06 00:00:00.000
10430,9625,tabitha26@adventure-works.com,025E1CBA-FF84-41A8-8CFB-B54CF5B2A6C2,2012-02-25 00:00:00.000
10431,9626,alexandra59@adventure-works.com,A08840B8-99A0-411D-8A5C-F24A07346946,2013-10-23 00:00:00.000
10432,9627,tabitha27@adventure-works.com,664C010A-52AA-45A0-87C0-90E23BF58EE3,2014-05-14 00:00:00.000
10433,9628,sydney59@adventure-works.com,F1C209D6-9082-4691-9A6C-BEB6AE1CA7C8,2012-09-14 00:00:00.000
10434,9629,katherine66@adventure-works.com,583383E3-67E8-473A-9E38-E6DC4C76688C,2013-07-07 00:00:00.000
10435,9630,amanda61@adventure-works.com,BA51659E-599F-48EE-909C-52F831DE8906,2013-11-05 00:00:00.000
10436,9631,tabitha28@adventure-works.com,957A1C7B-4597-40AC-802A-0A6F7437C885,2014-03-29 00:00:00.000
10437,9632,stephanie63@adventure-works.com,E06958AC-D8E7-4FC0-9099-F04F0CA7B6DA,2014-02-17 00:00:00.000
10438,9633,tabitha29@adventure-works.com,F07366ED-414E-48B6-BC73-B0C98F269A20,2014-01-06 00:00:00.000
10439,9634,tabitha30@adventure-works.com,35DEDA10-E6D3-4830-8FC5-07EC7E3BF17A,2014-02-03 00:00:00.000
10440,9635,hailey58@adventure-works.com,E17DC08E-1AEB-4878-9255-0CA630F633C7,2013-12-13 00:00:00.000
10441,9636,arturo34@adventure-works.com,40A54545-39BF-4619-858B-405A77A63D4B,2012-12-29 00:00:00.000
10442,9637,tabitha31@adventure-works.com,80EA718B-4446-42F3-BA22-EF534B7AFA1F,2014-03-08 00:00:00.000
10443,9638,tabitha32@adventure-works.com,5D7514D7-E3C6-4EA9-9011-63BF028EFA28,2013-02-26 00:00:00.000
10444,9639,tabitha33@adventure-works.com,6C666CC0-D417-4A70-8ED3-EE9B4A7FD557,2014-06-03 00:00:00.000
10445,9640,maria59@adventure-works.com,61A983C4-0C03-4EBF-A121-3FD619CCD76C,2011-12-13 00:00:00.000
10446,9641,gabrielle60@adventure-works.com,6F3A86F3-B1EC-4336-A310-D44534643CBA,2014-05-29 00:00:00.000
10447,9642,tabitha34@adventure-works.com,9839FD01-EE85-4DDA-8ACE-32D4F0D7DAB6,2013-12-02 00:00:00.000
10448,9643,haley53@adventure-works.com,BD7A116E-2E20-4938-BF98-799C89500408,2013-09-28 00:00:00.000
10449,9644,tabitha35@adventure-works.com,6401CE50-67F9-440D-9261-837BCD7149A5,2014-02-24 00:00:00.000
10450,9645,rebecca19@adventure-works.com,B7AB3022-7413-43BF-902B-F9A6A5552520,2013-07-09 00:00:00.000
10451,9646,tabitha36@adventure-works.com,5E2AD871-9D5D-4E88-A543-D66645B1715A,2013-07-07 00:00:00.000
10452,9647,madeline16@adventure-works.com,190C023E-09F3-48DF-9AD8-F0F2E5843EBD,2014-06-26 00:00:00.000
10453,9648,sophia16@adventure-works.com,F8BA83AA-E66C-472F-9AE3-45E16C37BAB2,2014-05-08 00:00:00.000
10454,9649,mary31@adventure-works.com,8EED1E5B-647E-4E0D-A0E2-D43BE7FD9AB5,2013-11-16 00:00:00.000
10455,9650,tabitha37@adventure-works.com,648FB28A-90E2-4431-A627-5EA87071A18B,2013-07-18 00:00:00.000
10456,9651,amber18@adventure-works.com,52CF61CA-A2A3-41FE-BEFA-79414A80DE66,2014-01-10 00:00:00.000
10457,9652,tabitha38@adventure-works.com,D4E3925C-BF8D-435F-9B3D-D810573DBF24,2013-11-19 00:00:00.000
10458,9653,courtney14@adventure-works.com,4791482F-F57C-474A-90D0-76955E01399B,2013-07-15 00:00:00.000
10459,9654,jenna17@adventure-works.com,2E3E32FD-2FA0-4892-B71A-4C4F753DAA27,2012-11-17 00:00:00.000
10460,9655,tabitha39@adventure-works.com,97B7D875-B86F-4D2D-A2FE-0884C70E0FEF,2013-07-26 00:00:00.000
10461,9656,tabitha40@adventure-works.com,785D35A9-E804-486A-80AB-12C2B3B7D6DC,2013-12-26 00:00:00.000
10462,9657,jordan47@adventure-works.com,BC396587-1A37-439E-B624-3FF0FE2A2977,2014-03-30 00:00:00.000
10463,9658,sierra16@adventure-works.com,AA51AE33-199C-4785-91EB-6C563586E79C,2013-08-12 00:00:00.000
10464,9659,arturo35@adventure-works.com,82FCBE8A-D6AF-4B25-8DB9-DE0A08AF01A0,2013-09-21 00:00:00.000
10465,9660,tabitha41@adventure-works.com,DD8A8BE7-5A83-4DC9-A9B9-5F00A7317839,2014-02-27 00:00:00.000
10466,9661,bailey38@adventure-works.com,51F0DF31-A4FD-4DDD-B647-C6DE7C10EDCE,2012-01-26 00:00:00.000
10467,9662,mackenzie39@adventure-works.com,D4C607B0-F62A-4CB1-8B4D-CD59A1B27432,2013-10-14 00:00:00.000
10468,9663,gabriella42@adventure-works.com,46C23C83-3727-4C78-B43C-2A3165F79F3F,2013-10-15 00:00:00.000
10469,9664,sara45@adventure-works.com,80540577-CBAE-44B1-9849-3F0C410E0208,2012-06-23 00:00:00.000
10470,9665,jan15@adventure-works.com,8B0930A0-A1AD-441C-9DEB-51AEEA03E4E7,2013-12-29 00:00:00.000
10471,9666,kari2@adventure-works.com,7907EA1A-6B05-40D6-BD5E-A59B53923B31,2013-12-05 00:00:00.000
10472,9667,katelyn42@adventure-works.com,7ADEE940-B038-4A01-8343-1AEA50272A40,2013-09-15 00:00:00.000
10473,9668,kari3@adventure-works.com,2449392A-1E1E-45D8-8B19-5E1D6FE8469D,2011-11-06 00:00:00.000
10474,9669,savannah41@adventure-works.com,0515F4F4-7567-43DB-B283-0E5132EF6ED2,2013-06-09 00:00:00.000
10475,9670,kari4@adventure-works.com,AF4B0CCF-BEF3-41EF-94AE-98DB6FB5043B,2014-02-08 00:00:00.000
10476,9671,kaylee41@adventure-works.com,0B3C0EAC-FAA6-4246-B5B4-77EABFB20E41,2014-05-12 00:00:00.000
10477,9672,allison41@adventure-works.com,1299BE13-88DD-410D-A7C3-038BA1BCC459,2013-12-07 00:00:00.000
10478,9673,andrea40@adventure-works.com,7B31DF7F-4B9D-49F2-B418-B9DDEA8523DD,2013-07-03 00:00:00.000
10479,9674,kari5@adventure-works.com,E77CE190-848D-4C53-8532-EA080CDAE359,2014-06-24 00:00:00.000
10480,9675,chloe17@adventure-works.com,103FD505-3296-419B-8843-2CFD15B93453,2013-09-27 00:00:00.000
10481,9676,julia16@adventure-works.com,E9031173-D20B-4714-B91F-79846D0A2E15,2014-06-01 00:00:00.000
10482,9677,jennifer22@adventure-works.com,7FA7163C-612A-4E56-9107-BA933656E42B,2014-05-17 00:00:00.000
10483,9678,kaitlyn17@adventure-works.com,321F132B-AEDF-4CF5-B7E5-9E59411D59E3,2013-09-27 00:00:00.000
10484,9679,kari6@adventure-works.com,461E8410-FFF6-4E45-B706-D1505C5CB57E,2012-05-20 00:00:00.000
10485,9680,kari7@adventure-works.com,2E9C88C5-5CB0-4B95-97A4-66B6E0E7A972,2013-07-11 00:00:00.000
10486,9681,arturo36@adventure-works.com,A4772888-68CD-4BA3-8899-66687057F786,2014-02-17 00:00:00.000
10487,9682,morgan16@adventure-works.com,C5382C33-BB20-4B5F-A2C8-AC716B22621F,2013-12-15 00:00:00.000
10488,9683,isabella50@adventure-works.com,4850B436-2CD4-4C0E-935C-693D1C5DCA11,2014-03-21 00:00:00.000
10489,9684,natalie62@adventure-works.com,861C5589-E7A6-411C-AD4E-A0394654F1F9,2013-12-19 00:00:00.000
10490,9685,alexandra60@adventure-works.com,A02CD2D9-54D1-41ED-8383-309AC5B13DC4,2014-05-05 00:00:00.000
10491,9686,kari8@adventure-works.com,1446591A-1754-41A8-ADF1-E99F15B00362,2013-08-20 00:00:00.000
10492,9687,sydney60@adventure-works.com,33E3B8FC-970D-40FE-94B7-75E6B63925C0,2014-05-27 00:00:00.000
10493,9688,kari9@adventure-works.com,89111010-A1AA-40F0-B3C4-B121CF27D77D,2012-01-13 00:00:00.000
10494,9689,katherine67@adventure-works.com,C63E4696-E152-4661-A851-19362DB2CC06,2014-01-23 00:00:00.000
10495,9690,kari10@adventure-works.com,511E54D8-A412-4615-91A5-AFACDC504EF9,2013-03-19 00:00:00.000
10496,9691,kari11@adventure-works.com,3795F23F-5C38-447D-84A4-4081E1B769C4,2013-07-18 00:00:00.000
10497,9692,amanda62@adventure-works.com,00099AF3-A710-4F79-A87C-126109D8CFA4,2013-10-16 00:00:00.000
10498,9693,stephanie64@adventure-works.com,BC956631-DAF8-4179-B13C-FCE21B387EB7,2013-01-16 00:00:00.000
10499,9694,hailey59@adventure-works.com,F150A898-475B-42CD-BBFD-27835381877A,2014-03-02 00:00:00.000
10500,9695,kari12@adventure-works.com,F46F67D8-2BF0-44C4-8078-A01B445157F4,2013-02-28 00:00:00.000
10501,9696,maria60@adventure-works.com,2FA0761A-4FD6-4393-85E7-7B3B8868F622,2013-06-01 00:00:00.000
10502,9697,gabrielle61@adventure-works.com,A645C16F-0D43-4EB6-B18F-24AA77CAE338,2013-10-27 00:00:00.000
10503,9698,kari13@adventure-works.com,434C6304-6909-46C5-A221-E4CE77B643BF,2013-11-02 00:00:00.000
10504,9699,kari14@adventure-works.com,4756F8B0-C14D-4F67-9B1D-9B6EB8F59FE8,2014-05-24 00:00:00.000
10505,9700,joan14@adventure-works.com,0A41FBCF-4CA6-469D-A12E-17CE977AB5AF,2012-10-29 00:00:00.000
10506,9701,rebecca20@adventure-works.com,EDF6B194-27D3-4A65-9A0F-91F1F99A4607,2014-06-16 00:00:00.000
10507,9702,kari15@adventure-works.com,C396B1AE-DC7B-4D34-81DB-3C6435175F58,2013-11-22 00:00:00.000
10508,9703,arturo37@adventure-works.com,FE9811BC-9C1C-424B-87E6-46D67EF0830F,2013-10-23 00:00:00.000
10509,9704,kari16@adventure-works.com,634F9C38-339C-4226-BBC2-1E2DF116471E,2013-08-30 00:00:00.000
10510,9705,madeline17@adventure-works.com,940B5773-E70E-481C-9656-B65A25CEBBCE,2014-04-03 00:00:00.000
10511,9706,sophia17@adventure-works.com,0EC7E3FC-60A9-402F-8EFA-AD7B5D8949F1,2014-04-08 00:00:00.000
10512,9707,kari17@adventure-works.com,B89D43BA-9CEC-4C5A-A4E9-A96F9E4992D0,2013-11-24 00:00:00.000
10513,9708,kari18@adventure-works.com,7B538B09-BB43-4FA0-9691-EF8BEE784932,2012-01-25 00:00:00.000
10514,9709,mary32@adventure-works.com,CF3854CF-AEBC-4594-BC45-54C6794397EF,2014-03-12 00:00:00.000
10515,9710,amber19@adventure-works.com,94E64F3C-0867-454A-A22D-853C0212E1D1,2013-09-18 00:00:00.000
10516,9711,courtney15@adventure-works.com,81F802F9-AA57-4496-BA7F-44D2AD3F2653,2013-08-08 00:00:00.000
10517,9712,kari19@adventure-works.com,3F9F5F5A-0F37-48FD-B189-66CB84E5CA3D,2013-12-23 00:00:00.000
10518,9713,jenna18@adventure-works.com,BA55CB5F-2333-4FA4-AF2E-434D266F0855,2014-05-17 00:00:00.000
10519,9714,jordan48@adventure-works.com,B4E9DC94-DF60-48D4-A69B-98762ECF18C8,2012-07-22 00:00:00.000
10520,9715,bailey39@adventure-works.com,B52E09ED-1265-4B84-9744-B743B3DE7F91,2012-08-17 00:00:00.000
10521,9716,kari20@adventure-works.com,A3D91F88-EE3E-46E6-87BD-D7C734CF17E1,2013-07-15 00:00:00.000
10522,9717,mackenzie40@adventure-works.com,269C0F00-3D83-426E-9F35-F0F49B5BF1B0,2013-03-03 00:00:00.000
10523,9718,kari21@adventure-works.com,6242CA58-999A-4354-944C-4F4F61BD2FA2,2014-06-12 00:00:00.000
10524,9719,gabriella43@adventure-works.com,E780E499-48E1-4221-AD4E-4E80A2D6ABA5,2014-05-03 00:00:00.000
10525,9720,sara46@adventure-works.com,06DAA3C8-75A5-44AB-9430-DA95AD69B1A7,2013-12-06 00:00:00.000
10526,9721,kari22@adventure-works.com,4995BC37-CA14-4DBA-BFC6-1AD5061FB4F7,2012-11-07 00:00:00.000
10527,9722,kari23@adventure-works.com,F4196BB8-5A57-4C43-8063-A2CD143DD871,2013-10-10 00:00:00.000
10528,9723,jan16@adventure-works.com,38FA7289-BF0E-4D30-9ED4-F57A2DC9923A,2013-08-23 00:00:00.000
10529,9724,katelyn43@adventure-works.com,FB435416-5440-4E60-A585-139F12E8D396,2014-03-06 00:00:00.000
10530,9725,arturo38@adventure-works.com,63C63FF2-4052-4DD8-85EB-254FF39A3858,2014-06-07 00:00:00.000
10531,9726,savannah42@adventure-works.com,56ADC358-520C-428F-BEA6-275C33006E71,2011-09-08 00:00:00.000
10532,9727,kaylee42@adventure-works.com,44606CD5-782A-4CEC-A661-5564398F7907,2014-05-19 00:00:00.000
10533,9728,allison42@adventure-works.com,EF07A312-9483-4184-A44A-C6D5EF2802EA,2013-04-19 00:00:00.000
10534,9729,kari24@adventure-works.com,F289CA24-F6B6-4F1A-A425-14A764B9A6A0,2014-05-29 00:00:00.000
10535,9730,andrea41@adventure-works.com,2622640A-CD94-4F63-A126-4867FB57C36D,2013-09-16 00:00:00.000
10536,9731,kari25@adventure-works.com,C042039F-A578-45A4-9BB7-298E68FF06F2,2011-10-03 00:00:00.000
10537,9732,chloe18@adventure-works.com,E91A5B83-4791-48ED-9D72-12B000EB746B,2013-04-28 00:00:00.000
10538,9733,julia17@adventure-works.com,96E00C94-9FD0-4BCD-A7BD-5457EB6F59D6,2012-01-06 00:00:00.000
10539,9734,kari26@adventure-works.com,8F7C402D-AB7A-4D67-879E-4AA9F41282DA,2013-07-16 00:00:00.000
10540,9735,jennifer23@adventure-works.com,B5529313-23CB-48ED-B0F9-B9A00C46EFCA,2013-07-07 00:00:00.000
10541,9736,kaitlyn18@adventure-works.com,719411C2-08B3-47ED-BE0D-7EB229C8D715,2014-03-15 00:00:00.000
10542,9737,kari27@adventure-works.com,74E51958-1270-46F8-9B01-0B82B0C0B784,2013-08-13 00:00:00.000
10543,9738,kari28@adventure-works.com,1F375233-E2A7-443A-A8C3-4525B9409C67,2013-11-24 00:00:00.000
10544,9739,kari29@adventure-works.com,89F19D4C-C1FF-4E4F-9A39-72160EA978E8,2013-07-03 00:00:00.000
10545,9740,kari30@adventure-works.com,20148233-06DD-45D0-B3C3-EF3C50877248,2011-07-10 00:00:00.000
10546,9741,morgan17@adventure-works.com,76BE8237-F498-47B2-9341-586A6926F9E4,2014-02-15 00:00:00.000
10547,9742,kari31@adventure-works.com,2C69035F-E4A6-446B-ADE4-E545147C211C,2013-05-27 00:00:00.000
10548,9743,isabella51@adventure-works.com,A5E2F98B-0FC2-400D-9382-C96BBFE210F8,2011-12-08 00:00:00.000
10549,9744,natalie63@adventure-works.com,2BB66C5C-598A-40E0-89CC-7E1ABFE0ADE9,2012-07-02 00:00:00.000
10550,9745,arturo39@adventure-works.com,05AE88A1-EE64-453D-A5CC-981267EE6176,2013-09-29 00:00:00.000
10551,9746,kari32@adventure-works.com,4F31809C-0A01-427A-9F3E-43179D08B6B7,2011-11-02 00:00:00.000
10552,9747,alexandra61@adventure-works.com,E19D5BB3-3EB1-4F0C-81F9-091784A0AB18,2013-11-01 00:00:00.000
10553,9748,sydney61@adventure-works.com,101149FB-BE43-4E4D-AE85-93991759872D,2011-05-31 00:00:00.000
10554,9749,katherine68@adventure-works.com,4CB67F66-8E0B-42F5-8AF4-A4B68C2237BF,2012-02-08 00:00:00.000
10555,9750,kari33@adventure-works.com,BC62803F-7AA0-4A6A-9817-E4A5438DBA47,2013-02-28 00:00:00.000
10556,9751,amanda63@adventure-works.com,0457031D-75ED-41D4-9DCF-21C233645E2D,2012-08-27 00:00:00.000
10557,9752,stephanie65@adventure-works.com,5EE3AF88-56D4-4967-88EE-8D81951ACA7C,2014-03-07 00:00:00.000
10558,9753,kari34@adventure-works.com,A7E34AD4-A76D-4E6A-A478-58CE0AA361CF,2013-08-28 00:00:00.000
10559,9754,maria61@adventure-works.com,C7D7C542-F7B2-4C0F-9004-C4E870001DDE,2014-04-04 00:00:00.000
10560,9755,gabrielle62@adventure-works.com,0A4C3DD5-A1ED-4827-93FC-511E1B8C9D6E,2014-05-20 00:00:00.000
10561,9756,haley54@adventure-works.com,D71FB7BB-5CFA-434B-80B1-733F79DA36BF,2014-04-06 00:00:00.000
10562,9757,kari35@adventure-works.com,97785695-EF08-44DF-B7E7-7D7E572F5E60,2014-04-17 00:00:00.000
10563,9758,rebecca21@adventure-works.com,6D444D2E-6B17-437E-A523-68AD41394A11,2011-07-30 00:00:00.000
10564,9759,kari36@adventure-works.com,EDA0EE9A-BD3C-4527-A079-F1634E3FD6B3,2013-07-28 00:00:00.000
10565,9760,kari37@adventure-works.com,5B14AD3A-D836-4D9D-8AFE-C729C64DE6D0,2013-10-24 00:00:00.000
10566,9761,sophia18@adventure-works.com,7CADBC4E-7598-4789-918D-BDB35E360784,2012-05-15 00:00:00.000
10567,9762,kari38@adventure-works.com,A0C28F19-94C9-4EB1-92AB-11AFBFB9614C,2014-04-04 00:00:00.000
10568,9763,mary33@adventure-works.com,AB5C7098-F501-4D3D-A7CA-20D6438A11CB,2014-03-12 00:00:00.000
10569,9764,amber20@adventure-works.com,2FC50AEB-FF3E-456B-A25E-6C929251CB94,2013-11-04 00:00:00.000
10570,9765,courtney16@adventure-works.com,CDCD74D7-C30A-4E0A-BC5A-C77E1CB674C0,2013-07-12 00:00:00.000
10571,9766,kari39@adventure-works.com,7C5E12D1-FE69-4FCB-BF2C-2E6B637A13CC,2014-06-17 00:00:00.000
10572,9767,kari40@adventure-works.com,6F4E0455-5788-49E5-A578-3D45719F977C,2013-12-09 00:00:00.000
10573,9768,jenna19@adventure-works.com,79FE4CF7-D2AB-40EB-8A0A-D3792D143D95,2012-02-04 00:00:00.000
10574,9769,jordan49@adventure-works.com,FC174BFC-02AC-4C12-A19F-DCA673E1F98F,2013-08-12 00:00:00.000
10575,9770,kari41@adventure-works.com,4F174E69-57B9-4656-A84B-29C0CDA78474,2013-04-19 00:00:00.000
10576,9771,arturo40@adventure-works.com,F7833833-C23D-4FAD-9FAF-EB513D2DF4A7,2013-09-18 00:00:00.000
10577,9772,meredith0@adventure-works.com,664936A7-73FE-420F-8011-FEAABBCCA2B9,2013-11-23 00:00:00.000
10578,9773,sierra17@adventure-works.com,87B23650-1C2E-49B0-90E9-F1A577BC7F26,2014-05-16 00:00:00.000
10579,9774,yiroyuki0@adventure-works.com,5B87C81E-9604-4B59-81C8-F8AD9289BAFD,2013-09-12 00:00:00.000
10580,9775,bailey40@adventure-works.com,5E077E1A-F7FA-478D-903E-1791FF24333A,2014-05-07 00:00:00.000
10581,9776,mackenzie41@adventure-works.com,0FDCBEA9-2329-4B4A-BA22-ABE0856A5FBB,2014-03-27 00:00:00.000
10582,9777,carol15@adventure-works.com,2DD92584-CA16-4E90-8B27-7F6281939B34,2013-08-19 00:00:00.000
10583,9778,meredith1@adventure-works.com,B78F66DC-B930-4ED6-9C21-8DAE0F84F731,2014-05-26 00:00:00.000
10584,9779,sara47@adventure-works.com,E1299798-CFCF-410F-98DC-D7423EECBDE6,2013-10-28 00:00:00.000
10585,9780,meredith2@adventure-works.com,DE841CF5-48DA-4622-9226-92F57D7D23C1,2012-05-16 00:00:00.000
10586,9781,meredith3@adventure-works.com,1B46E668-3CD2-4B62-89EB-988EAA6B85A8,2014-04-22 00:00:00.000
10587,9782,janet35@adventure-works.com,1C40A5D5-CF68-4317-8918-7FE161D117BD,2014-05-07 00:00:00.000
10588,9783,meredith4@adventure-works.com,C6A5F007-1ABA-49C3-B314-8EEA8E906E48,2011-11-30 00:00:00.000
10589,9784,meredith5@adventure-works.com,79D09C15-4D38-499A-B0F5-4D263187288F,2013-12-15 00:00:00.000
10590,9785,katelyn44@adventure-works.com,EAC44B8B-5332-4564-BF97-78AF70A85B06,2013-08-18 00:00:00.000
10591,9786,arturo41@adventure-works.com,2BB763DC-2E45-42EC-A616-97382A1B037E,2014-05-26 00:00:00.000
10592,9787,meredith6@adventure-works.com,E1A7BB4F-9B0A-48F0-91CB-567F435C6331,2014-01-05 00:00:00.000
10593,9788,savannah43@adventure-works.com,212C6941-17AC-4A81-BABC-9729FBC5C2DA,2014-01-14 00:00:00.000
10594,9789,meredith7@adventure-works.com,E0EC436A-79D2-4294-8728-79006291D8D4,2013-08-11 00:00:00.000
10595,9790,meredith8@adventure-works.com,5178C833-0E11-430B-BF72-C5D4A9D7A549,2012-10-13 00:00:00.000
10596,9791,kaylee43@adventure-works.com,CB7B963E-DF22-408A-877A-5E54FA4F725C,2013-07-20 00:00:00.000
10597,9792,allison43@adventure-works.com,205EDF16-7509-4A80-B17B-D472238DE340,2014-05-17 00:00:00.000
10598,9793,meredith9@adventure-works.com,A9776375-C6BB-4FFC-A1F8-0F2247C08227,2014-05-05 00:00:00.000
10599,9794,meredith10@adventure-works.com,D97E48DA-07D8-4829-B85A-0EA246ADD35D,2013-01-20 00:00:00.000
10600,9795,meredith11@adventure-works.com,5F6706FF-F036-4DC8-8F6D-50C250E8E07B,2011-11-12 00:00:00.000
10601,9796,andrea42@adventure-works.com,3213FB82-5A33-4C93-97A2-3BA344C65EBE,2014-04-22 00:00:00.000
10602,9797,chloe19@adventure-works.com,83CB0496-2488-481D-9CD3-8372606CEEB8,2014-06-18 00:00:00.000
10603,9798,meredith12@adventure-works.com,7F4B81A6-7FD7-4221-A1E5-308A36B814FE,2013-02-09 00:00:00.000
10604,9799,julia18@adventure-works.com,115B190A-B87F-4F31-BD2E-58CBE3FA0135,2014-04-06 00:00:00.000
10605,9800,meredith13@adventure-works.com,54FA863C-B4EB-4DD4-9231-A200475C7E1D,2014-06-09 00:00:00.000
10606,9801,meredith14@adventure-works.com,3AE66411-5700-4B19-8821-113F7E92C31D,2013-08-31 00:00:00.000
10607,9802,jennifer24@adventure-works.com,C12A54AE-A117-4843-9A30-ABF021437D1A,2013-10-18 00:00:00.000
10608,9803,kaitlyn19@adventure-works.com,3891AFEC-ECC4-41CC-A778-CBA636019674,2014-02-16 00:00:00.000
10609,9804,meredith15@adventure-works.com,06EF5B23-F6AE-4178-95EB-17F4DF7259EC,2014-01-09 00:00:00.000
10610,9805,morgan18@adventure-works.com,15C5333A-B0A6-43BB-9548-740AA42952C9,2013-10-20 00:00:00.000
10611,9806,arturo42@adventure-works.com,26FD303B-C4DD-4821-A377-F3FCEAA8D982,2013-07-28 00:00:00.000
10612,9807,meredith16@adventure-works.com,C1B6E03C-6B1C-46E3-9806-D157047B2EF8,2014-04-08 00:00:00.000
10613,9808,isabella52@adventure-works.com,811C5E98-E881-40D7-963C-32AB6B615321,2013-10-15 00:00:00.000
10614,9809,meredith17@adventure-works.com,8326D6A1-040A-427D-832F-BCD0889D5673,2012-01-22 00:00:00.000
10615,9810,natalie64@adventure-works.com,C3CE7C66-F29F-4528-8D38-710E834DB627,2013-10-07 00:00:00.000
10616,9811,alexandra62@adventure-works.com,9CFEED01-B772-4A49-824D-6A7ED68A43CA,2012-08-12 00:00:00.000
10617,9812,meredith18@adventure-works.com,9BAEC7D5-BD37-4B12-B541-114B37D5C41D,2012-09-24 00:00:00.000
10618,9813,meredith19@adventure-works.com,5BECBC1F-2154-4D83-913D-11AA3273627F,2014-02-06 00:00:00.000
10619,9814,sydney62@adventure-works.com,06958245-4D3A-4C39-88D5-0C3AF21B601B,2014-04-08 00:00:00.000
10620,9815,meredith20@adventure-works.com,E90A54FA-42DB-45ED-AE42-1E85378612FD,2013-07-22 00:00:00.000
10621,9816,meredith21@adventure-works.com,A5E40110-EA23-4C77-B01F-45D842CDC50E,2013-06-29 00:00:00.000
10622,9817,katherine69@adventure-works.com,662D820B-3BC0-40F2-9A85-D46ECBA41376,2013-08-27 00:00:00.000
10623,9818,amanda64@adventure-works.com,1A9B1EDF-E702-402C-993C-0CD589299833,2014-03-07 00:00:00.000
10624,9819,meredith22@adventure-works.com,020F519E-C4C4-4C32-BBB0-E0012C6538D9,2014-04-07 00:00:00.000
10625,9820,meredith23@adventure-works.com,3A6ED8F4-BFCE-47EB-A01C-3A7F793A8A4D,2013-08-09 00:00:00.000
10626,9821,meredith24@adventure-works.com,B8EF0DBE-D4BF-4CEA-97D2-B9B33B5BDFC7,2012-08-11 00:00:00.000
10627,9822,meredith25@adventure-works.com,5C0CC133-7393-4526-AB51-FE2370B78273,2013-11-29 00:00:00.000
10628,9823,arturo43@adventure-works.com,43EE3AC7-3BCE-4680-ACDC-A3F247C07170,2014-01-29 00:00:00.000
10629,9824,meredith26@adventure-works.com,9CFA72B7-DD4D-40BE-83DF-463B0193E0D8,2014-02-27 00:00:00.000
10630,9825,hailey60@adventure-works.com,048DB565-E8C4-4947-A2B8-70AE0E095C3C,2014-01-15 00:00:00.000
10631,9826,meredith27@adventure-works.com,9513A244-6E9E-40DB-A0EF-87C3F4A85F1A,2011-12-10 00:00:00.000
10632,9827,maria62@adventure-works.com,64D3371A-BC8E-4AC4-9275-4D75948EED1C,2014-02-17 00:00:00.000
10633,9828,meredith28@adventure-works.com,7591D414-C2E9-4F5B-BD9F-BEE74C6615DD,2013-11-22 00:00:00.000
10634,9829,gabrielle63@adventure-works.com,2CC4D867-379A-4F4D-B984-F3A5AC0E4504,2013-09-18 00:00:00.000
10635,9830,haley55@adventure-works.com,C131C824-FF42-495F-B8F1-CEF9D9E9CE84,2014-05-19 00:00:00.000
10636,9831,rebecca22@adventure-works.com,3C3C5A5D-89F0-432A-9B6E-06F0149DB07D,2013-05-09 00:00:00.000
10637,9832,meredith29@adventure-works.com,1D51064C-4A01-45CD-9374-E13A2EB03DC4,2013-12-14 00:00:00.000
10638,9833,meredith30@adventure-works.com,834C1976-6A7D-4ED5-8C2C-A01EE6645211,2012-12-18 00:00:00.000
10639,9834,madeline18@adventure-works.com,BCD3C198-647B-49B0-A766-355B81A7656A,2014-04-20 00:00:00.000
10640,9835,meredith31@adventure-works.com,84B590AA-AC37-4DEC-ABEC-D6E83DD12980,2012-05-07 00:00:00.000
10641,9836,sophia19@adventure-works.com,D9E40D7E-54F9-4A6B-A081-259C80F57510,2014-02-09 00:00:00.000
10642,9837,mary34@adventure-works.com,88603F7B-5D7C-444C-9506-679DEE6FDDEC,2014-03-16 00:00:00.000
10643,9838,meredith32@adventure-works.com,DC99B024-8568-4C75-8B9A-3989B1B82958,2014-01-10 00:00:00.000
10644,9839,amber21@adventure-works.com,93B86507-6E2F-4C19-88FE-EE8FA5D706A6,2011-12-23 00:00:00.000
10645,9840,meredith33@adventure-works.com,7E0A044D-E246-4B12-88DB-D26E94530A0A,2013-11-22 00:00:00.000
10646,9841,courtney17@adventure-works.com,A82B96AC-FA84-405C-8E17-8B1428E6D465,2012-08-31 00:00:00.000
10647,9842,meredith34@adventure-works.com,BDBD0A33-5E05-46CC-970E-032C49C543E3,2011-10-20 00:00:00.000
10648,9843,jenna20@adventure-works.com,70A54603-4776-4CD4-A6C0-44C2FF025444,2011-12-03 00:00:00.000
10649,9844,meredith35@adventure-works.com,210DD31E-2D74-420E-BDA4-66ABEFCCA8F1,2014-05-25 00:00:00.000
10650,9845,jordan50@adventure-works.com,A2658754-91F9-4935-A02C-74434DDFD9A9,2014-05-09 00:00:00.000
10651,9846,meredith36@adventure-works.com,53454370-9111-4E50-A4B3-05A2CAA3CECC,2013-03-07 00:00:00.000
10652,9847,meredith37@adventure-works.com,14C42FD6-D6BC-4D39-AD1D-8BF910819C6F,2013-10-27 00:00:00.000
10653,9848,bailey41@adventure-works.com,F41CA307-EB00-46EA-AECD-540D124837EB,2013-07-14 00:00:00.000
10654,9849,meredith38@adventure-works.com,035DF439-C688-4134-A4C2-19D20DD39E8C,2014-02-21 00:00:00.000
10655,9850,mackenzie42@adventure-works.com,D7BCE5C1-84ED-4161-A9B5-1805C1E53185,2013-06-26 00:00:00.000
10656,9851,meredith39@adventure-works.com,79A20BC6-B8B3-40E7-B2E6-47F4A622FB4C,2014-05-26 00:00:00.000
10657,9852,gabriella44@adventure-works.com,B7873B58-F0C0-4E38-B815-A476AED3BF1D,2012-04-22 00:00:00.000
10658,9853,sara48@adventure-works.com,CB77CD86-D66B-40E1-BD28-B2D03C603C9E,2014-04-07 00:00:00.000
10659,9854,jan17@adventure-works.com,6234170F-D348-49FE-A8F5-96903CDBCF6B,2014-05-09 00:00:00.000
10660,9855,meredith40@adventure-works.com,7AF69833-1123-4630-B803-08639332DAC8,2012-04-15 00:00:00.000
10661,9856,meredith41@adventure-works.com,E09FE6DB-FC0F-48FE-9C74-2B1866D30CFF,2013-10-11 00:00:00.000
10662,9857,katelyn45@adventure-works.com,3391F490-CB6F-4CE3-A2F3-A21CDC0D5F3F,2013-07-12 00:00:00.000
10663,9858,savannah44@adventure-works.com,77E1D25D-D51C-444D-B17E-4DEFBE27DED8,2011-11-19 00:00:00.000
10664,9859,meredith42@adventure-works.com,8457D448-A5C8-4249-8E75-A28FA66616D1,2013-10-27 00:00:00.000
10665,9860,kaylee44@adventure-works.com,15295D18-7704-4C20-9857-E53675B36420,2014-04-04 00:00:00.000
10666,9861,meredith43@adventure-works.com,83948591-1F00-45F1-99E7-31C03B776E11,2013-03-08 00:00:00.000
10667,9862,allison44@adventure-works.com,E8EDB7EA-9064-4D24-B40B-17F68091A55C,2012-09-11 00:00:00.000
10668,9863,andrea43@adventure-works.com,B152DC97-9257-4692-99BD-FF3C1F6B7A1F,2013-07-18 00:00:00.000
10669,9864,chloe20@adventure-works.com,9C07C7F6-5068-43C4-9BDA-231A3E58DBB6,2013-08-22 00:00:00.000
10670,9865,arturo44@adventure-works.com,8BF6C534-D44B-4909-857E-B177552E88CB,2014-01-16 00:00:00.000
10671,9866,julia19@adventure-works.com,53F557FA-8235-4832-8AA1-09A81D6153DE,2013-11-21 00:00:00.000
10672,9867,jennifer25@adventure-works.com,A311DB4F-A8CB-49E0-8019-0805B78820D2,2013-11-20 00:00:00.000
10673,9868,kristi17@adventure-works.com,6569127C-D97B-4C16-8B31-298032A2B8A6,2012-06-14 00:00:00.000
10674,9869,kaitlyn20@adventure-works.com,1FBD9974-3A6B-4513-8E3C-4347E44806BF,2014-02-27 00:00:00.000
10675,9870,morgan19@adventure-works.com,053490A1-0D2F-4041-AE7D-DEAEE6674117,2013-11-15 00:00:00.000
10676,9871,kristi18@adventure-works.com,AD37083A-AE8F-487C-A78E-D0A10C3B6EF7,2012-09-09 00:00:00.000
10677,9872,isabella53@adventure-works.com,C7784384-AB8F-4618-9DA2-41092F0541D3,2014-03-20 00:00:00.000
10678,9873,natalie65@adventure-works.com,CAD84BAC-DB5F-4F99-8D9A-DAAE01E5B617,2012-07-19 00:00:00.000
10679,9874,alexandra63@adventure-works.com,98CD3476-1C4A-4D53-981E-D60E407E6003,2013-07-06 00:00:00.000
10680,9875,kristi19@adventure-works.com,41A3FC19-2DD9-41E9-9C15-4D4EFE489555,2014-03-08 00:00:00.000
10681,9876,sydney63@adventure-works.com,46F0FA42-F3DC-4FD6-B2A5-23B48DC206A1,2012-10-20 00:00:00.000
10682,9877,katherine70@adventure-works.com,99DD8C11-0EFE-4A3F-A29A-5D296F89831E,2013-09-02 00:00:00.000
10683,9878,kristi20@adventure-works.com,A3152D1B-1EDD-4175-BDE5-9F64C9C12E6F,2013-11-05 00:00:00.000
10684,9879,kristi21@adventure-works.com,CC56E731-20A2-458D-9B86-660DBFF3D7C9,2013-11-15 00:00:00.000
10685,9880,amanda65@adventure-works.com,98E4C795-8AC5-40E6-97BE-7C5BFCC693B8,2014-02-01 00:00:00.000
10686,9881,kristi22@adventure-works.com,5982E833-B3A5-49F3-961F-75EAECC3CE36,2013-01-13 00:00:00.000
10687,9882,stephanie66@adventure-works.com,316D8A86-3D9C-4619-86F0-0156A4CDF661,2014-04-24 00:00:00.000
10688,9883,hailey61@adventure-works.com,1D73A7DB-787C-4BD8-BD24-3DCE94200AF8,2013-11-24 00:00:00.000
10689,9884,kristi23@adventure-works.com,96C81255-8079-4D88-A8FA-A0A4D65055BE,2011-07-06 00:00:00.000
10690,9885,maria63@adventure-works.com,6ACBDC0F-2949-4C9A-9FA8-C26FC3A04D93,2014-02-06 00:00:00.000
10691,9886,kristi24@adventure-works.com,C90903A7-AFBD-45C7-9B4E-8995C397CE76,2013-09-22 00:00:00.000
10692,9887,kristi25@adventure-works.com,668D0A7C-8BEC-48D1-83C4-4B1E73AA722E,2013-07-30 00:00:00.000
10693,9888,haley56@adventure-works.com,BC9379CB-F9DD-437B-8C44-B4138F37BB0D,2013-07-30 00:00:00.000
10694,9889,rebecca23@adventure-works.com,F951F462-9AD2-4FF8-A1CC-772ED77DB121,2014-05-21 00:00:00.000
10695,9890,kristi26@adventure-works.com,9BEF0AE6-4846-412B-A73F-C26C77E8DE44,2013-09-09 00:00:00.000
10696,9891,madeline19@adventure-works.com,6155689B-CA8D-4A28-B4DF-B0367FE032A3,2013-05-19 00:00:00.000
10697,9892,alexandra64@adventure-works.com,5FB2C0CF-BE9F-4FED-AF91-2123A2A864AE,2013-10-09 00:00:00.000
10698,9893,kristi27@adventure-works.com,BD2A314A-175A-4BA4-B3A5-64927988EAE4,2014-06-03 00:00:00.000
10699,9894,kristi28@adventure-works.com,5E9381B6-C0B1-450F-BB7F-28BA38FFC3B0,2014-01-02 00:00:00.000
10700,9895,alexandra65@adventure-works.com,F78E8AC0-D8F9-47DC-A82E-3AAE6E6366D9,2014-02-15 00:00:00.000
10701,9896,kristi29@adventure-works.com,D7F5F73A-A8E2-443A-9C7D-EDA82D5A63D7,2013-12-26 00:00:00.000
10702,9897,alexandra66@adventure-works.com,641EBBCA-613B-4373-A59A-BB97F703626E,2014-05-10 00:00:00.000
10703,9898,kristi30@adventure-works.com,6B560C0C-358F-445D-A5B3-E1CD9E5785CE,2014-01-07 00:00:00.000
10704,9899,alexandra67@adventure-works.com,3F435287-B728-493C-8C0B-F42A8B4FEE41,2013-04-30 00:00:00.000
10705,9900,kristi31@adventure-works.com,C4DD35A8-F13A-40A3-AF81-70B11F6A565C,2013-06-13 00:00:00.000
10706,9901,kristi32@adventure-works.com,44567A41-1044-457B-9511-D03FB29F153D,2014-05-18 00:00:00.000
10707,9902,alexandra68@adventure-works.com,FF1B4085-01BF-4491-BE7B-EB6E487580C8,2013-10-02 00:00:00.000
10708,9903,kristi33@adventure-works.com,E0149733-927E-4782-A1BC-05CED09B7144,2014-01-12 00:00:00.000
10709,9904,alexandra69@adventure-works.com,FB3BF2B0-63E8-49BE-AE31-D17BD401E69B,2013-07-12 00:00:00.000
10710,9905,kristi34@adventure-works.com,FCA7AB63-B06D-4176-A2D7-6519B3D562FA,2014-03-15 00:00:00.000
10711,9906,alexandra70@adventure-works.com,173C7B1D-4210-4BA1-82F2-ABB952FE0005,2014-01-12 00:00:00.000
10712,9907,alexandra71@adventure-works.com,A5E29441-E271-49D2-8F5C-8851DBB2DD2A,2013-12-02 00:00:00.000
10713,9908,arturo45@adventure-works.com,494BCDC9-2E8C-4057-B1C8-F9BD4E464F21,2013-02-04 00:00:00.000
10714,9909,kristi35@adventure-works.com,D0FDD5BF-FB31-4A8D-8E2B-B53D16D6F871,2014-04-26 00:00:00.000
10715,9910,alexandra72@adventure-works.com,F3951CF5-1DFB-4FCE-8F06-124384CB4E96,2014-04-21 00:00:00.000
10716,9911,alexandra73@adventure-works.com,DB44121F-43AB-4025-9E3F-11ABE34A04E1,2014-04-16 00:00:00.000
10717,9912,kristi36@adventure-works.com,E25163E9-8057-4F28-A2E2-A997982F3C8B,2012-11-05 00:00:00.000
10718,9913,alexandra74@adventure-works.com,4096BCFA-92F7-491C-BE91-ED551B34E667,2012-01-03 00:00:00.000
10719,9914,alexandra75@adventure-works.com,755A274B-0468-479B-B643-97882FC610ED,2014-01-08 00:00:00.000
10720,9915,kristi37@adventure-works.com,4DBE3292-E731-432F-A184-4F35562787DC,2013-01-30 00:00:00.000
10721,9916,kristi38@adventure-works.com,C959FC71-C21A-4948-B790-63B0D733B250,2013-01-06 00:00:00.000
10722,9917,kristi39@adventure-works.com,C2EBB70B-03AF-4FE0-9E09-3361B0A7CBCC,2012-01-11 00:00:00.000
10723,9918,alexandra76@adventure-works.com,01404396-876B-47E8-B929-EB119BB947D1,2014-04-21 00:00:00.000
10724,9919,kristi40@adventure-works.com,3184C0AC-A65C-44C6-B0BB-19A9F066E9D5,2013-05-24 00:00:00.000
10725,9920,alexandra77@adventure-works.com,30DC9A43-0866-440C-A41A-096B75A413B4,2012-05-17 00:00:00.000
10726,9921,alexandra78@adventure-works.com,3D574DD4-8E7A-4737-BF92-9D6B15C3D7F9,2013-02-25 00:00:00.000
10727,9922,kristi41@adventure-works.com,84FF5B5D-7713-4C53-94A4-B50B2A067CCA,2013-07-25 00:00:00.000
10728,9923,alexandra79@adventure-works.com,36DF0165-02E0-4A31-8E1F-D405D2326961,2013-09-07 00:00:00.000
10729,9924,kristi42@adventure-works.com,D9107CE5-EC51-421C-AF44-3AFC0CA03B20,2014-05-12 00:00:00.000
10730,9925,alexandra80@adventure-works.com,F2A16855-5255-40EC-BF71-78295A511DB9,2013-08-19 00:00:00.000
10731,9926,alexandra81@adventure-works.com,EDCE24FF-E0F0-4FAE-BBA5-EB74EC740AB8,2013-08-02 00:00:00.000
10732,9927,alexandra82@adventure-works.com,2D3A3359-42FA-4725-B1DC-FC6888F30CE8,2014-03-02 00:00:00.000
10733,9928,alexandra83@adventure-works.com,5A8B2A2D-9FD6-4B17-AEFA-111C9F0DBC64,2014-01-08 00:00:00.000
10734,9929,kristi43@adventure-works.com,3375A7CF-494D-480F-A4F4-813F425F0E00,2014-05-25 00:00:00.000
10735,9930,gerald1@adventure-works.com,A150BAD3-413B-4113-90C0-9CE1CFD48823,2013-07-26 00:00:00.000
10736,9931,alexandra84@adventure-works.com,4F9E2870-FE11-4711-BE18-619852BEA3F9,2013-04-07 00:00:00.000
10737,9932,alexandra85@adventure-works.com,8F69D179-A36E-4D99-8B8F-601729AE9574,2014-03-19 00:00:00.000
10738,9933,alexandra86@adventure-works.com,09580277-AEB5-4CC5-A9A4-3CB9E8FE72BC,2013-08-23 00:00:00.000
10739,9934,arturo46@adventure-works.com,372F6E8A-A449-47D2-A791-91F91292627E,2014-01-07 00:00:00.000
10740,9935,alexandra87@adventure-works.com,0D217BD3-E4CF-4784-869F-5AF4E39703E0,2014-03-17 00:00:00.000
10741,9936,alexandra88@adventure-works.com,264F5D83-9866-4815-B22D-99B5D8957498,2013-08-05 00:00:00.000
10742,9937,sydney64@adventure-works.com,5CEF96E4-7545-4D9D-AEBB-7B537C0957BC,2011-11-17 00:00:00.000
10743,9938,gerald2@adventure-works.com,EE41A4F2-CFC9-405B-88CE-575BF7F8BB6D,2014-01-15 00:00:00.000
10744,9939,sydney65@adventure-works.com,93C90E9E-1A91-4E26-938E-ED889B94CA09,2013-08-16 00:00:00.000
10745,9940,gerald3@adventure-works.com,78AC09F8-2AD4-40DD-B40A-80D1F78EC5CA,2014-01-19 00:00:00.000
10746,9941,gerald4@adventure-works.com,F54C54F7-7284-4A2E-8436-9A5D47B8B20B,2013-08-25 00:00:00.000
10747,9942,gerald5@adventure-works.com,16F32C2D-D99B-480B-B1BA-2186326CCF53,2012-08-25 00:00:00.000
10748,9943,sydney66@adventure-works.com,C483FE62-F0A3-496E-8FFA-C6812F50C55D,2014-05-29 00:00:00.000
10749,9944,gerald6@adventure-works.com,BFF7F70A-B9C6-4607-BE29-FB2D8BA7C341,2014-03-16 00:00:00.000
10750,9945,gerald7@adventure-works.com,60E5F6D6-C615-414C-BB0D-8DC078B774DD,2014-01-25 00:00:00.000
10751,9946,sydney67@adventure-works.com,CCA0E62E-8810-4327-A091-7E14883E66F9,2014-03-04 00:00:00.000
10752,9947,gerald8@adventure-works.com,18BEC9FC-2252-4CC6-9A02-82EDDC107372,2013-07-08 00:00:00.000
10753,9948,sydney68@adventure-works.com,86CDC398-B514-46C4-A0C6-8D0D2D7859F4,2013-11-11 00:00:00.000
10754,9949,gerald9@adventure-works.com,824A4EFF-B6E4-42FE-8729-0AA1F134C409,2012-12-03 00:00:00.000
10755,9950,sydney69@adventure-works.com,27C9633E-85B9-4DEC-B50C-7F365315AC34,2013-11-12 00:00:00.000
10756,9951,sydney70@adventure-works.com,6F349E45-C632-45B9-9BED-A92261828514,2013-10-12 00:00:00.000
10757,9952,damien17@adventure-works.com,0C6FEAE8-75A2-464A-8AC4-B255C7080D7A,2014-01-30 00:00:00.000
10758,9953,gerald10@adventure-works.com,6FEDC03A-75BC-4883-9D0A-2B16A0984F45,2013-11-11 00:00:00.000
10759,9954,sydney71@adventure-works.com,D91CAEC4-2632-4919-959D-893ED113252C,2012-08-28 00:00:00.000
10760,9955,sydney72@adventure-works.com,C8C1CBFC-7508-4103-85A8-08D34452AB62,2013-08-11 00:00:00.000
10761,9956,gerald11@adventure-works.com,34B3F97B-BCFB-4077-9D22-6DC256912089,2014-01-20 00:00:00.000
10762,9957,gerald12@adventure-works.com,500976E2-F286-44A7-B25B-01AA3B5E9DA3,2013-12-23 00:00:00.000
10763,9958,gerald13@adventure-works.com,ADC6C2AF-448B-4E7C-9689-81E4EB460512,2014-01-20 00:00:00.000
10764,9959,sydney73@adventure-works.com,29FFBFB9-83CE-4C53-A930-20B26FCE19CF,2014-03-06 00:00:00.000
10765,9960,gerald14@adventure-works.com,346326FE-1A96-487F-AB6E-351024350F8E,2011-09-19 00:00:00.000
10766,9961,gerald15@adventure-works.com,6D7F33B2-F6CA-4036-A991-A456C47B1E50,2013-12-06 00:00:00.000
10767,9962,gerald16@adventure-works.com,06EE986B-FA47-4DD9-9268-E67AEFFCEB27,2013-07-01 00:00:00.000
10768,9963,gerald17@adventure-works.com,1171D016-93F2-453F-8CE0-452A0F8E0B60,2012-10-11 00:00:00.000
10769,9964,sydney74@adventure-works.com,BB754C91-8403-4E6E-8487-DE2618580ADC,2013-01-31 00:00:00.000
10770,9965,gerald18@adventure-works.com,230D7790-FF68-4DDD-957A-3597911942AD,2013-12-09 00:00:00.000
10771,9966,sydney75@adventure-works.com,B7BB369C-5F0C-4BFC-830A-60DA8AC61F8E,2014-05-04 00:00:00.000
10772,9967,marshall0@adventure-works.com,11EB91D8-24A3-4BBF-ADC5-A9C6C9701EF2,2013-12-12 00:00:00.000
10773,9968,gerald19@adventure-works.com,79DBAE1F-CFE7-41FA-B690-7A1A7C1A411D,2014-04-24 00:00:00.000
10774,9969,gerald20@adventure-works.com,7F6EC914-02E6-4007-8F75-3E4A43BFA72C,2013-11-18 00:00:00.000
10775,9970,gerald21@adventure-works.com,A65EDAC0-1422-4260-B24C-E00239A5EDC4,2013-11-29 00:00:00.000
10776,9971,sydney76@adventure-works.com,179B1805-ABF1-40AD-97ED-AA02C8D92732,2013-12-22 00:00:00.000
10777,9972,sydney77@adventure-works.com,9F3907D2-5FE7-471C-B0A3-07F183E5E425,2014-03-13 00:00:00.000
10778,9973,gerald22@adventure-works.com,96F16E7A-17B5-4AA5-97E5-AC21A769E163,2013-11-27 00:00:00.000
10779,9974,gerald23@adventure-works.com,289D4C1C-CA47-4596-9EFC-2C0E35E0C7CD,2013-11-19 00:00:00.000
10780,9975,sydney78@adventure-works.com,1751C1B3-83D1-4F29-AFBB-AAD027C933B3,2013-08-24 00:00:00.000
10781,9976,sydney79@adventure-works.com,A906E3D2-764C-4CB4-9FE9-97DE86387F40,2013-08-04 00:00:00.000
10782,9977,sydney80@adventure-works.com,013E0EA1-8375-454A-A20C-CF610DBD5949,2012-11-05 00:00:00.000
10783,9978,gerald24@adventure-works.com,31A1B049-F0B4-4596-A745-5BEBA635EC43,2014-05-23 00:00:00.000
10784,9979,sydney81@adventure-works.com,03F49E7F-0843-48BF-B442-827862D24699,2013-08-12 00:00:00.000
10785,9980,gerald25@adventure-works.com,A6167531-281D-4418-947B-2647546B7457,2013-07-28 00:00:00.000
10786,9981,sydney82@adventure-works.com,E8E797AE-66DE-498A-A8A3-0E8541ED2246,2014-03-15 00:00:00.000
10787,9982,gerald26@adventure-works.com,81A3256A-3F16-4FCC-9B99-5FDD2D492415,2014-05-26 00:00:00.000
10788,9983,marshall1@adventure-works.com,D2FE6237-F487-467C-BC23-01E8A9986CC2,2013-05-17 00:00:00.000
10789,9984,gerald27@adventure-works.com,D4623EBF-3698-4513-942C-FE527AC7E9AB,2013-12-14 00:00:00.000
10790,9985,gerald28@adventure-works.com,00DA176B-A670-4144-AA46-2C37D6EBD0C6,2013-06-24 00:00:00.000
10791,9986,sydney83@adventure-works.com,C144E0D8-6F5C-42C8-B0FB-C0839EFDEBA9,2013-07-07 00:00:00.000
10792,9987,sydney84@adventure-works.com,F4589878-3F79-4665-B911-B8A528122D35,2013-12-16 00:00:00.000
10793,9988,bruce0@adventure-works.com,BB6118C9-B02E-4CA5-84AA-32BCB82B4FE5,2011-09-12 00:00:00.000
10794,9989,sydney85@adventure-works.com,7CDCAA04-2BD8-4BE3-AB30-20343B6D3679,2013-09-05 00:00:00.000
10795,9990,bruce1@adventure-works.com,BA24C277-DF20-4DAB-8917-CE709EC1CCF1,2014-05-23 00:00:00.000
10796,9991,sydney86@adventure-works.com,A27EF8D5-03EB-4440-8DD9-DA3974DB2151,2013-09-11 00:00:00.000
10797,9992,bruce2@adventure-works.com,5467DF06-9E16-4713-8DF1-E7F9B1B06DE9,2013-10-11 00:00:00.000
10798,9993,katherine71@adventure-works.com,924DA8CC-0259-40AF-B9F1-AD9553424C7F,2013-09-07 00:00:00.000
10799,9994,bruce3@adventure-works.com,B3B0633B-1740-455A-8361-A056F0F2AB78,2014-01-12 00:00:00.000
10800,9995,katherine72@adventure-works.com,092D48AD-A968-4C79-808C-392CCE1EE386,2014-05-19 00:00:00.000
10801,9996,katherine73@adventure-works.com,2472C1A1-4DA1-4380-B94B-BA18F8C5BEE1,2014-04-11 00:00:00.000
10802,9997,katherine74@adventure-works.com,2BF971D8-C5CE-46D5-8A7A-B8A0BB719EF8,2013-10-02 00:00:00.000
10803,9998,katherine75@adventure-works.com,5E40D952-F494-40BE-A2CB-5B87D63987BB,2012-08-04 00:00:00.000
10804,9999,bruce4@adventure-works.com,5EDC49B9-CF62-468D-82DD-2F6051CAFCCB,2012-09-26 00:00:00.000
10805,10000,marshall2@adventure-works.com,8D5AB1D5-0078-46EA-9172-E4511CBE19F4,2012-08-17 00:00:00.000
10806,10001,bruce5@adventure-works.com,93E331C7-EA8A-4E57-8509-8C9E640ABFBB,2013-05-14 00:00:00.000
10807,10002,katherine76@adventure-works.com,F6E21936-C322-4098-9089-CA876A49D130,2012-10-27 00:00:00.000
10808,10003,bruce6@adventure-works.com,1F90F171-6AC2-48E2-98CF-FC7E3EBE0DD0,2013-09-22 00:00:00.000
10809,10004,bruce7@adventure-works.com,C97C7BD0-43BC-4364-AEEE-12D395838ACF,2014-01-01 00:00:00.000
10810,10005,bruce8@adventure-works.com,11CA0580-7A9F-4168-B146-E6B76A4763B1,2014-03-25 00:00:00.000
10811,10006,katherine77@adventure-works.com,96EC9F04-1E72-4608-BA78-EB200A1CCEC3,2014-04-19 00:00:00.000
10812,10007,bruce9@adventure-works.com,72CD09B4-47FA-4069-8A2E-3A5BEE104A9C,2013-12-15 00:00:00.000
10813,10008,bruce10@adventure-works.com,8CE06D44-E560-4073-B389-C7049C4F6EA6,2014-02-01 00:00:00.000
10814,10009,katherine78@adventure-works.com,3E984A7A-CEC8-4A71-889E-066B0123B723,2014-05-22 00:00:00.000
10815,10010,bruce11@adventure-works.com,EF099FB2-AF7D-4E4F-9815-6775CFCEBFB4,2012-12-04 00:00:00.000
10816,10011,katherine79@adventure-works.com,ED270166-CCB6-45DA-A6E0-89143A2775AE,2014-04-28 00:00:00.000
10817,10012,bruce12@adventure-works.com,9AEBA023-CCB9-4286-A487-A2D769827B3B,2014-02-23 00:00:00.000
10818,10013,katherine80@adventure-works.com,323A5363-D9A2-4938-B0B7-116113D27569,2014-03-04 00:00:00.000
10819,10014,bruce13@adventure-works.com,6352CD95-A032-4A7A-8639-EE362EBE850B,2014-05-23 00:00:00.000
10820,10015,katherine81@adventure-works.com,A2F96CED-6DBC-42D5-941B-B42A12E4093D,2012-10-10 00:00:00.000
10821,10016,katherine82@adventure-works.com,2F561E59-ACFE-44C3-930B-FEFC54726E11,2013-09-04 00:00:00.000
10822,10017,bruce14@adventure-works.com,E34F785B-DB17-43F3-8502-C7DA30CCFDF8,2014-02-09 00:00:00.000
10823,10018,katherine83@adventure-works.com,83512197-37A0-4FD8-A773-69ED5B8D89AC,2014-04-11 00:00:00.000
10824,10019,katherine84@adventure-works.com,D8492598-C295-40BB-99A5-4CFE03872CEC,2012-11-27 00:00:00.000
10825,10020,marshall3@adventure-works.com,FEF93E40-E34E-4E3A-B071-1CC796762692,2014-02-10 00:00:00.000
10826,10021,bruce15@adventure-works.com,E37852D8-8342-418A-8F97-E4F835249137,2014-05-17 00:00:00.000
10827,10022,bruce16@adventure-works.com,C30610F6-52BC-4CEA-8833-84823776AF71,2013-01-18 00:00:00.000
10828,10023,katherine85@adventure-works.com,E40CFBAE-0101-40D2-91C4-30B62417A5A9,2014-02-28 00:00:00.000
10829,10024,katherine86@adventure-works.com,B0CE6ED5-C7D3-4B19-9142-FC266BA2E88B,2014-01-14 00:00:00.000
10830,10025,bruce17@adventure-works.com,2E869305-3702-4DD5-89CB-C474C21FC874,2011-10-31 00:00:00.000
10831,10026,bruce18@adventure-works.com,9FE10021-84F2-42BF-9CFF-BDCEE55743F1,2014-06-02 00:00:00.000
10832,10027,bruce19@adventure-works.com,0499595E-C625-4459-AF6E-97A62BBC9AE0,2014-02-17 00:00:00.000
10833,10028,katherine87@adventure-works.com,F557C803-E3F8-4EB6-AF5E-35418FD4D3D1,2013-10-17 00:00:00.000
10834,10029,bruce20@adventure-works.com,A70F41BD-7980-4487-8465-9CE7DEDA1C53,2013-08-28 00:00:00.000
10835,10030,katherine88@adventure-works.com,33856F92-0915-4FE2-B683-9616A68A8BFF,2013-09-03 00:00:00.000
10836,10031,bruce21@adventure-works.com,F913365A-EEA0-4CE0-8486-37BCC6D7CDF2,2013-12-09 00:00:00.000
10837,10032,katherine89@adventure-works.com,F45DC4F2-4ED3-4ED6-BDCE-871D253B5BBC,2012-12-09 00:00:00.000
10838,10033,katherine90@adventure-works.com,FC6144A8-B926-4199-9BD7-23ABEA5E2144,2014-04-05 00:00:00.000
10839,10034,bruce22@adventure-works.com,C23EC404-4608-484A-A776-CE1DD399FE6B,2013-11-17 00:00:00.000
10840,10035,katherine91@adventure-works.com,DBCEBDB4-18F7-4C2A-A943-98C10C533B98,2011-08-04 00:00:00.000
10841,10036,katherine92@adventure-works.com,74D1D5EB-761C-4597-87E8-8E1B94C8DEF0,2014-05-11 00:00:00.000
10842,10037,bruce23@adventure-works.com,45FFF800-D6B7-4885-A807-F949FF9476C5,2012-04-30 00:00:00.000
10843,10038,katherine93@adventure-works.com,C3343E6F-00B3-4C63-ADC1-40CE76569D32,2013-12-18 00:00:00.000
10844,10039,bruce24@adventure-works.com,410E79ED-5B52-4ACD-A3FC-B6B525532392,2013-09-06 00:00:00.000
10845,10040,katherine94@adventure-works.com,1F64F195-C2A4-426A-A410-3247FCDA05BD,2013-11-28 00:00:00.000
10846,10041,marshall4@adventure-works.com,5F4470EA-AC3D-48F7-AECC-3A20D692489A,2013-08-07 00:00:00.000
10847,10042,bruce25@adventure-works.com,E114C735-0D18-406F-BADA-E9DA48AA2221,2014-03-06 00:00:00.000
10848,10043,bruce26@adventure-works.com,64680C32-A9F0-4EC0-BC3B-966E2C054A2C,2011-09-17 00:00:00.000
10849,10044,katherine95@adventure-works.com,17A4AAB0-9142-4750-83D0-A8AFB79B39A2,2014-03-03 00:00:00.000
10850,10045,chloe21@adventure-works.com,D7127294-E7E1-4B0C-AC5E-46EFBB06C725,2014-03-01 00:00:00.000
10851,10046,julia20@adventure-works.com,B54DDA6D-1D87-42D8-8FD5-253466BBDE63,2014-01-28 00:00:00.000
10852,10047,bruce27@adventure-works.com,4388AC67-3354-4814-9DB2-1ECD0CCBCBE3,2012-09-10 00:00:00.000
10853,10048,kaitlyn21@adventure-works.com,26918DA5-BA9B-44C9-A1E4-A60F01A40993,2014-01-27 00:00:00.000
10854,10049,morgan20@adventure-works.com,A44B47D3-C5D2-4C25-8F99-7C99734377FB,2012-01-11 00:00:00.000
10855,10050,bruce28@adventure-works.com,072FFA7F-3A0D-4F0A-AB70-C5EA4565B292,2013-01-06 00:00:00.000
10856,10051,bruce29@adventure-works.com,E5795BE1-9DA6-4107-AC45-CAF3C56B233B,2012-12-07 00:00:00.000
10857,10052,isabella54@adventure-works.com,FA8221C7-E552-4462-900B-9348F5391486,2014-05-29 00:00:00.000
10858,10053,alexandra89@adventure-works.com,C8AE09CE-BB79-4935-B60D-82A05340FE14,2013-01-01 00:00:00.000
10859,10054,sydney87@adventure-works.com,25BDC120-E8A8-48BF-A153-4B29BA6E4EFA,2013-08-03 00:00:00.000
10860,10055,bruce30@adventure-works.com,F0825F67-51A1-4EAE-B571-10651C96A0A0,2014-06-14 00:00:00.000
10861,10056,katherine96@adventure-works.com,45DC699E-C1C4-45C0-B19E-928655ECAA49,2013-09-08 00:00:00.000
10862,10057,amanda66@adventure-works.com,8D6D9DCE-09FB-4EB1-AE6C-3552F22BD50E,2012-12-21 00:00:00.000
10863,10058,stephanie67@adventure-works.com,33620A62-10D5-4E5A-A977-043B313D97E1,2014-03-04 00:00:00.000
10864,10059,maria64@adventure-works.com,19420AA3-1CA9-4D90-AA83-5E1EA7134252,2013-03-20 00:00:00.000
10865,10060,gabrielle64@adventure-works.com,ACAFFDC7-CE9D-43AB-BABC-E61668C7878D,2011-08-01 00:00:00.000
10866,10061,haley57@adventure-works.com,653616EA-27A2-4F4D-966E-B257A58F9CEB,2013-05-02 00:00:00.000
10867,10062,bruce31@adventure-works.com,148AADBA-8490-447B-B405-C9761A72C5C5,2011-09-11 00:00:00.000
10868,10063,bruce32@adventure-works.com,30666E8E-D93B-4576-8394-8ADF83FB6F9E,2013-07-07 00:00:00.000
10869,10064,marshall5@adventure-works.com,3991C14C-70F0-4270-8005-43555345047D,2014-06-07 00:00:00.000
10870,10065,bruce33@adventure-works.com,522A9B2F-C498-482A-9F09-15E9E647B945,2014-03-15 00:00:00.000
10871,10066,madeline20@adventure-works.com,6885332A-C195-417B-BA5D-06422795B7A0,2012-06-19 00:00:00.000
10872,10067,bruce34@adventure-works.com,ADEAF0F4-FAB8-4174-8FD1-A5930537E690,2014-05-17 00:00:00.000
10873,10068,bruce35@adventure-works.com,F1DFD672-AF35-4BC2-8560-95C29DE8ED4E,2013-09-17 00:00:00.000
10874,10069,sophia20@adventure-works.com,DEDE8EFF-2379-4352-9D00-7425DF5E8538,2011-07-07 00:00:00.000
10875,10070,bruce36@adventure-works.com,AD6DDA7D-C147-40FD-8D44-9B245EC3730C,2014-06-21 00:00:00.000
10876,10071,mary35@adventure-works.com,BB9D36BD-FB8A-4523-8374-CEC601FE87B8,2013-10-03 00:00:00.000
10877,10072,amber22@adventure-works.com,C69E6DFD-A90D-4903-90D1-81A26739208D,2013-09-30 00:00:00.000
10878,10073,courtney18@adventure-works.com,1AC95720-7A09-4278-B311-106E91B3CA89,2013-08-07 00:00:00.000
10879,10074,jenna21@adventure-works.com,DE377E2A-1B97-4F85-994F-48FD8CA17594,2013-11-13 00:00:00.000
10880,10075,jordan51@adventure-works.com,EE619855-AC53-47DA-A5A9-6C0BC34088B6,2014-02-12 00:00:00.000
10881,10076,bruce37@adventure-works.com,AA71E627-36E3-4960-9283-99F3C50D0638,2013-11-26 00:00:00.000
10882,10077,bruce38@adventure-works.com,35E1B323-F91F-484C-9641-6C9B0CD648A2,2013-08-25 00:00:00.000
10883,10078,bruce39@adventure-works.com,E9E09264-7696-42AF-84CB-AA2D65C20835,2014-03-31 00:00:00.000
10884,10079,bailey42@adventure-works.com,F7599C10-FFBA-467A-8A79-35C117843930,2014-01-09 00:00:00.000
10885,10080,mackenzie43@adventure-works.com,BBFF6AF3-AF4A-4B47-B2EE-D58351FE375B,2013-07-18 00:00:00.000
10886,10081,gabriella45@adventure-works.com,4D18DF1C-8B9C-4086-8998-9277FCCE1530,2014-05-18 00:00:00.000
10887,10082,bruce40@adventure-works.com,FCBC1743-DFCA-4BE0-9D2E-E8583070895D,2014-03-20 00:00:00.000
10888,10083,bruce41@adventure-works.com,285D348D-C149-4C15-AF6F-21C442C4194E,2012-12-15 00:00:00.000
10889,10084,jan18@adventure-works.com,D961BA0A-720D-40A2-BDEA-067A45B28310,2013-08-07 00:00:00.000
10890,10085,katelyn46@adventure-works.com,5597EDCC-1057-47E6-ADA1-9D3C4BC4C711,2013-11-25 00:00:00.000
10891,10086,savannah45@adventure-works.com,2B9EE9A9-331A-45D3-A3C4-C85E5B73C7AC,2014-01-13 00:00:00.000
10892,10087,marshall6@adventure-works.com,A4458AC9-5B94-4E91-AAAF-F8C2DF842F2F,2013-04-26 00:00:00.000
10893,10088,bruce42@adventure-works.com,E13F28C1-7EBD-4890-8516-80C2CFB62DF2,2012-12-30 00:00:00.000
10894,10089,arthur2@adventure-works.com,FBDCAD38-567F-4F61-9317-7781828428A2,2012-09-17 00:00:00.000
10895,10090,arthur3@adventure-works.com,5A1163AB-B725-4F73-AA4B-D6C3A4F88F85,2014-02-16 00:00:00.000
10896,10091,arthur4@adventure-works.com,4375D8E1-4C27-4275-93CF-28B036470859,2013-01-04 00:00:00.000
10897,10092,arthur5@adventure-works.com,589F2D62-21C4-44B7-993D-A143F87CD020,2014-03-07 00:00:00.000
10898,10093,kaylee45@adventure-works.com,57C6AD96-DA01-437B-9B65-38EF2EED917E,2013-10-17 00:00:00.000
10899,10094,arthur6@adventure-works.com,A0F91082-5F54-4128-B1CB-0A9F3C78BCA0,2014-02-03 00:00:00.000
10900,10095,arthur7@adventure-works.com,B5DBBFF9-355C-447D-B20F-A517B1C84F22,2013-08-23 00:00:00.000
10901,10096,andrea44@adventure-works.com,655AC9F0-8EDC-4FC7-A536-383F44B079DB,2014-05-02 00:00:00.000
10902,10097,arthur8@adventure-works.com,68E4318D-CC94-4758-A0F2-4EF174F9FFFE,2013-03-11 00:00:00.000
10903,10098,chloe22@adventure-works.com,93CDE68D-CB55-4468-898E-B91825F1B8E5,2014-01-26 00:00:00.000
10904,10099,jennifer26@adventure-works.com,02DA0D2B-BA44-4868-8A99-288961B2BD6D,2013-02-15 00:00:00.000
10905,10100,kaitlyn22@adventure-works.com,878C6E29-3B2B-40A6-8BD9-83E565483BF7,2013-08-25 00:00:00.000
10906,10101,marshall7@adventure-works.com,9993BE82-30A7-45FB-9BDB-EAE948DF9F1A,2012-10-10 00:00:00.000
10907,10102,arthur9@adventure-works.com,BED3A8E1-5A25-4F0C-888B-B4A2E6048C24,2013-03-15 00:00:00.000
10908,10103,morgan21@adventure-works.com,EA0ADDA2-19B2-4D14-B1EC-58298DB03407,2014-06-13 00:00:00.000
10909,10104,arthur10@adventure-works.com,A6A19593-66BE-4CAE-A744-F4065982ED3D,2011-10-24 00:00:00.000
10910,10105,isabella55@adventure-works.com,85B7CBEC-26E3-42E7-A3CC-1C2A863BEB83,2014-03-22 00:00:00.000
10911,10106,arthur11@adventure-works.com,13A77139-52D4-4047-87E8-57A4FC77FC63,2013-02-19 00:00:00.000
10912,10107,arthur12@adventure-works.com,5525BCC8-0876-4597-AC73-087C1D049D2F,2013-09-24 00:00:00.000
10913,10108,natalie66@adventure-works.com,EA3E46FC-CF71-4ED6-B6CC-B06C04B04690,2013-10-19 00:00:00.000
10914,10109,arthur13@adventure-works.com,589209A0-8428-4B3D-92A4-89809CF97C78,2014-06-14 00:00:00.000
10915,10110,alexandra90@adventure-works.com,EC143C2B-EE2B-4BB4-AA99-D58E55BC50BA,2011-08-30 00:00:00.000
10916,10111,sydney88@adventure-works.com,F4020EA7-BF5B-4CE7-AE29-57248115351D,2013-07-31 00:00:00.000
10917,10112,arthur14@adventure-works.com,610220FE-2378-4C7C-9BFA-5D0F4E2C96CE,2013-02-01 00:00:00.000
10918,10113,katherine97@adventure-works.com,922AAD66-D27C-4BB8-B42B-8233D3EB3BCA,2014-05-02 00:00:00.000
10919,10114,arthur15@adventure-works.com,F3E8E143-6977-4B27-8AE5-F6F5197985C4,2013-09-01 00:00:00.000
10920,10115,arthur16@adventure-works.com,13F0BACA-1854-407F-BD62-674799BAF2D1,2012-02-11 00:00:00.000
10921,10116,amanda67@adventure-works.com,E37B9F7D-6C14-4443-93BD-FFA540DD812B,2013-12-20 00:00:00.000
10922,10117,stephanie68@adventure-works.com,53D5C2CA-DA91-4627-8C2B-271ABA6487A4,2013-12-07 00:00:00.000
10923,10118,hailey62@adventure-works.com,4370677E-C220-4A6A-8052-284417B0A61C,2013-12-16 00:00:00.000
10924,10119,arthur17@adventure-works.com,D7DA9B63-044A-466E-B3E2-C92F90862888,2014-05-16 00:00:00.000
10925,10120,arthur18@adventure-works.com,AF63D8D6-A5E9-4E73-94F0-F430105B332B,2012-10-17 00:00:00.000
10926,10121,haley58@adventure-works.com,7C766E19-AE87-4379-9371-EDA48C8FB1A9,2013-07-23 00:00:00.000
10927,10122,rebecca24@adventure-works.com,5F1E58E3-08B6-4221-AB9C-B59C6F99FFF3,2013-07-22 00:00:00.000
10928,10123,madeline21@adventure-works.com,9038B679-DA96-4274-86DD-7C1FA64817E4,2014-05-22 00:00:00.000
10929,10124,arthur19@adventure-works.com,80817F29-6E9B-4F02-8F00-4AE4F7FD7CAA,2013-10-24 00:00:00.000
10930,10125,sophia21@adventure-works.com,510304A5-A7EC-467B-A5E8-4C27F7084BE5,2013-07-01 00:00:00.000
10931,10126,arthur20@adventure-works.com,4A98BCCF-BB44-4BFD-A414-C4CC2961F5EE,2013-04-10 00:00:00.000
10932,10127,mary36@adventure-works.com,FAFBF14C-C09F-4B5C-BB3B-E5E67999513E,2012-06-26 00:00:00.000
10933,10128,arthur21@adventure-works.com,AD2A1BB4-989E-4D6B-AA47-75E664B733A4,2014-04-04 00:00:00.000
10934,10129,arthur22@adventure-works.com,2BAE50F0-28C6-4054-AF99-86BDFF84F88E,2011-06-18 00:00:00.000
10935,10130,arthur23@adventure-works.com,44428D25-74D1-4461-ABBE-39DF5875A674,2013-12-01 00:00:00.000
10936,10131,amber23@adventure-works.com,19B6131F-9E9C-43E8-AE08-B82CF26F8A90,2013-11-20 00:00:00.000
10937,10132,arthur24@adventure-works.com,BEE262D9-C680-4CF1-A07B-C85D43514ABF,2012-11-06 00:00:00.000
10938,10133,courtney19@adventure-works.com,8E93F144-2C3A-4D82-812C-E58367B4EE09,2013-06-09 00:00:00.000
10939,10134,jenna22@adventure-works.com,E466F0E6-6736-48F0-8FFF-F26267BDD0EB,2014-04-12 00:00:00.000
10940,10135,arthur25@adventure-works.com,390DEA8F-52B7-42F2-9265-2E0C12E5DD12,2013-09-19 00:00:00.000
10941,10136,jordan52@adventure-works.com,913C23AF-BB9D-42CF-8AC2-62F766B4FAF4,2014-05-19 00:00:00.000
10942,10137,sierra18@adventure-works.com,83D7CCD1-ABD5-466E-9EC5-484114D2CA6E,2014-01-24 00:00:00.000
10943,10138,bailey43@adventure-works.com,4BB01BF0-21FB-42DA-89B0-EC27CECC8BE2,2013-09-13 00:00:00.000
10944,10139,mackenzie44@adventure-works.com,2C86F035-032C-45AB-8955-8B7B811D2973,2013-12-10 00:00:00.000
10945,10140,arthur26@adventure-works.com,618CA287-FC97-4B0A-9C21-68D37676BF19,2013-08-08 00:00:00.000
10946,10141,gabriella46@adventure-works.com,B89D2852-998B-4D69-9252-AD4E893393F1,2014-05-08 00:00:00.000
10947,10142,damien18@adventure-works.com,BCCC494E-6AFE-49B3-9010-FCB7357AEE67,2013-12-23 00:00:00.000
10948,10143,marshall8@adventure-works.com,48290602-D2D0-4806-89B3-A63FCF468289,2013-10-15 00:00:00.000
10949,10144,arthur27@adventure-works.com,EF46F623-A178-4D57-9DE3-30DD162A0EC3,2013-09-12 00:00:00.000
10950,10145,sara49@adventure-works.com,CC80E523-DBB3-4D6C-8BDA-9706C5DC222A,2014-04-11 00:00:00.000
10951,10146,jada27@adventure-works.com,744ADD1D-0667-4F73-8B1E-AED9AEA597A5,2013-11-23 00:00:00.000
10952,10147,arthur28@adventure-works.com,3C36BA7E-CC3E-4745-878B-50F403BA54AA,2014-05-21 00:00:00.000
10953,10148,arthur29@adventure-works.com,AC2F9574-13E5-4F89-8120-96AEA9EF1FB1,2013-02-04 00:00:00.000
10954,10149,arthur30@adventure-works.com,C1F96C82-2B56-46E3-8DE2-9CB21CD5208C,2013-11-23 00:00:00.000
10955,10150,katelyn47@adventure-works.com,135AC766-427A-4D0E-917D-FD7828D73256,2011-06-27 00:00:00.000
10956,10151,savannah46@adventure-works.com,1C5F3E35-9113-4F35-A6EE-13677CD82389,2013-07-11 00:00:00.000
10957,10152,arthur31@adventure-works.com,434E5629-43AF-4034-826C-FB998D48C731,2014-05-19 00:00:00.000
10958,10153,kaylee46@adventure-works.com,7C46E7C1-2B68-4889-A48D-83C48971C197,2012-12-12 00:00:00.000
10959,10154,arthur32@adventure-works.com,5C9DD257-1F6B-4E8F-AEB4-70DB290F212D,2014-05-11 00:00:00.000
10960,10155,allison45@adventure-works.com,A7975DCD-2660-4AE7-BC4C-2D83B45273C5,2013-11-08 00:00:00.000
10961,10156,andrea45@adventure-works.com,94B995A9-D651-464F-848E-5D39D432CA5F,2014-04-02 00:00:00.000
10962,10157,arthur33@adventure-works.com,364EA17A-7EFD-4CB5-8229-B6AEC6E2C4E3,2013-03-12 00:00:00.000
10963,10158,chloe23@adventure-works.com,F5ADFA7A-FC67-4EEC-83B5-ED57249D69E8,2013-06-20 00:00:00.000
10964,10159,arthur34@adventure-works.com,5F608B40-851F-4FCF-8BF2-484198A90267,2013-10-06 00:00:00.000
10965,10160,arthur35@adventure-works.com,BC77B515-4FC0-4250-910C-E26363FEF2C7,2013-09-25 00:00:00.000
10966,10161,arthur36@adventure-works.com,8D481DB9-300A-469C-B1D4-3032B72C67E7,2013-08-30 00:00:00.000
10967,10162,marshall9@adventure-works.com,A80C7CA8-9125-4515-82BA-A4A98D40CA8E,2012-09-11 00:00:00.000
10968,10163,arthur37@adventure-works.com,283C1C5B-F5C5-4820-8B9E-3C7A81E72672,2013-10-26 00:00:00.000
10969,10164,julia21@adventure-works.com,57A350CE-B92E-4C45-8029-DC5AF3D4ED78,2013-12-18 00:00:00.000
10970,10165,arthur38@adventure-works.com,B8EC99A0-3640-4889-A0F8-16D313D37E86,2014-01-05 00:00:00.000
10971,10166,arthur39@adventure-works.com,D117CEF3-57CB-401F-807C-0585C5A53254,2013-10-13 00:00:00.000
10972,10167,arthur40@adventure-works.com,0465F474-E6E9-4A0B-88FC-E3E75E2E7B4F,2014-05-24 00:00:00.000
10973,10168,jennifer27@adventure-works.com,7C7B2CAB-BB18-4A98-8CDC-B6365B2B9EED,2011-06-30 00:00:00.000
10974,10169,kaitlyn23@adventure-works.com,4AE2AA3F-49C5-4E74-9CBC-A05CDE63A59F,2013-09-12 00:00:00.000
10975,10170,morgan22@adventure-works.com,2CC73736-AD1F-4C2E-903D-70D77A718640,2012-06-11 00:00:00.000
10976,10171,isabella56@adventure-works.com,CB5BCC59-4EF3-40DF-8E34-E17F1C9F5B63,2014-03-08 00:00:00.000
10977,10172,arthur41@adventure-works.com,E6E10136-A1FC-4235-BF3E-24BC3F39A3EE,2011-09-04 00:00:00.000
10978,10173,natalie67@adventure-works.com,10268CE8-6DA2-4A70-9AF6-C27B9C034DDB,2013-09-07 00:00:00.000
10979,10174,arthur42@adventure-works.com,E37E4AC1-B4B2-4422-A597-BDCD01839FAF,2013-06-30 00:00:00.000
10980,10175,arthur43@adventure-works.com,1FEB1334-73B7-4D7C-9743-42B36777E11C,2013-12-26 00:00:00.000
10981,10176,alexandra91@adventure-works.com,7E368DCC-1506-4F65-AB3B-87DF61E63EF6,2013-09-15 00:00:00.000
10982,10177,marshall10@adventure-works.com,2FF01858-77E4-47EA-82E9-AC15113DA943,2013-11-04 00:00:00.000
10983,10178,joe4@adventure-works.com,39E1DB09-DF1B-4000-ABF2-B225CDC1ED0B,2014-02-18 00:00:00.000
10984,10179,sydney89@adventure-works.com,37748F5A-63F5-4133-A2FB-86BEF872E491,2013-04-21 00:00:00.000
10985,10180,joe5@adventure-works.com,E21CC5BE-BBFC-46C8-9058-7D072FA65CFF,2012-06-02 00:00:00.000
10986,10181,katherine98@adventure-works.com,41E50821-8E84-41C1-813A-4F339CA5D50F,2013-10-31 00:00:00.000
10987,10182,amanda68@adventure-works.com,1EDCAA34-2918-4B06-BBAF-C5F57FDDD668,2013-03-11 00:00:00.000
10988,10183,stephanie69@adventure-works.com,84C4C6B5-D711-4541-B812-6A474CBF5221,2013-12-24 00:00:00.000
10989,10184,hailey63@adventure-works.com,76E57FB5-6A7C-4BED-AA7B-A43B9A40F687,2013-09-29 00:00:00.000
10990,10185,joe6@adventure-works.com,37B577A3-897D-4014-A7AE-EA917AE63A09,2014-04-22 00:00:00.000
10991,10186,joe7@adventure-works.com,EFBBF3B7-9DF0-45E6-99FC-501144C3D484,2013-01-12 00:00:00.000
10992,10187,joe8@adventure-works.com,02678B11-CF8D-49A5-B309-8ADF0ADB5E9E,2013-07-31 00:00:00.000
10993,10188,maria65@adventure-works.com,060D6845-432C-4040-9AFC-E2DAA76F69F1,2014-02-17 00:00:00.000
10994,10189,joe9@adventure-works.com,FB5F3797-61B4-4B6E-8425-22FF2EDF0F6C,2013-08-21 00:00:00.000
10995,10190,gabrielle65@adventure-works.com,12B6C5B9-D88A-4493-A519-53C94C9701EC,2013-09-24 00:00:00.000
10996,10191,haley59@adventure-works.com,056B2525-C9D5-439A-B125-BCC728402B40,2014-05-16 00:00:00.000
10997,10192,rebecca25@adventure-works.com,AF89F052-0717-4E41-9AEC-A0559A0E868E,2013-03-03 00:00:00.000
10998,10193,madeline22@adventure-works.com,9DB3E803-25FC-45FC-9B17-ACE1FD944186,2014-02-16 00:00:00.000
10999,10194,sophia22@adventure-works.com,556C3EDD-3DAD-473F-B93E-D694C50FC7B4,2014-01-15 00:00:00.000
11000,10195,mary37@adventure-works.com,CC2D7F54-3F03-4A60-9FD5-99E5E34F1492,2013-12-14 00:00:00.000
11001,10196,amber24@adventure-works.com,693745BF-1DC3-4686-8ABF-16254507A95D,2013-08-27 00:00:00.000
11002,10197,courtney20@adventure-works.com,4AA21FF5-A7BF-40DF-858A-8ADB486024B4,2014-02-16 00:00:00.000
11003,10198,jenna23@adventure-works.com,33048487-D529-4699-8452-0FB7AD63C1E6,2014-04-18 00:00:00.000
11004,10199,chloe24@adventure-works.com,7A3ADA47-ABD0-4CF7-8DB5-E21EE1201C2A,2014-06-30 00:00:00.000
11005,10200,joe10@adventure-works.com,094A3EA7-3A0A-4A1C-BF7A-720BE01A4006,2013-10-27 00:00:00.000
11006,10201,chloe25@adventure-works.com,B71FFDE9-E1F6-41E0-9F97-D97E41B233D0,2014-06-30 00:00:00.000
11007,10202,marshall11@adventure-works.com,47CE1F1C-6379-4994-BF24-27559FE84259,2013-08-14 00:00:00.000
11008,10203,joe11@adventure-works.com,D439ABD0-3BC1-4D17-8E4A-B12C16A0D3CD,2012-08-31 00:00:00.000
11009,10204,joe12@adventure-works.com,8A31209E-06F0-47B6-AA86-178EAA754C9C,2013-09-30 00:00:00.000
11010,10205,joe13@adventure-works.com,A5252180-978C-4439-A0A8-F410BB1C2C48,2012-11-11 00:00:00.000
11011,10206,joe14@adventure-works.com,2CD24B80-00B1-40D8-B948-1FA054C05961,2012-03-02 00:00:00.000
11012,10207,chloe26@adventure-works.com,9D366EBC-4A7A-43D1-944E-9CE271D8E893,2014-04-26 00:00:00.000
11013,10208,joe15@adventure-works.com,30F4592B-A191-461F-85C1-B8BA3C0F3C20,2013-07-05 00:00:00.000
11014,10209,chloe27@adventure-works.com,5F95AFEB-22BB-4F1A-B037-4D9FF43B3C11,2013-06-22 00:00:00.000
11015,10210,joe16@adventure-works.com,1CD095FE-C81C-4F8D-B3E1-77FD7BA91EEE,2012-12-01 00:00:00.000
11016,10211,chloe28@adventure-works.com,240E189B-7758-4D94-9906-7CDD9FF6C72F,2014-05-28 00:00:00.000
11017,10212,chloe29@adventure-works.com,223DCE7D-CEEB-46BF-BA57-295646FDC34C,2013-07-27 00:00:00.000
11018,10213,joe17@adventure-works.com,75B849D3-650C-4C3C-AB9E-0AF5B4B92BE0,2014-03-21 00:00:00.000
11019,10214,joe18@adventure-works.com,5F625065-C410-4733-93D3-AA5AF24F2D7E,2012-11-17 00:00:00.000
11020,10215,chloe30@adventure-works.com,31AB5C8D-9D8C-421A-9AF0-36664ED06035,2012-06-30 00:00:00.000
11021,10216,cindy21@adventure-works.com,2E0A12AE-F513-4F98-A7D7-0C24E414E75E,2012-09-15 00:00:00.000
11022,10217,joe19@adventure-works.com,B2DCC42E-294E-4238-B18B-2455B753FE39,2013-12-02 00:00:00.000
11023,10218,chloe31@adventure-works.com,89DF4277-DF52-4693-92AD-7FA2D5770832,2014-06-01 00:00:00.000
11024,10219,chloe32@adventure-works.com,608CBE8E-8326-4B39-9DF5-82D4F3F973BD,2014-03-29 00:00:00.000
11025,10220,marshall12@adventure-works.com,81BE1F24-994D-4045-A122-4DECF97269EE,2013-11-29 00:00:00.000
11026,10221,joe20@adventure-works.com,9F12B92A-3F80-4266-814C-17172D0B6464,2014-02-11 00:00:00.000
11027,10222,chloe33@adventure-works.com,4196368A-D3C0-475D-AD11-1466AB9F8F08,2013-10-13 00:00:00.000
11028,10223,julia22@adventure-works.com,5FD05894-EAA8-480C-9FC4-E22B8E2A4C95,2014-03-11 00:00:00.000
11029,10224,joe21@adventure-works.com,32FEACDB-D004-4AF5-B091-6EE5EE1E47BA,2013-12-18 00:00:00.000
11030,10225,julia23@adventure-works.com,59C79FFC-A994-423B-8AF9-7B41988E3536,2013-12-15 00:00:00.000
11031,10226,julia24@adventure-works.com,F8A70F41-F18E-48D3-85FB-86A861B39C61,2014-03-08 00:00:00.000
11032,10227,joe22@adventure-works.com,AF6A1661-B1EC-4D04-9F69-FAE7CA6AA146,2012-12-01 00:00:00.000
11033,10228,julia25@adventure-works.com,89CAB8AA-859E-4DC0-B029-BB26B662BE82,2011-12-14 00:00:00.000
11034,10229,joe23@adventure-works.com,1BCA2ED9-D5CD-48F1-9652-E07B5BF3E2D0,2013-02-04 00:00:00.000
11035,10230,julia26@adventure-works.com,547E887A-2817-40AD-BAD2-D361FEEBF6FB,2014-02-04 00:00:00.000
11036,10231,joe24@adventure-works.com,894CE5AA-CD6E-40AA-84AA-2064BFCD03E3,2013-02-04 00:00:00.000
11037,10232,joe25@adventure-works.com,A1C24CD6-A23C-44CD-8CBA-09CA8FCF60E6,2013-08-05 00:00:00.000
11038,10233,joe26@adventure-works.com,670369BA-F7B9-4375-AA4E-D55B6DF802F8,2014-05-01 00:00:00.000
11039,10234,julia27@adventure-works.com,A7668DA2-7DCA-4D36-A033-4064DF9D9697,2014-02-13 00:00:00.000
11040,10235,joe27@adventure-works.com,B501053A-4F39-4E89-8918-260237F9E1C6,2013-08-22 00:00:00.000
11041,10236,marshall13@adventure-works.com,04208E35-584E-4079-9C4A-917646AB4BB0,2012-08-02 00:00:00.000
11042,10237,joe28@adventure-works.com,D4B39C9E-D958-4839-B425-5039B610F1C6,2014-03-16 00:00:00.000
11043,10238,joe29@adventure-works.com,AD1EDC9C-D415-427A-8950-73743454C3DE,2013-10-03 00:00:00.000
11044,10239,joe30@adventure-works.com,25CD62E7-8494-4FEB-86E9-4E5DDB8D3BE4,2013-03-03 00:00:00.000
11045,10240,julia28@adventure-works.com,1EDEBA67-4632-46F7-AB37-10906FB06CD8,2014-06-06 00:00:00.000
11046,10241,julia29@adventure-works.com,299AF799-4A7B-49D6-B36A-57610C5B0C3E,2012-10-23 00:00:00.000
11047,10242,julia30@adventure-works.com,8A43F5C1-81D5-4750-B658-B166FA9B1F33,2013-10-20 00:00:00.000
11048,10243,julia31@adventure-works.com,F84A3439-40DA-466B-8602-491BDE2DECB0,2013-09-29 00:00:00.000
11049,10244,julia32@adventure-works.com,A00F6438-6C4F-49A9-9FD2-A42D5C69D691,2013-07-12 00:00:00.000
11050,10245,julia33@adventure-works.com,5F3CE5B2-E401-405C-9F27-4EF34B81B6CD,2012-07-28 00:00:00.000
11051,10246,joe31@adventure-works.com,D265EF02-F757-49DA-8FFB-4A439C59B37E,2012-06-06 00:00:00.000
11052,10247,joe32@adventure-works.com,475F0E5B-A025-4D74-8061-FBCD2DAC0DC7,2013-02-07 00:00:00.000
11053,10248,joe33@adventure-works.com,182E8E10-1288-4104-8B89-E242373DA885,2013-10-04 00:00:00.000
11054,10249,julia34@adventure-works.com,B652A29B-D806-44DD-B17F-5809F1FBAB94,2013-09-26 00:00:00.000
11055,10250,judith4@adventure-works.com,80BDE43D-012B-4CBE-BBC4-064482DBFA98,2014-03-06 00:00:00.000
11056,10251,julia35@adventure-works.com,421CE071-D537-4543-ABD1-FF38353F2D15,2014-03-30 00:00:00.000
11057,10252,julia36@adventure-works.com,61DC6DBF-69F8-4CE1-BA39-52F174BFEC3E,2014-04-20 00:00:00.000
11058,10253,joe34@adventure-works.com,E78D09FC-ACC5-41D7-B56B-F4016464EEC9,2014-03-30 00:00:00.000
11059,10254,julia37@adventure-works.com,2B3DFCF7-A073-4A31-ADD4-5C13FC290FD3,2012-01-15 00:00:00.000
11060,10255,julia38@adventure-works.com,AD5AE0ED-1639-43D6-B6C6-48925B606B59,2013-08-20 00:00:00.000
11061,10256,joe35@adventure-works.com,F6C303BC-40C4-4DE7-8F34-619B2609B719,2012-03-03 00:00:00.000
11062,10257,joe36@adventure-works.com,051DABC0-0D83-41E4-B567-B3037A4B4FC9,2014-04-20 00:00:00.000
11063,10258,julia39@adventure-works.com,D34F835A-52A3-4E81-96D1-100BFB34A82D,2013-11-28 00:00:00.000
11064,10259,marshall14@adventure-works.com,88E292CF-BBE3-4D6D-AF4A-6861893CC6D6,2013-10-28 00:00:00.000
11065,10260,joe37@adventure-works.com,DCA788CC-3629-4B02-9EBF-FF3EB45C6DB4,2012-06-15 00:00:00.000
11066,10261,julia40@adventure-works.com,84408227-ABAE-4D50-92F2-1D8F7C4ED761,2014-04-08 00:00:00.000
11067,10262,joe38@adventure-works.com,8FA3B91B-C750-4805-A95E-085382976ABB,2012-04-23 00:00:00.000
11068,10263,joe39@adventure-works.com,D467C9CD-89ED-46FD-B683-497A77B2F3AB,2013-07-18 00:00:00.000
11069,10264,julia41@adventure-works.com,017C79EF-2537-460D-BA10-730906DD05D0,2013-07-26 00:00:00.000
11070,10265,julia42@adventure-works.com,E789A89D-9C90-4CA2-9044-D97F64433DE3,2014-03-14 00:00:00.000
11071,10266,joe40@adventure-works.com,AB6260DE-F7A0-4ED5-9C35-2EE0DD97E739,2011-10-07 00:00:00.000
11072,10267,julia43@adventure-works.com,A09C086D-0217-4719-AA80-34AA624620B0,2014-04-03 00:00:00.000
11073,10268,joe41@adventure-works.com,F5BBC155-8788-48E4-9B8A-21D4BA1A3D32,2012-06-26 00:00:00.000
11074,10269,joe42@adventure-works.com,EB090AC4-9740-42BE-9BAE-3FB10F9C66F5,2013-07-12 00:00:00.000
11075,10270,julia44@adventure-works.com,71F94E7D-B641-4B5E-9E43-D0BBD78BC557,2013-10-29 00:00:00.000
11076,10271,julia45@adventure-works.com,753C0504-8B48-4BA5-BEB4-23E268FBF60B,2013-12-19 00:00:00.000
11077,10272,jennifer28@adventure-works.com,9C863935-2155-4177-ACFB-2DFAEB3AEEAD,2014-01-20 00:00:00.000
11078,10273,joe43@adventure-works.com,92A64964-3E70-4170-92B3-5B4F5E3ED358,2012-06-21 00:00:00.000
11079,10274,jennifer29@adventure-works.com,566D3622-BD5C-4F39-947B-B1983EC6206D,2013-10-15 00:00:00.000
11080,10275,joe44@adventure-works.com,40985773-7DED-4CFE-B75D-B8E6A719FF6F,2013-11-14 00:00:00.000
11081,10276,jennifer30@adventure-works.com,C84A8EE7-F0AB-4D9B-87B9-91163487FDCD,2014-05-15 00:00:00.000
11082,10277,roy0@adventure-works.com,43001C26-9B78-4140-A33D-70E8A75DFD41,2013-09-05 00:00:00.000
11083,10278,jennifer31@adventure-works.com,E8F4C59A-C38A-4C51-A57D-2C144130CF80,2013-09-21 00:00:00.000
11084,10279,roy1@adventure-works.com,500490EF-7CD5-4695-A5CA-7F0C8D8C0B22,2013-07-11 00:00:00.000
11085,10280,jennifer32@adventure-works.com,C7391AE6-62C7-48AC-8046-ADEB203ABB05,2013-12-02 00:00:00.000
11086,10281,roy2@adventure-works.com,1AA06EB3-D64D-409C-A148-55B297C445AE,2013-11-16 00:00:00.000
11087,10282,jennifer33@adventure-works.com,83A48960-3116-41EA-B273-B2B34C1E83DE,2013-09-07 00:00:00.000
11088,10283,jennifer34@adventure-works.com,217C85CA-6CB3-4515-B6CA-ED432A1BCC8A,2014-06-22 00:00:00.000
11089,10284,jennifer35@adventure-works.com,CE82B241-7E0D-4E47-B5AD-9C35818DE650,2014-01-12 00:00:00.000
11090,10285,jennifer36@adventure-works.com,6C772C5A-F706-4E08-8CC1-D398CF0F9F57,2014-05-18 00:00:00.000
11091,10286,jennifer37@adventure-works.com,24D12164-D013-4DB5-960B-78675BD82562,2011-11-10 00:00:00.000
11092,10287,roy3@adventure-works.com,C856445A-AD46-483D-82C1-8C9A7F2B1A29,2011-12-30 00:00:00.000
11093,10288,jennifer38@adventure-works.com,62D10596-F4A1-461D-981B-4564EB7A386B,2014-02-05 00:00:00.000
11094,10289,jennifer39@adventure-works.com,5839E419-4F1E-4BB2-91CB-5BCCF41D7F3C,2013-12-21 00:00:00.000
11095,10290,roy4@adventure-works.com,2EC7C732-7266-404B-BD54-C07807002E8F,2014-01-18 00:00:00.000
11096,10291,jennifer40@adventure-works.com,F8450660-CD8B-4739-9BAB-457B44EEE4D8,2012-07-25 00:00:00.000
11097,10292,roy5@adventure-works.com,E5E24612-7576-4212-BF52-61FAD920A6D1,2013-08-26 00:00:00.000
11098,10293,jennifer41@adventure-works.com,40CAC323-E7E5-42E8-9DE8-2FF5D6395497,2012-07-07 00:00:00.000
11099,10294,jennifer42@adventure-works.com,D809407E-BA41-41A9-8247-3775BABB69EC,2014-05-21 00:00:00.000
11100,10295,roy6@adventure-works.com,4C6C2C05-E517-4AC6-A9A0-E5C20ACF10EF,2014-01-22 00:00:00.000
11101,10296,jennifer43@adventure-works.com,00C47A52-7A3F-4587-B7FA-5E77F2E8B59F,2014-05-18 00:00:00.000
11102,10297,jennifer44@adventure-works.com,7C974087-B9FE-4014-B074-F5AD4AA93855,2013-08-30 00:00:00.000
11103,10298,roy7@adventure-works.com,96E9380F-768C-4742-989E-4BCC739CFC81,2014-01-19 00:00:00.000
11104,10299,jennifer45@adventure-works.com,6A2E5996-5161-4617-B69A-49DDC22640F7,2012-11-14 00:00:00.000
11105,10300,jennifer46@adventure-works.com,3FC9972F-96F5-449E-BE7E-B9CA904D3854,2014-06-06 00:00:00.000
11106,10301,jennifer47@adventure-works.com,7D481759-A32B-43E4-A7A7-39BB237E1C05,2013-01-20 00:00:00.000
11107,10302,roy8@adventure-works.com,FF8C8A01-47B5-4757-B01E-8D5A8A230C26,2013-04-21 00:00:00.000
11108,10303,jennifer48@adventure-works.com,C6C993D7-9E88-4E85-9502-E89476F4EB19,2013-09-30 00:00:00.000
11109,10304,roy9@adventure-works.com,92D4B183-3269-4C3C-B10F-793EADFD2326,2012-08-11 00:00:00.000
11110,10305,jennifer49@adventure-works.com,94FB146F-127C-4FE6-AFE9-C239AD42C1A7,2013-07-13 00:00:00.000
11111,10306,jennifer50@adventure-works.com,688C58D3-5F4B-4870-AC14-50B427F450F3,2012-10-03 00:00:00.000
11112,10307,marshall15@adventure-works.com,AEF22FDD-E778-4DE1-A152-E1AC3AB551FE,2014-04-01 00:00:00.000
11113,10308,roy10@adventure-works.com,6E371A05-0309-403F-9CA4-403B876C7D23,2013-08-26 00:00:00.000
11114,10309,jennifer51@adventure-works.com,50CF548C-6B28-45D2-B6DD-9267F8269D87,2014-01-11 00:00:00.000
11115,10310,karen8@adventure-works.com,FAFF3E33-B000-448C-A7B9-7128E93C6B0C,2012-07-09 00:00:00.000
11116,10311,roy11@adventure-works.com,C28E2985-B3FE-4974-AC3B-CAEDAA4E12CD,2013-06-05 00:00:00.000
11117,10312,kaitlyn24@adventure-works.com,83C83739-079A-4189-BED4-29C3CD218128,2014-01-14 00:00:00.000
11118,10313,roy12@adventure-works.com,6A7A21C2-6979-43A7-9A05-F024A5C82BB0,2011-06-18 00:00:00.000
11119,10314,roy13@adventure-works.com,6434B495-9C26-4DC5-9FBC-4D7CE7F357AE,2013-11-06 00:00:00.000
11120,10315,kaitlyn25@adventure-works.com,8C646506-1AC9-4CF5-AE16-E5973DC959B8,2014-04-20 00:00:00.000
11121,10316,kaitlyn26@adventure-works.com,96BC66E4-5764-4C2B-9F2D-00033B7BC5B4,2014-05-15 00:00:00.000
11122,10317,roy14@adventure-works.com,4A5480CD-D881-4698-B045-E04438394970,2014-04-02 00:00:00.000
11123,10318,kaitlyn27@adventure-works.com,D61E65DD-D280-4344-8356-FDCC1C4AB375,2013-11-08 00:00:00.000
11124,10319,roy15@adventure-works.com,E16A5266-CC90-4949-90F9-38946A8CBF0D,2013-04-23 00:00:00.000
11125,10320,kaitlyn28@adventure-works.com,BD06E030-1B77-4A03-9094-63CCD771B0B8,2013-09-16 00:00:00.000
11126,10321,roy16@adventure-works.com,48156886-92E1-4BA5-A49A-14B2DD93053B,2013-09-26 00:00:00.000
11127,10322,kaitlyn29@adventure-works.com,7770B830-740C-43A7-802A-92D84568CED4,2013-07-11 00:00:00.000
11128,10323,roy17@adventure-works.com,58623571-AB9D-45FD-849A-A9459095F2F6,2013-08-22 00:00:00.000
11129,10324,kaitlyn30@adventure-works.com,3706D04C-BC48-4CA1-A8D7-598A2CC9C96B,2014-04-05 00:00:00.000
11130,10325,roy18@adventure-works.com,DBE82EA1-1551-4BDA-AE3E-3A85E550270F,2014-02-20 00:00:00.000
11131,10326,kaitlyn31@adventure-works.com,15C8DB36-3213-428D-8178-9B2EDD868B76,2013-08-29 00:00:00.000
11132,10327,kaitlyn32@adventure-works.com,CECCEB2E-8060-4B64-A7D8-104E413D85F1,2013-12-11 00:00:00.000
11133,10328,kaitlyn33@adventure-works.com,984199D7-F69B-4D66-9F79-BF13A8EFFD98,2013-08-28 00:00:00.000
11134,10329,marshall16@adventure-works.com,B5ABAED0-47EA-443B-9EBB-7D922B1DAE88,2014-02-24 00:00:00.000
11135,10330,roy19@adventure-works.com,397521F3-68A5-4EE4-95A1-C2DB1C65A977,2014-04-22 00:00:00.000
11136,10331,roy20@adventure-works.com,C6EA1FD8-81F0-4852-BE73-5B2A5830B3EE,2013-05-13 00:00:00.000
11137,10332,kaitlyn34@adventure-works.com,2FDB420D-0B3B-479D-8BCE-09F06545058A,2013-07-22 00:00:00.000
11138,10333,kaitlyn35@adventure-works.com,D01D43C2-84B2-4F71-B4FA-1E4851C8129B,2014-06-07 00:00:00.000
11139,10334,kaitlyn36@adventure-works.com,24597980-7D3C-4D15-ADD1-E33EC53B6990,2013-09-04 00:00:00.000
11140,10335,roy21@adventure-works.com,FCA9C0D2-D553-4BFF-9F86-1F2F3D6EAF5A,2013-11-27 00:00:00.000
11141,10336,kaitlyn37@adventure-works.com,1AD78177-ECA7-4B2C-BBB6-FD9F8ECF4F0B,2013-10-17 00:00:00.000
11142,10337,kaitlyn38@adventure-works.com,5FCD4E24-1126-4450-B135-4714C9B7139B,2013-09-20 00:00:00.000
11143,10338,roy22@adventure-works.com,A40A7F18-8000-4886-BB78-9AB2D4EA165E,2013-07-29 00:00:00.000
11144,10339,roy23@adventure-works.com,2DA06313-E8E9-4681-99E6-F0904858F9E4,2014-01-29 00:00:00.000
11145,10340,kaitlyn39@adventure-works.com,34FA0E11-6802-4C6A-83A6-65F693BF6507,2013-03-31 00:00:00.000
11146,10341,kaitlyn40@adventure-works.com,E04B72B4-4E39-4B4A-973A-25D8A9603C4F,2013-10-13 00:00:00.000
11147,10342,roy24@adventure-works.com,A2F47E92-52DD-4734-9113-3442A1572BFE,2013-09-26 00:00:00.000
11148,10343,kaitlyn41@adventure-works.com,D54FEFAC-7CA4-464C-81D9-736C5B2AD862,2013-10-31 00:00:00.000
11149,10344,kaitlyn42@adventure-works.com,2776C17B-DA47-40EE-B5BC-485E4899AE31,2013-08-05 00:00:00.000
11150,10345,roy25@adventure-works.com,A5F5395C-9A04-4AFA-B44F-740699589EC6,2013-12-21 00:00:00.000
11151,10346,kaitlyn43@adventure-works.com,F0321383-0C71-4A83-AAF0-818D0603376D,2013-07-23 00:00:00.000
11152,10347,damien19@adventure-works.com,55F17419-CDC0-4407-8255-359FB6958CED,2014-04-30 00:00:00.000
11153,10348,marshall17@adventure-works.com,D7C6E457-2505-4289-BF80-3B07123DE50D,2014-03-12 00:00:00.000
11154,10349,roy26@adventure-works.com,26E750DD-E341-4CA8-B2E3-B3B1CBA900A3,2013-11-13 00:00:00.000
11155,10350,roy27@adventure-works.com,737D9F30-E470-4A6C-85D9-76CE5E60DB11,2012-02-03 00:00:00.000
11156,10351,kaitlyn44@adventure-works.com,35E708BF-E3B0-4E5A-AC77-8391C08F92F7,2013-12-11 00:00:00.000
11157,10352,kaitlyn45@adventure-works.com,9FB9E24E-324A-4D1E-AABF-DD25413DD175,2012-04-06 00:00:00.000
11158,10353,roy28@adventure-works.com,08C87A26-7F5C-4AD2-9676-DEC264ADB522,2013-07-22 00:00:00.000
11159,10354,roy29@adventure-works.com,5E7B61FD-79A7-4799-829A-BE82444E3F3F,2012-10-02 00:00:00.000
11160,10355,roy30@adventure-works.com,B97BB592-09B8-499D-B15A-2037C6F307B5,2013-08-16 00:00:00.000
11161,10356,karen9@adventure-works.com,975E6B63-4557-4BBB-8FD6-C6A0BC8A8917,2014-03-01 00:00:00.000
11162,10357,kaitlyn46@adventure-works.com,A5738E94-9FF8-4688-828E-F4EEBD6D71AC,2014-02-05 00:00:00.000
11163,10358,roy31@adventure-works.com,06F8CE11-21EA-46EC-B30F-46C8BCC1A5E6,2014-05-16 00:00:00.000
11164,10359,morgan23@adventure-works.com,02AF78AE-0F58-475E-842B-4AA41B99A737,2013-01-18 00:00:00.000
11165,10360,morgan24@adventure-works.com,E2F82E38-B50A-47DC-9EFC-8BD5DE211654,2012-05-02 00:00:00.000
11166,10361,morgan25@adventure-works.com,C3C7217F-7BF6-401C-9EED-F7A395DC42AA,2012-08-28 00:00:00.000
11167,10362,morgan26@adventure-works.com,AAA054D1-C7B7-4E3A-9B72-AAC01F46D441,2014-05-17 00:00:00.000
11168,10363,roy32@adventure-works.com,1092CFAD-65F8-4360-8B92-968131F5F7DF,2014-01-17 00:00:00.000
11169,10364,roy33@adventure-works.com,513F00F8-733C-48B5-8C22-9FA654D7AA02,2014-03-22 00:00:00.000
11170,10365,morgan27@adventure-works.com,02792482-0720-4830-89AA-59A3090765C9,2014-04-14 00:00:00.000
11171,10366,roy34@adventure-works.com,15F4D07F-04BD-49C3-ADB5-B234D1DCB02A,2012-07-25 00:00:00.000
11172,10367,roy35@adventure-works.com,24FCC488-FA34-4D15-B2CE-2ADF2073C07E,2014-02-22 00:00:00.000
11173,10368,roy36@adventure-works.com,0C382004-32E4-47B2-9062-D10AAD615A68,2014-03-27 00:00:00.000
11174,10369,roy37@adventure-works.com,BC484176-AF07-44A6-A590-B8F489012838,2013-05-20 00:00:00.000
11175,10370,morgan28@adventure-works.com,C94E9B82-BE4B-41F4-9074-AD8073E5A6F6,2013-04-22 00:00:00.000
11176,10371,morgan29@adventure-works.com,94A8FCC1-293E-4C9B-95C8-DFE56426E853,2012-03-14 00:00:00.000
11177,10372,roy38@adventure-works.com,BF9DFE21-A4C5-42BF-A513-4367E86B88C8,2014-06-26 00:00:00.000
11178,10373,morgan30@adventure-works.com,58CF182E-D1B0-4E6C-A628-B341A729866D,2013-12-30 00:00:00.000
11179,10374,roy39@adventure-works.com,3107D672-C36D-4B2C-85D4-98BC8434FFAF,2014-03-26 00:00:00.000
11180,10375,morgan31@adventure-works.com,B1E67F6C-591D-471C-BB47-1A7502CB89BF,2013-07-29 00:00:00.000
11181,10376,roy40@adventure-works.com,AF5F39CB-1452-400A-B0CE-1B1F27EE9603,2012-03-28 00:00:00.000
11182,10377,morgan32@adventure-works.com,CF9DB3B6-28FB-41A9-A3CB-6E1A9DC9637C,2011-10-15 00:00:00.000
11183,10378,morgan33@adventure-works.com,E0881F6B-82F1-4E53-BC03-60AB0A062D17,2012-05-10 00:00:00.000
11184,10379,roy41@adventure-works.com,71A6D208-C500-4480-AA3F-867BAD7F311C,2013-11-11 00:00:00.000
11185,10380,morgan34@adventure-works.com,DF9B6CD5-7817-42E7-9530-E64B3415FAF9,2014-05-10 00:00:00.000
11186,10381,ruben1@adventure-works.com,940A6CA8-688B-4194-A5C0-2EF0A305A043,2011-10-10 00:00:00.000
11187,10382,morgan35@adventure-works.com,B58D0C8B-0C5A-4315-ABA4-EBB552484B67,2012-06-11 00:00:00.000
11188,10383,marshall18@adventure-works.com,C6254759-5318-4815-AE8E-D409DECD4860,2013-03-16 00:00:00.000
11189,10384,ruben2@adventure-works.com,B61FF6B4-A1EE-4873-85D9-0ABC36B652C5,2014-04-23 00:00:00.000
11190,10385,ruben3@adventure-works.com,CD719902-9DCF-4F8F-900A-D24D6CC64C32,2012-02-17 00:00:00.000
11191,10386,morgan36@adventure-works.com,5233EC77-7E9B-4EAC-8932-5875278DF1AF,2012-06-28 00:00:00.000
11192,10387,morgan37@adventure-works.com,BE2F9F80-F512-4C5D-8979-9BA32A5F1FA9,2013-11-17 00:00:00.000
11193,10388,morgan38@adventure-works.com,38D327E4-46F0-41C2-B183-002B6FBDFD4E,2012-06-07 00:00:00.000
11194,10389,ruben4@adventure-works.com,5E8288FB-35C8-451C-8718-93E16DF219CE,2013-08-08 00:00:00.000
11195,10390,morgan39@adventure-works.com,95D2D5AA-7066-4727-9E14-B92E5FA2CBB8,2013-09-30 00:00:00.000
11196,10391,morgan40@adventure-works.com,B20E6E9C-3CEF-444C-9EE4-B82FE4E07927,2014-03-16 00:00:00.000
11197,10392,ruben5@adventure-works.com,799EE6EE-AC87-4440-BEB7-5E0F0FCDAF7F,2013-07-02 00:00:00.000
11198,10393,morgan41@adventure-works.com,A55AE020-05F9-4098-B27A-8BA13DC8CE68,2012-03-16 00:00:00.000
11199,10394,ruben6@adventure-works.com,F3DCA5CD-EDD2-4014-9DAA-2BA81CC43744,2012-09-21 00:00:00.000
11200,10395,morgan42@adventure-works.com,4CFA44D7-4C9F-4461-B65B-862372C7BBB3,2013-12-11 00:00:00.000
11201,10396,morgan43@adventure-works.com,0EB4FD06-7D11-4A5C-9223-B37D83F4FB24,2013-08-24 00:00:00.000
11202,10397,ruben7@adventure-works.com,96781011-2637-4079-9017-C3A131C223F7,2014-04-04 00:00:00.000
11203,10398,morgan44@adventure-works.com,0090BB43-34CD-433B-ADE5-F8B37526B0A0,2011-11-24 00:00:00.000
11204,10399,ruben8@adventure-works.com,FF09BE02-36F3-45ED-97E9-96581C49492C,2013-12-20 00:00:00.000
11205,10400,morgan45@adventure-works.com,50D3D8D7-DD70-483D-B984-135ECE1F7AAE,2013-12-14 00:00:00.000
11206,10401,isabella57@adventure-works.com,449F88F4-429D-4280-8A76-9656B11D616D,2014-05-28 00:00:00.000
11207,10402,ruben9@adventure-works.com,270CEDBB-1B90-4B6F-A960-EFEA206518E4,2013-08-27 00:00:00.000
11208,10403,isabella58@adventure-works.com,6B3C1161-8C38-4D95-B39C-44895EABA0B3,2011-08-18 00:00:00.000
11209,10404,isabella59@adventure-works.com,F2A5BF39-2ACC-4F7A-9136-A866075B76CE,2013-12-07 00:00:00.000
11210,10405,isabella60@adventure-works.com,2903E458-D7F3-4EEA-8D7A-2F94D37FC153,2013-07-23 00:00:00.000
11211,10406,ruben10@adventure-works.com,7175E0DA-2119-467D-AF5C-6733BF5D1D2B,2011-05-31 00:00:00.000
11212,10407,marshall19@adventure-works.com,23AC3CEA-2EA6-4F40-BD0A-38018ABE78C9,2013-06-05 00:00:00.000
11213,10408,ruben11@adventure-works.com,89C8EAEE-8932-4A30-961A-FED220E6477F,2013-10-18 00:00:00.000
11214,10409,ruben12@adventure-works.com,DED27B65-9B23-4611-9D91-350172BF2AB2,2014-05-09 00:00:00.000
11215,10410,isabella61@adventure-works.com,26B7F57A-1F7F-4D06-870A-988A500CE280,2011-11-07 00:00:00.000
11216,10411,isabella62@adventure-works.com,C838485C-4AEE-4544-A16F-EC2E7514FF4E,2012-11-06 00:00:00.000
11217,10412,ruben13@adventure-works.com,1EFA1762-4170-46A2-929C-931D68B32E4E,2013-03-30 00:00:00.000
11218,10413,ruben14@adventure-works.com,4DAEB9FA-A857-4B51-95D8-F7CEAA9EED04,2012-05-26 00:00:00.000
11219,10414,ruben15@adventure-works.com,C819B240-AC36-44DC-9198-885446CEC72D,2014-06-01 00:00:00.000
11220,10415,ruben16@adventure-works.com,986B4563-6ECC-4FBA-86B8-02C4470F0FF9,2012-01-01 00:00:00.000
11221,10416,ruben17@adventure-works.com,4BA6501F-E653-4ABB-84CA-A19831DB377E,2013-12-29 00:00:00.000
11222,10417,ruben18@adventure-works.com,02B8BD3B-82A1-40DA-843F-7599B74961A1,2013-07-21 00:00:00.000
11223,10418,isabella63@adventure-works.com,5097FF04-D2DD-46D7-83AA-D3D415786701,2012-11-15 00:00:00.000
11224,10419,isabella64@adventure-works.com,45A286A7-9F9C-4FB0-8E2F-D5FEA09B9932,2014-02-05 00:00:00.000
11225,10420,isabella65@adventure-works.com,84390949-B030-419A-AAF0-EAD3450B483C,2014-04-09 00:00:00.000
11226,10421,ruben19@adventure-works.com,48D1F80E-FB68-45EF-B27E-50B7D90AD48B,2014-04-18 00:00:00.000
11227,10422,isabella66@adventure-works.com,A41DCB6B-977E-4504-BBC7-1B87B44EA5A2,2012-11-03 00:00:00.000
11228,10423,marshall20@adventure-works.com,CE4BF024-AE38-4006-B4AE-746B617EF3CF,2012-05-01 00:00:00.000
11229,10424,ruben20@adventure-works.com,D1BCEEC4-EFAF-43E1-A156-C1C5F87BE858,2012-07-21 00:00:00.000
11230,10425,isabella67@adventure-works.com,59A44D4D-2BBE-4A6E-993F-A4D98AEBD1ED,2013-07-07 00:00:00.000
11231,10426,ruben21@adventure-works.com,96303B68-56FA-4BBD-813F-48B62495D3EC,2013-11-29 00:00:00.000
11232,10427,isabella68@adventure-works.com,36F92D41-6DE0-44DC-B666-56A850EEC8A5,2014-03-25 00:00:00.000
11233,10428,isabella69@adventure-works.com,A977011A-BF61-4417-8A0A-11E22B38583E,2013-07-27 00:00:00.000
11234,10429,ruben22@adventure-works.com,4A5E94CF-4AA1-41E6-91E6-9EE24A30BC53,2014-03-30 00:00:00.000
11235,10430,isabella70@adventure-works.com,61A112A1-8B5A-417C-8230-3260073FE8F6,2014-02-06 00:00:00.000
11236,10431,isabella71@adventure-works.com,25459AC7-16D5-4EA3-96F7-304B94D0D093,2013-12-31 00:00:00.000
11237,10432,isabella72@adventure-works.com,EDC4AEB8-5009-49BD-B109-E2BCDB27A92F,2014-01-07 00:00:00.000
11238,10433,ruben23@adventure-works.com,FF6EC726-551F-4ECB-90B3-AB93A161F40B,2012-09-30 00:00:00.000
11239,10434,isabella73@adventure-works.com,54E8B860-D1DD-4569-B350-91F60A08AA03,2012-07-01 00:00:00.000
11240,10435,isabella74@adventure-works.com,537825FB-40B3-46D2-876C-FB8BACF655DE,2014-02-17 00:00:00.000
11241,10436,isabella75@adventure-works.com,1001629B-84C7-4BD2-A267-8FCED268FB80,2014-03-19 00:00:00.000
11242,10437,ruben24@adventure-works.com,D5E55160-8AA8-4D05-A2B2-AB3E6EA08EAE,2013-09-14 00:00:00.000
11243,10438,isabella76@adventure-works.com,6C51A6B3-72E9-4781-A269-D79D77A63CF1,2011-09-15 00:00:00.000
11244,10439,isabella77@adventure-works.com,C9878115-E98A-4053-8CB1-905AC69D14FA,2013-09-21 00:00:00.000
11245,10440,ruben25@adventure-works.com,3499E20F-D06B-4F7A-B93D-7C2A4E9816A5,2013-11-26 00:00:00.000
11246,10441,isabella78@adventure-works.com,A8460DA9-0CC2-43EF-A8BC-50552647C952,2014-06-01 00:00:00.000
11247,10442,isabella79@adventure-works.com,62E83592-F0FE-4EEE-A240-C98D86EE9C1C,2012-05-18 00:00:00.000
11248,10443,isabella80@adventure-works.com,763E2205-EAA8-4D33-A8BB-11423004EC97,2012-09-19 00:00:00.000
11249,10444,ruben26@adventure-works.com,1343D352-8711-4706-98F9-CD84DE563CE3,2013-09-05 00:00:00.000
11250,10445,natalie68@adventure-works.com,80538ABA-D65E-4216-A75F-F78BEB19C161,2014-01-06 00:00:00.000
11251,10446,ruben27@adventure-works.com,1F03BB76-DF05-433A-ACDE-5FED5A82E5A4,2013-02-16 00:00:00.000
11252,10447,ruben28@adventure-works.com,17E9BA34-2873-4E56-B40E-91D3D2FFFE26,2013-10-04 00:00:00.000
11253,10448,natalie69@adventure-works.com,6EE4EEB7-0AEB-4912-A6AD-E087DD430EFE,2014-03-03 00:00:00.000
11254,10449,natalie70@adventure-works.com,57A7B57D-23F2-438B-839E-7FCB05181E6E,2014-02-04 00:00:00.000
11255,10450,ruben29@adventure-works.com,7CDD71C1-3DB2-4736-BD08-DFB1CBACBE79,2014-05-03 00:00:00.000
11256,10451,natalie71@adventure-works.com,313586D1-D425-4BE6-90EC-49F00BE88AC5,2013-07-16 00:00:00.000
11257,10452,natalie72@adventure-works.com,48E5D243-F7AD-42AB-BEAC-6C5FC09B8FC4,2013-12-04 00:00:00.000
11258,10453,marshall21@adventure-works.com,F293897A-EA14-4D26-87A3-5D1ADEBD251D,2013-07-23 00:00:00.000
11259,10454,natalie73@adventure-works.com,D1627985-D352-49AB-B8D0-9DCE338C87C5,2011-10-28 00:00:00.000
11260,10455,ruben30@adventure-works.com,961083D8-7C4C-43FD-9084-706987189B87,2011-12-29 00:00:00.000
11261,10456,ruben31@adventure-works.com,D3ABF861-4DDC-4896-B2B2-BF2212C8735A,2014-03-30 00:00:00.000
11262,10457,natalie74@adventure-works.com,432E5BF9-3786-4610-A05E-3B78CBC8CABD,2012-10-25 00:00:00.000
11263,10458,natalie75@adventure-works.com,2F54AC9E-86E4-4D97-A2F1-6183BD2365AB,2011-10-28 00:00:00.000
11264,10459,ruben32@adventure-works.com,A3320A6D-B8DE-4CD1-9D2A-5B21EF41B1F1,2013-12-25 00:00:00.000
11265,10460,natalie76@adventure-works.com,E521D3E9-167D-422A-99BD-63FDADD0D314,2013-10-17 00:00:00.000
11266,10461,ruben33@adventure-works.com,DB2B4728-008D-4F3C-8A09-B9EA4A47DFB6,2013-11-17 00:00:00.000
11267,10462,ruben34@adventure-works.com,03A139E8-BB05-4388-93C5-A5A643BEA145,2012-12-17 00:00:00.000
11268,10463,natalie77@adventure-works.com,F106A384-79CB-4507-A8DB-9F2B1DEC76D1,2013-10-15 00:00:00.000
11269,10464,ruben35@adventure-works.com,EAA59BA0-70C9-4F7B-B7A7-217CA9F08823,2011-06-09 00:00:00.000
11270,10465,natalie78@adventure-works.com,68DDC5D7-A6C5-4BA9-9AD5-4DDB7FEE8D82,2014-06-05 00:00:00.000
11271,10466,ruben36@adventure-works.com,E8D9642E-614C-4F69-ADC7-A57781A7740F,2012-09-21 00:00:00.000
11272,10467,natalie79@adventure-works.com,99D61AFD-3190-494D-B318-92DA42EA76AA,2014-01-17 00:00:00.000
11273,10468,natalie80@adventure-works.com,0CA5C61D-1F16-4DB6-9AE4-BF47AAB77786,2014-03-29 00:00:00.000
11274,10469,natalie81@adventure-works.com,3A83FED6-C3F4-4DCD-8D56-697EB9476C4B,2013-07-13 00:00:00.000
11275,10470,ruben37@adventure-works.com,5A73CCEB-6831-4ADF-9D53-2A1003F629BE,2014-06-06 00:00:00.000
11276,10471,natalie82@adventure-works.com,ADA82B9E-F809-4F90-910C-9B0DC2B963BD,2014-01-02 00:00:00.000
11277,10472,ruben38@adventure-works.com,DFAB18D4-3AD0-4A80-A23C-41F9FFF6B708,2013-02-01 00:00:00.000
11278,10473,natalie83@adventure-works.com,DBB6BCF1-22DB-44A7-8164-C12E2322B9E6,2013-03-26 00:00:00.000
11279,10474,natalie84@adventure-works.com,E6DFD6D2-B084-4D42-89B4-F7D5125FF034,2014-01-11 00:00:00.000
11280,10475,marshall22@adventure-works.com,E45C04A1-A42F-4881-A0A7-9BD9E0CC8FBC,2013-05-18 00:00:00.000
11281,10476,natalie85@adventure-works.com,AC067539-3E81-46CF-A6F2-F7E1DE1E568F,2013-11-27 00:00:00.000
11282,10477,ruben39@adventure-works.com,92315BE2-4002-4C9B-8C4D-7EB4CC91C954,2014-01-30 00:00:00.000
11283,10478,natalie86@adventure-works.com,5FE64019-84E4-4CE1-9F3E-350FC416382E,2013-10-29 00:00:00.000
11284,10479,natalie87@adventure-works.com,C9D0F56B-E8FC-42DA-B3A9-E1EF09EE3F15,2014-05-09 00:00:00.000
11285,10480,ruben40@adventure-works.com,38A4E43C-8EEF-4FCE-BC39-8772E5B27D80,2013-09-21 00:00:00.000
11286,10481,natalie88@adventure-works.com,AF2211E2-FA7D-4F67-BA92-9ACBA9BBC644,2013-02-08 00:00:00.000
11287,10482,ruben41@adventure-works.com,D0409731-99B7-46CA-98B5-BA6115548C2B,2013-10-10 00:00:00.000
11288,10483,ruben42@adventure-works.com,2686478A-261B-4948-B4E8-553D21275C24,2013-01-18 00:00:00.000
11289,10484,natalie89@adventure-works.com,6252E04D-1432-4459-B045-8ADBC55D0781,2013-12-15 00:00:00.000
11290,10485,ruben43@adventure-works.com,7414BEFB-B052-4E1E-8732-EAA39B8B5E00,2014-04-02 00:00:00.000
11291,10486,lacey0@adventure-works.com,ACEC337F-CD5C-49ED-B873-D7879FDD1E08,2012-11-01 00:00:00.000
11292,10487,natalie90@adventure-works.com,14E684FB-4BDF-478D-93B5-98FA80231048,2013-07-06 00:00:00.000
11293,10488,lacey1@adventure-works.com,3B50A246-30CA-48BB-A40D-9FCA252D06FC,2014-04-09 00:00:00.000
11294,10489,alexandra92@adventure-works.com,C411CA24-B09F-44F6-8EF3-AEF786C43442,2013-09-29 00:00:00.000
11295,10490,grace0@adventure-works.com,6C84B4C5-C869-4D72-BC23-105B0905E0F1,2013-11-16 00:00:00.000
11296,10491,lacey2@adventure-works.com,3AA3B686-7BF4-4AF3-B64D-BA12F90B075B,2012-11-14 00:00:00.000
11297,10492,grace1@adventure-works.com,53FC9A16-B1BC-4C6D-9834-3C2E0DFCA0D8,2011-10-02 00:00:00.000
11298,10493,lacey3@adventure-works.com,99AD416B-356C-46D0-AE98-147B4D54B161,2013-09-20 00:00:00.000
11299,10494,grace2@adventure-works.com,19099EFF-21AB-4844-875C-D9ECA113BDBF,2013-10-10 00:00:00.000
11300,10495,marshall23@adventure-works.com,78468D21-D2C4-4519-9165-CABD3B27B62B,2013-08-05 00:00:00.000
11301,10496,lacey4@adventure-works.com,7C971F42-51C9-48DA-87B1-EE2EBC892516,2012-06-29 00:00:00.000
11302,10497,grace3@adventure-works.com,2C829F02-4386-4430-89B4-15203E5A1CA9,2014-06-19 00:00:00.000
11303,10498,grace4@adventure-works.com,3B5A927B-563F-4A49-B7CD-B03F8EE5D396,2014-04-12 00:00:00.000
11304,10499,lacey5@adventure-works.com,C4C49DA1-64B8-409D-80E3-8566F5A2AAEE,2014-01-11 00:00:00.000
11305,10500,grace5@adventure-works.com,51D7E494-172D-4303-865F-450DAFE6E44F,2014-01-29 00:00:00.000
11306,10501,grace6@adventure-works.com,E9937F76-F573-4773-8C8F-9B417FD361BA,2014-01-20 00:00:00.000
11307,10502,grace7@adventure-works.com,635C797B-B911-4E8D-876C-584EAE68BB35,2014-04-07 00:00:00.000
11308,10503,grace8@adventure-works.com,17189DB4-561F-4C78-923E-BF6DA7030AE8,2014-02-17 00:00:00.000
11309,10504,grace9@adventure-works.com,9AE322DB-134B-4C67-B1CA-C084F1CC8B10,2013-07-11 00:00:00.000
11310,10505,lacey6@adventure-works.com,E3A07A30-0FFE-43C6-B104-025C973C4599,2014-04-11 00:00:00.000
11311,10506,grace10@adventure-works.com,2D5B3902-4582-41D5-B889-2ACC82DB9135,2013-09-09 00:00:00.000
11312,10507,grace11@adventure-works.com,35A0E981-E1B9-4086-9F34-3DD2D56B9843,2012-05-03 00:00:00.000
11313,10508,grace12@adventure-works.com,8D416349-CE1D-4CBE-A398-62CC38860896,2012-12-14 00:00:00.000
11314,10509,lacey7@adventure-works.com,B09CEDF8-0628-4DFA-ACF3-01B19DF6D197,2013-07-31 00:00:00.000
11315,10510,grace13@adventure-works.com,0C58112A-3A36-4BB9-8CC8-5ED841842FDB,2012-06-12 00:00:00.000
11316,10511,lacey8@adventure-works.com,DE6DAFC2-DC76-4679-8C3C-A100C762D9C3,2013-08-19 00:00:00.000
11317,10512,grace14@adventure-works.com,F01C1592-717A-48EA-A81A-65A193E1142D,2013-07-25 00:00:00.000
11318,10513,lacey9@adventure-works.com,810C12BD-423F-4DF7-A66B-950B18EFB35A,2013-07-17 00:00:00.000
11319,10514,lacey10@adventure-works.com,5D50D113-0BC5-4816-B577-241754727738,2014-02-17 00:00:00.000
11320,10515,grace15@adventure-works.com,2FA58115-F92B-41F4-94D1-C159950DD188,2013-07-19 00:00:00.000
11321,10516,grace16@adventure-works.com,7BBD1A4E-D236-44A0-9413-C01A26D87E43,2014-06-08 00:00:00.000
11322,10517,lacey11@adventure-works.com,E2659460-095D-4D23-B99A-C852574A6626,2013-10-14 00:00:00.000
11323,10518,grace17@adventure-works.com,F9D38FF0-8469-41AC-9689-DEFF9882E848,2013-07-22 00:00:00.000
11324,10519,marshall24@adventure-works.com,A44EC6E5-80A0-478D-8B32-BDE2F09AF991,2013-07-28 00:00:00.000
11325,10520,christy0@adventure-works.com,387BDD89-EC11-4754-B861-AE95DC19E944,2013-09-25 00:00:00.000
11326,10521,grace18@adventure-works.com,908E8BDB-D432-4A7A-B4D0-FDE5581B2B55,2013-07-01 00:00:00.000
11327,10522,christy1@adventure-works.com,5A1C22FF-B522-4D29-832F-48F2B32FCD93,2013-11-28 00:00:00.000
11328,10523,grace19@adventure-works.com,658F4ACC-F2BE-4F35-9EA4-3C1D8373D653,2013-11-06 00:00:00.000
11329,10524,christy2@adventure-works.com,1E293CC7-D182-4D0E-B13E-456E8507695D,2012-07-28 00:00:00.000
11330,10525,grace20@adventure-works.com,F217C9F6-B603-4EDF-BC5F-9C911A956620,2013-03-31 00:00:00.000
11331,10526,grace21@adventure-works.com,6FA5EDE3-F5F4-4FD4-8643-F18074EE4F27,2013-11-26 00:00:00.000
11332,10527,grace22@adventure-works.com,2CFC6C51-D8A0-4AA5-B174-1C6BEAE44D68,2013-08-26 00:00:00.000
11333,10528,grace23@adventure-works.com,1096D7AE-609B-464F-9F58-381467F95500,2014-02-15 00:00:00.000
11334,10529,christy3@adventure-works.com,07613857-10E1-4251-A984-F573CB6FD23C,2013-07-09 00:00:00.000
11335,10530,rachel2@adventure-works.com,215A0C0D-38F3-48DF-BD90-14A25FB466FB,2014-01-24 00:00:00.000
11336,10531,rachel3@adventure-works.com,79624849-29BA-4ADD-8478-436563559EC7,2014-06-18 00:00:00.000
11337,10532,christy4@adventure-works.com,C3FD009C-E41E-453C-93D9-616A478E9B19,2012-01-30 00:00:00.000
11338,10533,rachel4@adventure-works.com,14F8514F-6067-4368-8DDB-E95D2CB559C6,2013-11-05 00:00:00.000
11339,10534,rachel5@adventure-works.com,AA8ACD3A-2AC3-4EA3-97D2-A681679C6F5B,2014-06-28 00:00:00.000
11340,10535,christy5@adventure-works.com,21BDE374-649D-49B6-8460-2F2D24C9BE11,2013-12-06 00:00:00.000
11341,10536,rachel6@adventure-works.com,C0518091-7B9D-4549-9091-68E63335B5F6,2013-11-22 00:00:00.000
11342,10537,christy6@adventure-works.com,87CAB9C1-91C6-49C1-969C-EB391ADBFC52,2011-11-18 00:00:00.000
11343,10538,rachel7@adventure-works.com,E3710629-6E96-44CD-A20A-5643C8E5C05A,2013-07-25 00:00:00.000
11344,10539,rachel8@adventure-works.com,E2E32B1B-20C5-4C6D-BF3C-069D980F5E75,2014-03-08 00:00:00.000
11345,10540,rachel9@adventure-works.com,B3F656F2-2CCC-4552-8F90-97DC6E282482,2013-03-16 00:00:00.000
11346,10541,rachel10@adventure-works.com,9B8D3534-DEE3-4F7F-A7EC-5DBD9E2606F6,2013-07-11 00:00:00.000
11347,10542,rachel11@adventure-works.com,001C15FA-B3C7-4B62-8DA2-CACCDDB01685,2013-01-13 00:00:00.000
11348,10543,christy7@adventure-works.com,4DAAF3FD-8FA9-4756-B3E8-EDE09953F6B4,2013-07-07 00:00:00.000
11349,10544,rachel12@adventure-works.com,5ED62B3A-DB13-44EE-ACCC-D79A0ACB922A,2013-08-25 00:00:00.000
11350,10545,christy8@adventure-works.com,DDB39C2C-4F45-4DBE-A8B6-8287A99A7E1A,2012-05-05 00:00:00.000
11351,10546,rachel13@adventure-works.com,1F1AB59F-641A-44A1-8C73-35C5762B8CF3,2014-02-25 00:00:00.000
11352,10547,rachel14@adventure-works.com,4E736F79-B469-4E38-B6A2-6615320D1B43,2014-02-15 00:00:00.000
11353,10548,marshall25@adventure-works.com,A2F04440-8067-48F6-B5D0-2F8EFA3C0AD9,2012-10-16 00:00:00.000
11354,10549,christy9@adventure-works.com,4E99EF59-543D-4D63-9360-8610AD33CD1D,2013-01-15 00:00:00.000
11355,10550,christy10@adventure-works.com,0BCF7F65-B8BB-4A6E-A111-D82A736CE4B1,2013-07-01 00:00:00.000
11356,10551,rachel15@adventure-works.com,06106EF9-1CC4-45B1-A9F3-5A5A9EC7004A,2014-01-22 00:00:00.000
11357,10552,christy11@adventure-works.com,31C3BC17-5FFB-4CF1-A379-51CAE0F720BC,2013-04-13 00:00:00.000
11358,10553,christy12@adventure-works.com,1AE69652-E299-45E8-B52C-45060AC77C5F,2011-05-31 00:00:00.000
11359,10554,christy13@adventure-works.com,4F11E0FA-898B-44C5-98C2-8F5A290EB921,2012-09-10 00:00:00.000
11360,10555,rachel16@adventure-works.com,FD1A1C3A-B5B5-4BA6-840C-1B9594B33BBA,2014-03-21 00:00:00.000
11361,10556,christy14@adventure-works.com,46572185-8F11-4583-B655-4AC3583DAC28,2013-12-23 00:00:00.000
11362,10557,rachel17@adventure-works.com,B3188DCD-F8A7-40E4-87AD-288BD4D75147,2012-07-14 00:00:00.000
11363,10558,rachel18@adventure-works.com,33A56CCE-AB38-4107-8088-4561E0DC5CC1,2013-02-11 00:00:00.000
11364,10559,christy15@adventure-works.com,0C833B9A-9B74-4EFE-9FEF-D3588E960CD0,2013-11-30 00:00:00.000
11365,10560,rachel19@adventure-works.com,E4875C96-4217-4BC9-87DF-8D2D42EC73F1,2013-08-06 00:00:00.000
11366,10561,rachel20@adventure-works.com,0174AC1F-4213-4A60-92B2-F61C8BF3499C,2013-12-16 00:00:00.000
11367,10562,rachel21@adventure-works.com,C28457B8-D816-4039-B238-0D6524B609AC,2011-07-07 00:00:00.000
11368,10563,christy16@adventure-works.com,A3030231-7609-4C2A-A766-D6FDA9599E5D,2013-07-29 00:00:00.000
11369,10564,warren16@adventure-works.com,2751C5EC-AF6B-4E30-A60D-764E8E9B7EA6,2013-01-29 00:00:00.000
11370,10565,damien20@adventure-works.com,98966A83-8F5E-4C50-AA42-115051ABA169,2014-04-26 00:00:00.000
11371,10566,marshall26@adventure-works.com,8FFF2941-DA78-4A8A-83B9-8B2AAF2E335C,2013-12-02 00:00:00.000
11372,10567,christy17@adventure-works.com,1E0F85C9-5683-4769-A1EB-A7395F1AA428,2011-08-12 00:00:00.000
11373,10568,rachel22@adventure-works.com,EF4DC833-B98A-41CC-879D-AA913411506A,2014-05-22 00:00:00.000
11374,10569,christy18@adventure-works.com,617DF01C-00B6-49DE-B150-E202AFFD0275,2013-03-29 00:00:00.000
11375,10570,rachel23@adventure-works.com,B521D9CE-6E6B-422A-A205-972FD7864E3F,2013-01-31 00:00:00.000
11376,10571,christy19@adventure-works.com,CD1AC6D3-4CB7-47A7-9DFC-296A1E681048,2014-05-28 00:00:00.000
11377,10572,christy20@adventure-works.com,B55E7607-6D5F-4086-BDDF-F4D493CC5CE3,2013-09-03 00:00:00.000
11378,10573,rachel24@adventure-works.com,E5D51F14-9DC5-419C-96C0-116A20411685,2014-03-14 00:00:00.000
11379,10574,rachel25@adventure-works.com,4A3E2323-D983-4E5B-B24C-B9524487B610,2014-06-25 00:00:00.000
11380,10575,rachel26@adventure-works.com,5D9FE298-EE58-4B22-B2ED-E8D8BEF77A2C,2013-12-10 00:00:00.000
11381,10576,rachel27@adventure-works.com,08D57F0A-2615-4E00-8B68-7780861DB585,2013-11-05 00:00:00.000
11382,10577,christy21@adventure-works.com,70989CFA-6FED-4C0F-87BF-AFEF962F9673,2014-02-12 00:00:00.000
11383,10578,jasmine0@adventure-works.com,6CEC150F-CC2C-4173-A7F1-B26741E1B35C,2014-01-21 00:00:00.000
11384,10579,jasmine1@adventure-works.com,AD33BDD2-F0C2-47A3-9203-73A081EFF097,2013-11-06 00:00:00.000
11385,10580,jasmine2@adventure-works.com,E6B9BED7-FB42-4BB9-8F09-75B249C9278F,2014-02-12 00:00:00.000
11386,10581,christy22@adventure-works.com,7F49CF46-2BC7-4045-9B96-EDF72E5993C4,2014-02-21 00:00:00.000
11387,10582,jasmine3@adventure-works.com,DEAACFA4-D859-4B47-B369-A0178CF3CFE6,2013-07-29 00:00:00.000
11388,10583,jasmine4@adventure-works.com,EECFFBCD-7F99-4612-832D-323EC24CA781,2013-11-27 00:00:00.000
11389,10584,jasmine5@adventure-works.com,48D00502-6D1D-4D22-95BD-93DCF2FDF9F9,2012-12-21 00:00:00.000
11390,10585,christy23@adventure-works.com,4862F8BF-8138-4062-8DE7-10BD3C76AD08,2013-02-08 00:00:00.000
11391,10586,jill4@adventure-works.com,2BC6EF7F-1866-42A4-AD41-3136C58AFB46,2013-12-06 00:00:00.000
11392,10587,marshall27@adventure-works.com,62EAC7EB-D3FF-4B79-962C-4E7226C896E7,2013-01-28 00:00:00.000
11393,10588,jasmine6@adventure-works.com,47857283-4954-4E62-8D54-31E297F3D71D,2011-08-23 00:00:00.000
11394,10589,jill5@adventure-works.com,1E0BE1AC-B114-4D8B-8813-5C92AF873CD6,2013-09-11 00:00:00.000
11395,10590,jasmine7@adventure-works.com,605ABCA9-DAA4-467E-9D2E-32BC4ED2924A,2013-12-31 00:00:00.000
11396,10591,christy24@adventure-works.com,613536D6-3848-490F-B1EE-B41490DF6D6B,2012-07-30 00:00:00.000
11397,10592,christy25@adventure-works.com,BC186462-B540-4AE3-B3A2-A36FE32F37DF,2013-09-01 00:00:00.000
11398,10593,christy26@adventure-works.com,06BF6442-D972-4692-A3B2-81E7479056B7,2012-08-09 00:00:00.000
11399,10594,jasmine8@adventure-works.com,830B3D7C-CB21-4B14-946B-F837D55C9B24,2014-01-26 00:00:00.000
11400,10595,jasmine9@adventure-works.com,9067964F-9F9B-4A4C-ACDF-125911723C07,2012-07-04 00:00:00.000
11401,10596,jasmine10@adventure-works.com,586A47FF-EF54-48C3-960A-5FFBD8FCE79D,2014-06-25 00:00:00.000
11402,10597,jasmine11@adventure-works.com,F09ED365-D30A-4648-B353-5EA1FD58E89C,2012-08-10 00:00:00.000
11403,10598,christy27@adventure-works.com,A3D9C7E1-565D-45F9-B89F-518C2F79F2E6,2013-05-23 00:00:00.000
11404,10599,christy28@adventure-works.com,E48939FE-BE31-4C15-9416-4440F39115EC,2014-02-03 00:00:00.000
11405,10600,christy29@adventure-works.com,845136D9-67C6-4DA3-BF90-9FB8418B589F,2011-12-20 00:00:00.000
11406,10601,jasmine12@adventure-works.com,4275D6C0-5D90-4AFA-B0C6-3C7819452CD2,2012-11-09 00:00:00.000
11407,10602,jill6@adventure-works.com,DB40C7D9-7EF7-4689-9B1F-72EC5972F085,2013-08-18 00:00:00.000
11408,10603,christy30@adventure-works.com,C503FB51-B931-44FC-ACA0-201A8BF7713E,2014-04-16 00:00:00.000
11409,10604,jasmine13@adventure-works.com,C051B508-A8A7-432A-B3DD-0245ED3296D3,2013-10-11 00:00:00.000
11410,10605,jasmine14@adventure-works.com,36D1F663-88A5-49C2-AD6C-6672F376C1D0,2013-11-16 00:00:00.000
11411,10606,marshall28@adventure-works.com,C90D9048-CA47-48D5-A0D6-BDFD00FDDE10,2012-03-19 00:00:00.000
11412,10607,christy31@adventure-works.com,F0418A25-7348-4470-A4F3-DCF3E286EBD0,2012-11-26 00:00:00.000
11413,10608,jill7@adventure-works.com,25A3732E-BE1F-4555-9CA5-4EED2FCD0F7F,2012-04-10 00:00:00.000
11414,10609,jasmine15@adventure-works.com,D9ADFA99-64B6-4DDB-8CCE-23D6C9162A6A,2013-11-21 00:00:00.000
11415,10610,christy32@adventure-works.com,7B9E2526-9680-4A4F-8F1B-DE60D37865CF,2013-10-28 00:00:00.000
11416,10611,christy33@adventure-works.com,EED34807-B971-498A-8348-7009BC6E8EE5,2014-02-19 00:00:00.000
11417,10612,jasmine16@adventure-works.com,A7DE75C0-E5A7-4807-A855-F816C4B7A38B,2013-11-02 00:00:00.000
11418,10613,jasmine17@adventure-works.com,D39F0F9D-B517-4A99-B80E-D05023C6750B,2014-06-25 00:00:00.000
11419,10614,christy34@adventure-works.com,03F0BB42-93D0-4D5B-9331-FBFEC9E53E56,2013-07-10 00:00:00.000
11420,10615,christy35@adventure-works.com,D5D5E1E0-C49D-448E-A58F-7EEB09A56CDC,2013-10-29 00:00:00.000
11421,10616,christy36@adventure-works.com,1E3FF54E-ECA9-4C31-BC9F-E6661AD15571,2014-02-27 00:00:00.000
11422,10617,christy37@adventure-works.com,326DEE9A-6459-4C1B-80BD-4BB0314472FC,2013-08-14 00:00:00.000
11423,10618,jasmine18@adventure-works.com,D17149AE-B878-4C56-A54F-1C758B5B06D4,2012-12-08 00:00:00.000
11424,10619,christy38@adventure-works.com,984EB4F3-5A70-4ECF-AD4A-8971FE5FD21C,2013-01-29 00:00:00.000
11425,10620,jasmine19@adventure-works.com,3E037718-887B-4853-8FD3-22CFA7E4BC8F,2013-09-30 00:00:00.000
11426,10621,jasmine20@adventure-works.com,3D853F9A-A311-41B0-BEC7-5CF24339EEC4,2013-10-01 00:00:00.000
11427,10622,jasmine21@adventure-works.com,E8B89DF0-DA6F-49E1-BC9F-400DAD2EDDBC,2012-05-09 00:00:00.000
11428,10623,christy39@adventure-works.com,3F126AAC-8148-4506-85CC-9FC80786041D,2013-08-26 00:00:00.000
11429,10624,marshall29@adventure-works.com,C30236D0-72BC-417D-AEFB-06BFCD2F6070,2013-12-07 00:00:00.000
11430,10625,jenny2@adventure-works.com,DD17D1D2-F0EC-4BE4-9241-8C3DDF599442,2012-07-16 00:00:00.000
11431,10626,jenny3@adventure-works.com,08B2A418-B939-4337-8A06-DFE9E452CF71,2011-08-05 00:00:00.000
11432,10627,nicole2@adventure-works.com,519C02F5-75EE-411D-B587-8130CBD565FB,2013-07-12 00:00:00.000
11433,10628,jenny4@adventure-works.com,C98F951E-5476-41C9-8911-75CA85314ACA,2013-08-24 00:00:00.000
11434,10629,nicole3@adventure-works.com,1EF2069B-4127-487D-9BAB-890C2A9E44B4,2013-12-22 00:00:00.000
11435,10630,nicole4@adventure-works.com,6E581427-EC47-4C47-A844-7E9CE1D96199,2011-08-04 00:00:00.000
11436,10631,jenny5@adventure-works.com,E20E2268-3B90-45B3-8A7A-329214BB9AE4,2013-11-19 00:00:00.000
11437,10632,nicole5@adventure-works.com,4278BC37-4750-400F-B004-3E4D3EEC77C4,2014-01-11 00:00:00.000
11438,10633,jenny6@adventure-works.com,9FCEA9D8-DE29-4500-9E15-BB3A8BBC670F,2013-12-09 00:00:00.000
11439,10634,jenny7@adventure-works.com,6CD8DDBC-B93A-4C26-A9A1-84CE03FBD5E5,2014-03-27 00:00:00.000
11440,10635,nicole6@adventure-works.com,2389BB8A-A5B9-416B-ACC3-23EB24CB338F,2014-05-09 00:00:00.000
11441,10636,nicole7@adventure-works.com,0884BAEC-C906-45D9-8545-33A54CD5712F,2013-08-20 00:00:00.000
11442,10637,nicole8@adventure-works.com,6F4BDEA8-D261-4CF0-ABAE-FAB6FACD888A,2014-05-27 00:00:00.000
11443,10638,nicole9@adventure-works.com,EAA57CC4-6DF5-4BAD-BD46-4AF065C405A0,2012-02-16 00:00:00.000
11444,10639,jenny8@adventure-works.com,5FDA7A46-B058-4495-A511-C1BC5A7A35A3,2013-11-13 00:00:00.000
11445,10640,nicole10@adventure-works.com,22B2E24B-C1E7-4965-961C-65E0BD62A80F,2013-07-13 00:00:00.000
11446,10641,jenny9@adventure-works.com,94D94893-B3E8-4507-B18F-548F0FFA174E,2013-09-02 00:00:00.000
11447,10642,jenny10@adventure-works.com,20F06EEA-6D09-453E-BEEE-B6F89D3AABE4,2012-11-17 00:00:00.000
11448,10643,nicole11@adventure-works.com,0C355B55-48E6-4967-BD0E-6CB752C5896D,2013-12-12 00:00:00.000
11449,10644,jenny11@adventure-works.com,BE5455FD-7850-43EB-B4A9-01B5930E3483,2013-10-17 00:00:00.000
11450,10645,marshall30@adventure-works.com,833C86D7-FC47-428B-B5A0-DDC56FD8F1DC,2011-08-06 00:00:00.000
11451,10646,jenny12@adventure-works.com,0971AA7E-8975-414A-A04E-52219BAAE3C8,2013-01-28 00:00:00.000
11452,10647,nicole12@adventure-works.com,956074C1-B6E7-4A28-9DD5-77A3C194A324,2014-04-27 00:00:00.000
11453,10648,nicole13@adventure-works.com,F9C67424-A6F3-4AEB-8129-3FD5BC72DAC8,2013-08-03 00:00:00.000
11454,10649,nicole14@adventure-works.com,5F3B74D0-89C6-4960-921E-752FFFD2A9FB,2013-12-04 00:00:00.000
11455,10650,jenny13@adventure-works.com,E7417175-3483-4864-8815-551930338671,2014-03-05 00:00:00.000
11456,10651,jenny14@adventure-works.com,82769BF8-92DB-449F-8E5D-CA903A350A5E,2012-08-13 00:00:00.000
11457,10652,jenny15@adventure-works.com,C0455F5E-9940-4373-A2A3-0C8883E13A9A,2012-05-19 00:00:00.000
11458,10653,nicole15@adventure-works.com,11D9BC86-C20D-4E51-B5A0-A2BFA8A310CE,2014-04-25 00:00:00.000
11459,10654,jenny16@adventure-works.com,F9D1014A-2A70-4496-AC13-3C2A6015A679,2013-07-07 00:00:00.000
11460,10655,nicole16@adventure-works.com,00B2AEC9-1F2E-4580-A247-F3A6CB38A17F,2014-04-13 00:00:00.000
11461,10656,jenny17@adventure-works.com,3B5FB4B0-749D-4952-8AE7-BCB6BC36DEBF,2013-12-17 00:00:00.000
11462,10657,jenny18@adventure-works.com,1C3B3420-CC0D-4790-92C8-1E7B0C9F86FE,2013-11-05 00:00:00.000
11463,10658,nicole17@adventure-works.com,F3C1D66C-7C40-4D55-9220-660FF4B44361,2013-11-18 00:00:00.000
11464,10659,jenny19@adventure-works.com,C5D3B53A-889E-4683-917A-D0620D0C6004,2013-10-22 00:00:00.000
11465,10660,nicole18@adventure-works.com,3A23F69D-5568-44A4-AF0B-C82EF4EB2F69,2013-07-06 00:00:00.000
11466,10661,nicole19@adventure-works.com,CFE87ECF-2DD2-4641-A5D9-A62AAC676A9F,2013-07-12 00:00:00.000
11467,10662,nicole20@adventure-works.com,4199C117-3E66-4B3C-8FE3-7E4EA950A59C,2014-02-13 00:00:00.000
11468,10663,jenny20@adventure-works.com,5DBB9F37-AB01-4C29-A68B-745ABF3C0EC3,2013-12-04 00:00:00.000
11469,10664,nicole21@adventure-works.com,BDD28CE0-6552-440F-B2A0-F049FF99D3CF,2014-02-18 00:00:00.000
11470,10665,jenny21@adventure-works.com,E7934945-C215-4124-B293-5978F5847BC4,2012-03-14 00:00:00.000
11471,10666,nicole22@adventure-works.com,BB821A5E-6BDB-4E59-AB0A-405BD4C94029,2014-03-17 00:00:00.000
11472,10667,jenny22@adventure-works.com,8D92F289-6F22-454E-B474-5321C5AE9C0E,2014-02-02 00:00:00.000
11473,10668,jenny23@adventure-works.com,6320BAF0-12E5-4B05-B8E1-2AB4F7C26055,2013-11-12 00:00:00.000
11474,10669,nicole23@adventure-works.com,6D64540A-C3C9-42E2-80C9-700A84157E0F,2013-12-03 00:00:00.000
11475,10670,nicole24@adventure-works.com,C5D30578-C368-49FD-A4FA-E8D40D88993E,2014-03-23 00:00:00.000
11476,10671,jenny24@adventure-works.com,676BBFCB-51BA-40EB-8091-0163EA91F41E,2013-01-12 00:00:00.000
11477,10672,destiny0@adventure-works.com,4535DCBE-2652-4445-8E96-46B107CFB403,2014-02-22 00:00:00.000
11478,10673,jenny25@adventure-works.com,97E65F0D-BD63-4920-A78D-EC9509A196A4,2014-04-18 00:00:00.000
11479,10674,destiny1@adventure-works.com,89797460-8173-422B-8959-F7948C3CDE60,2013-08-06 00:00:00.000
11480,10675,destiny2@adventure-works.com,AFDE35FD-E677-4A10-9032-7EF3E8276CEA,2013-08-08 00:00:00.000
11481,10676,destiny3@adventure-works.com,5559E3E4-9A22-4444-BFCF-92A49311A067,2013-03-02 00:00:00.000
11482,10677,destiny4@adventure-works.com,08C33F33-D906-454A-9E66-8C73120BD36C,2014-02-22 00:00:00.000
11483,10678,jenny26@adventure-works.com,5B67E9A8-6684-46EB-98DA-A6E7B3F2A4CB,2013-11-10 00:00:00.000
11484,10679,destiny5@adventure-works.com,5769C805-0E4B-4922-AFCC-272F4AEC75E6,2014-01-07 00:00:00.000
11485,10680,destiny6@adventure-works.com,BBDE573F-1270-4ACF-A0D6-E53F4FC32991,2013-12-03 00:00:00.000
11486,10681,jenny27@adventure-works.com,BCB77999-3916-4C2F-BF77-9D2CE3C48A11,2013-01-12 00:00:00.000
11487,10682,marshall31@adventure-works.com,1EF1B701-A0D5-40E0-8C00-E073C1494F26,2014-05-22 00:00:00.000
11488,10683,jenny28@adventure-works.com,8F190584-9913-4DCD-B776-C1FD0B969940,2014-04-03 00:00:00.000
11489,10684,destiny7@adventure-works.com,8244DC52-4608-41DA-A921-7E4364E06AD9,2013-06-25 00:00:00.000
11490,10685,destiny8@adventure-works.com,A5E8295B-AD5F-419C-A61F-4D9C95B4022B,2013-10-07 00:00:00.000
11491,10686,jenny29@adventure-works.com,9158172D-4692-4BDF-A52D-EB31DE763C74,2013-04-27 00:00:00.000
11492,10687,destiny9@adventure-works.com,04E35D90-635F-4812-B868-E141DF77E03A,2014-02-13 00:00:00.000
11493,10688,jenny30@adventure-works.com,FFC0C0C4-7EED-431B-BAAA-31A876376162,2013-07-22 00:00:00.000
11494,10689,destiny10@adventure-works.com,4602E3FF-EB3D-4138-B02B-8C568FE89FE3,2013-07-19 00:00:00.000
11495,10690,jenny31@adventure-works.com,0B491201-5799-4040-A912-1A1FD006FCED,2013-01-16 00:00:00.000
11496,10691,destiny11@adventure-works.com,88CFF918-FCD3-44CF-A1BB-8CAAC3B4FE47,2013-12-06 00:00:00.000
11497,10692,jenny32@adventure-works.com,70F1258C-77CA-460A-B741-51B63D47E1DB,2013-01-27 00:00:00.000
11498,10693,jenny33@adventure-works.com,1F138CD0-689E-49BB-B96B-95C2E0BB7D56,2014-02-22 00:00:00.000
11499,10694,destiny12@adventure-works.com,437C7BDD-8031-40BF-AABF-410276C1E41A,2012-11-03 00:00:00.000
11500,10695,destiny13@adventure-works.com,F47B5D08-2338-4461-AFD2-3A9436CA8059,2014-04-01 00:00:00.000
11501,10696,destiny14@adventure-works.com,5EF8D1B8-821C-453B-BB8F-603E045304A4,2014-05-12 00:00:00.000
11502,10697,jenny34@adventure-works.com,E61A462E-93DB-461B-A9CB-61C67274169B,2013-12-27 00:00:00.000
11503,10698,destiny15@adventure-works.com,1BD6B5A3-CB85-4A3B-87BF-FBCB64B55583,2013-10-21 00:00:00.000
11504,10699,jenny35@adventure-works.com,2CC0FEC8-8990-48F5-B646-64ED4C5939D3,2012-04-02 00:00:00.000
11505,10700,destiny16@adventure-works.com,4C84263C-8D71-43CB-B327-B92B650A3A88,2013-12-17 00:00:00.000
11506,10701,carol16@adventure-works.com,47BCF169-48BF-431B-962F-11EF60DC5AD1,2014-04-22 00:00:00.000
11507,10702,marshall32@adventure-works.com,6573F788-2DB1-4DB3-A30B-5A0AE9B33C98,2013-01-27 00:00:00.000
11508,10703,jenny36@adventure-works.com,D70E1193-456A-4C5E-A813-C255264316A4,2013-10-03 00:00:00.000
11509,10704,carol17@adventure-works.com,F261C6C2-0EC1-4C02-9C0C-C879296006EA,2013-09-03 00:00:00.000
11510,10705,destiny17@adventure-works.com,37225894-13CF-42BE-92FC-E30606AA8E3E,2013-08-30 00:00:00.000
11511,10706,jenny37@adventure-works.com,A5D6AFA5-41BE-4B39-A8D1-B34A69BDF0EC,2013-07-26 00:00:00.000
11512,10707,destiny18@adventure-works.com,D01B8945-E9F1-4915-B854-80EFFCA1BA2E,2013-07-16 00:00:00.000
11513,10708,jenny38@adventure-works.com,26626147-D678-4F2D-A825-397DEB923817,2013-05-06 00:00:00.000
11514,10709,jenny39@adventure-works.com,09BEB349-10D8-44D5-8930-C0EE8C383166,2013-07-08 00:00:00.000
11515,10710,destiny19@adventure-works.com,1EE9CC8C-34D7-4BAE-AAE6-14A392C00753,2013-09-26 00:00:00.000
11516,10711,jenny40@adventure-works.com,27B6745D-92BC-45B7-AE6F-E5CB731CB3DC,2012-01-30 00:00:00.000
11517,10712,destiny20@adventure-works.com,321419A6-3FF0-4A72-82D8-134C6A0F6223,2014-01-12 00:00:00.000
11518,10713,destiny21@adventure-works.com,E17A9978-4A49-4940-9634-153A748DD349,2013-11-15 00:00:00.000
11519,10714,jenny41@adventure-works.com,4BA66B71-D0CA-4944-BBC1-5B45DC18A269,2013-04-27 00:00:00.000
11520,10715,destiny22@adventure-works.com,776EED74-DDD1-4EA6-B49D-DA04DAC2454B,2013-07-19 00:00:00.000
11521,10716,alyssa0@adventure-works.com,BCC8B24E-74F4-4C52-AD06-8D01AD2DA4A4,2012-04-28 00:00:00.000
11522,10717,jenny42@adventure-works.com,639D4122-EB3C-4BD9-8105-4AADEE9CB390,2014-05-28 00:00:00.000
11523,10718,alyssa1@adventure-works.com,3C8895BB-E014-4D74-8621-A47EA643E64F,2014-05-16 00:00:00.000
11524,10719,alyssa2@adventure-works.com,AC9C4DA6-E4A4-458E-BF9A-2ACD1FDE6584,2011-09-02 00:00:00.000
11525,10720,alyssa3@adventure-works.com,E0C9E8AC-4A43-4CE7-8F66-8CDD86CBB99D,2013-07-11 00:00:00.000
11526,10721,alyssa4@adventure-works.com,14963D2C-5FA3-46E0-BF54-F608AC14465C,2012-07-07 00:00:00.000
11527,10722,jenny43@adventure-works.com,9DAEC52C-6519-4DBD-B9EA-071044B041C0,2013-10-03 00:00:00.000
11528,10723,alyssa5@adventure-works.com,E375420D-A214-4BE5-9784-82DAE087E00D,2013-07-03 00:00:00.000
11529,10724,alyssa6@adventure-works.com,7A9ED5E0-EE0B-4A03-97EE-C09007B8417F,2014-02-05 00:00:00.000
11530,10725,jenny44@adventure-works.com,F7FD6864-BF08-4D18-9783-2BC834CA4A55,2014-04-16 00:00:00.000
11531,10726,jenny45@adventure-works.com,D2662766-B53C-4959-8E85-B48CB4E7870E,2012-08-15 00:00:00.000
11532,10727,alyssa7@adventure-works.com,BF3E8DC9-C795-408A-A02A-0B6CABAFF3DC,2013-09-09 00:00:00.000
11533,10728,alyssa8@adventure-works.com,7D5523B2-BE78-4E57-AADD-08EED22B9170,2014-02-02 00:00:00.000
11534,10729,barbara10@adventure-works.com,CF7FC76E-A7AD-415E-A026-CAC9F4647405,2013-06-30 00:00:00.000
11535,10730,alyssa9@adventure-works.com,29901BC2-CE1C-44B1-ADBF-23782FC29E3A,2013-10-31 00:00:00.000
11536,10731,barbara11@adventure-works.com,596D19C2-0CEA-46AE-84B9-7116940F0BDA,2012-04-18 00:00:00.000
11537,10732,barbara12@adventure-works.com,4CE75DB5-3995-4F47-9E30-8CE175C72419,2013-09-24 00:00:00.000
11538,10733,barbara13@adventure-works.com,4329672E-9FB2-44A1-B92A-FC81B19824A1,2013-05-19 00:00:00.000
11539,10734,alyssa10@adventure-works.com,79298C1E-4E6C-4BEA-9DE3-E11C5FF5D054,2014-04-26 00:00:00.000
11540,10735,alyssa11@adventure-works.com,C717CD64-E967-4712-ACD3-B62CECDADC72,2014-01-28 00:00:00.000
11541,10736,alyssa12@adventure-works.com,0AD8DC5F-78E2-4DA1-B15C-69EA6F80FAEE,2012-10-23 00:00:00.000
11542,10737,alyssa13@adventure-works.com,A0391A92-EABD-4C66-87FB-26E2E0FD550C,2013-08-28 00:00:00.000
11543,10738,alyssa14@adventure-works.com,AA38D693-809E-4376-AEF4-B3E0BD8CCE2B,2013-09-14 00:00:00.000
11544,10739,barbara14@adventure-works.com,74855726-33ED-4255-B0DB-3A7C4D362B63,2013-12-31 00:00:00.000
11545,10740,alyssa15@adventure-works.com,293715FD-25D5-4CD4-9D70-7721757B447B,2014-04-24 00:00:00.000
11546,10741,barbara15@adventure-works.com,D973293C-7509-4861-BECD-3EC7391C45B1,2012-10-04 00:00:00.000
11547,10742,barbara16@adventure-works.com,20EBFF59-40B0-4CE6-9F97-81FC8B914DAE,2013-08-15 00:00:00.000
11548,10743,barbara17@adventure-works.com,956082D0-0913-4D80-855C-5EDBC55D5782,2013-09-23 00:00:00.000
11549,10744,alyssa16@adventure-works.com,C340B8D7-FA43-4946-9E38-2E8FB9BF661A,2011-06-08 00:00:00.000
11550,10745,barbara18@adventure-works.com,82E94DC8-11DA-4FD6-8C67-E49C648FB1EF,2013-09-12 00:00:00.000
11551,10746,alyssa17@adventure-works.com,0A85ACCC-D976-4689-B603-5EEA03508195,2014-06-25 00:00:00.000
11552,10747,alyssa18@adventure-works.com,4186781A-A8E1-417F-B1A3-CEFA0E675F33,2014-04-11 00:00:00.000
11553,10748,marshall33@adventure-works.com,08D02121-C441-429E-910D-36EAD82F469F,2013-05-29 00:00:00.000
11554,10749,barbara19@adventure-works.com,381C46C4-01F9-40AE-9D7B-A0782D776A88,2014-04-13 00:00:00.000
11555,10750,alyssa19@adventure-works.com,AFB28A28-22E4-424A-9655-30BE93D83AFF,2013-12-18 00:00:00.000
11556,10751,barbara20@adventure-works.com,F66811F0-59CF-494F-87E7-8C2C75195A1C,2014-06-23 00:00:00.000
11557,10752,alyssa20@adventure-works.com,5F19D29E-1512-4332-B200-005FB10DC46F,2013-08-08 00:00:00.000
11558,10753,barbara21@adventure-works.com,FFBFB13D-AA78-4214-9A94-75DE96292435,2013-12-20 00:00:00.000
11559,10754,alyssa21@adventure-works.com,96A95C65-BC7E-471F-A3C0-8C80850F43B7,2013-11-26 00:00:00.000
11560,10755,barbara22@adventure-works.com,093E768D-5224-47F4-95D1-265D6CF5630D,2013-09-06 00:00:00.000
11561,10756,alyssa22@adventure-works.com,41DD84C6-506B-46FC-B3DF-EF7845A2DB96,2014-04-14 00:00:00.000
11562,10757,rohinton1@adventure-works.com,3BBE49E5-02D9-445E-8F4F-B2877506F5F9,2013-10-20 00:00:00.000
11563,10758,alyssa23@adventure-works.com,23C39D1D-DF06-4078-A27B-1B2B7787519D,2013-11-28 00:00:00.000
11564,10759,chloe34@adventure-works.com,D237AAB4-01B6-40F0-A335-B3D216CA8409,2013-11-20 00:00:00.000
11565,10760,chloe35@adventure-works.com,B52426A6-9FCC-450C-A3F5-68F772C7155F,2012-05-21 00:00:00.000
11566,10761,barbara23@adventure-works.com,F8203DFE-2B45-4B46-A3C9-15A9611D2945,2014-01-13 00:00:00.000
11567,10762,chloe36@adventure-works.com,977F9F14-63A8-47C5-8C9C-9DCB6DB28BC3,2013-09-15 00:00:00.000
11568,10763,barbara24@adventure-works.com,0FD097B9-AD5F-4240-A81C-1AE113F6ECBD,2014-02-13 00:00:00.000
11569,10764,chloe37@adventure-works.com,1CE50690-2F64-4D5F-8B52-FA044CFD5D4F,2012-09-14 00:00:00.000
11570,10765,barbara25@adventure-works.com,13B54F22-B1D3-49FB-B3EA-CBADE8AC48BC,2013-12-25 00:00:00.000
11571,10766,chloe38@adventure-works.com,9639D0A2-62EC-4913-808F-467F3C76109B,2013-07-18 00:00:00.000
11572,10767,barbara26@adventure-works.com,EA6F1D1A-3939-4C6B-8BA0-DB02D9D7E642,2012-11-01 00:00:00.000
11573,10768,damien21@adventure-works.com,20F02A35-24B4-449F-8D36-359F23E1F49E,2014-06-14 00:00:00.000
11574,10769,marshall34@adventure-works.com,A2456366-384D-44CF-965E-851E6A64EBBB,2014-05-17 00:00:00.000
11575,10770,barbara27@adventure-works.com,0605075D-9EC7-4949-B9BD-2BC7E9F2FDDB,2014-04-25 00:00:00.000
11576,10771,chloe39@adventure-works.com,8E86ECF1-A1E6-4B4D-893B-94D62E62A882,2011-12-24 00:00:00.000
11577,10772,chloe40@adventure-works.com,89D535DF-369F-46F1-9B83-8B560B0FD695,2013-08-15 00:00:00.000
11578,10773,barbara28@adventure-works.com,2E6E5709-1329-46CF-AFBD-5F6868612CDB,2013-05-04 00:00:00.000
11579,10774,barbara29@adventure-works.com,EF8DF68F-DF8D-4EE4-81C7-A3015335121E,2013-08-27 00:00:00.000
11580,10775,barbara30@adventure-works.com,7B053230-2FEA-487C-A296-98F6D617C21A,2013-08-26 00:00:00.000
11581,10776,barbara31@adventure-works.com,84F5AEA4-5B66-42E3-B348-6A2F2DFDA41A,2012-11-01 00:00:00.000
11582,10777,chloe41@adventure-works.com,9E74FE8E-F3AB-4477-920D-4BCF9DAF7455,2014-01-23 00:00:00.000
11583,10778,chloe42@adventure-works.com,C0032B99-D309-49E6-9E75-CC0DC9238E50,2014-05-10 00:00:00.000
11584,10779,chloe43@adventure-works.com,D85F0445-9E73-4E0B-B2F0-605FFE804EE6,2012-06-09 00:00:00.000
11585,10780,barbara32@adventure-works.com,B193FCAE-AF7B-4851-A3F4-40A858E418AB,2012-04-19 00:00:00.000
11586,10781,barbara33@adventure-works.com,26C22080-13C2-4111-8C9F-5F9E448C2290,2012-09-19 00:00:00.000
11587,10782,barbara34@adventure-works.com,3F680805-2F42-41A8-87B3-690DD929547E,2014-01-22 00:00:00.000
11588,10783,chloe44@adventure-works.com,ABF2E6E5-A5EA-4E57-904C-E3B15ED094B4,2013-12-29 00:00:00.000
11589,10784,barbara35@adventure-works.com,AE982F82-4A70-4F1E-934B-9BEC62CAEE7B,2014-03-02 00:00:00.000
11590,10785,marshall35@adventure-works.com,1D58A306-CFC4-4640-8FBB-B0DA2EC49CE0,2012-01-03 00:00:00.000
11591,10786,barbara36@adventure-works.com,FB278520-CFB9-445C-9407-C97218DBA0F3,2013-10-12 00:00:00.000
11592,10787,barbara37@adventure-works.com,929F6E3C-0192-4937-9FC2-2C8B9BCB97AB,2013-07-07 00:00:00.000
11593,10788,barbara38@adventure-works.com,4857CDA0-B366-4A5F-B773-353385E4F02C,2013-11-06 00:00:00.000
11594,10789,chloe45@adventure-works.com,12AA4EEB-C952-4E87-B084-B39289128482,2012-04-29 00:00:00.000
11595,10790,anna48@adventure-works.com,73D309C9-CE87-44EE-948D-A1AB52652D46,2014-03-30 00:00:00.000
11596,10791,anna49@adventure-works.com,1EF94DA9-8E0E-4258-8024-8092B9E6F34F,2014-05-23 00:00:00.000
11597,10792,barbara39@adventure-works.com,34941EEC-2A8C-40B4-B645-D49A5C35F896,2013-05-05 00:00:00.000
11598,10793,anna50@adventure-works.com,34329878-D3E8-4E45-ACE6-D7AEFAFC41B9,2013-11-10 00:00:00.000
11599,10794,anna51@adventure-works.com,39FEAED4-9ADB-4D95-833C-F40D75C2A29C,2012-07-21 00:00:00.000
11600,10795,barbara40@adventure-works.com,9BECF472-CC75-4592-B641-0F93DD3C2875,2012-11-16 00:00:00.000
11601,10796,anna52@adventure-works.com,3F140F31-6AE9-46E2-ABBA-FB1CA4ED9B6D,2012-05-04 00:00:00.000
11602,10797,anna53@adventure-works.com,748CB069-10B1-4E5D-9D9C-7E8DD966D470,2014-04-18 00:00:00.000
11603,10798,barbara41@adventure-works.com,1E806971-3447-439D-AE9A-4DD57B4C3F6A,2013-11-06 00:00:00.000
11604,10799,anna54@adventure-works.com,1BC2BE79-9276-4A29-80C5-7C6B1FEFDD28,2013-12-03 00:00:00.000
11605,10800,anna55@adventure-works.com,23578B58-B959-4859-9E90-880DBA1F0989,2012-09-27 00:00:00.000
11606,10801,anna56@adventure-works.com,EDCEA5CE-3437-473F-95C4-9C3030E678D9,2011-11-19 00:00:00.000
11607,10802,barbara42@adventure-works.com,8AA8F0B8-2F16-4C53-A7B9-186B44EAAA0A,2014-01-02 00:00:00.000
11608,10803,anna57@adventure-works.com,C47E33BB-5F7D-4070-98C8-165E7311D788,2014-03-09 00:00:00.000
11609,10804,anna58@adventure-works.com,A2606519-2A42-41F4-A5DC-86046B1AD382,2013-10-20 00:00:00.000
11610,10805,barbara43@adventure-works.com,B7C18CAA-818D-4074-B758-221CC75E81C5,2013-05-21 00:00:00.000
11611,10806,anna59@adventure-works.com,5621D1B1-061F-4C76-943B-76BE506EA007,2012-07-30 00:00:00.000
11612,10807,marshall36@adventure-works.com,947860C2-A143-4FA1-9BBD-3AA8ACE7BEA5,2013-07-23 00:00:00.000
11613,10808,anna60@adventure-works.com,4F28DE17-E884-403C-952E-8CB5F66BDA4F,2013-06-26 00:00:00.000
11614,10809,barbara44@adventure-works.com,993607A5-3FD4-481D-91B0-DE9652C2395A,2012-12-31 00:00:00.000
11615,10810,deb6@adventure-works.com,364B454F-3470-411E-8856-0F3CA15BB1D2,2013-11-26 00:00:00.000
11616,10811,anna61@adventure-works.com,AFF5E38F-0205-435C-BC70-93ED62A83F85,2014-04-14 00:00:00.000
11617,10812,lauren19@adventure-works.com,E7A0ECA3-EB69-4DC4-8646-FCE44961DC69,2014-02-27 00:00:00.000
11618,10813,lauren20@adventure-works.com,FDD40D11-D382-48A2-BD6D-0FB1A78F69F4,2014-06-03 00:00:00.000
11619,10814,lauren21@adventure-works.com,6908E181-F4B7-44C9-A579-CDE109E869C0,2014-04-02 00:00:00.000
11620,10815,lauren22@adventure-works.com,9DF1308F-0277-4CC8-B19B-E908E9FBC185,2011-10-12 00:00:00.000
11621,10816,barbara45@adventure-works.com,A7655C69-0C5A-4196-BEC5-A9266E637A68,2014-01-08 00:00:00.000
11622,10817,barbara46@adventure-works.com,A2F9A7B7-F7EE-49B3-B2B2-E3F2DDFEE806,2014-02-18 00:00:00.000
11623,10818,lauren23@adventure-works.com,9A29C96B-2CC3-411E-8D67-347D428A2ABC,2014-02-19 00:00:00.000
11624,10819,kirk3@adventure-works.com,0008780B-BD50-49E1-ACA3-5E6AF1E4EEB2,2013-04-15 00:00:00.000
11625,10820,lauren24@adventure-works.com,BF81F6C7-0ACF-42A7-8AFE-B2571C5B2E6C,2013-09-05 00:00:00.000
11626,10821,barbara47@adventure-works.com,8DC57B45-1D53-4A83-88F7-C9D42F1BF651,2012-08-31 00:00:00.000
11627,10822,lauren25@adventure-works.com,43CFC920-8C32-497E-924C-FBB5D1172E4E,2013-09-07 00:00:00.000
11628,10823,barbara48@adventure-works.com,5B892604-4472-4E66-A212-8C9C93B16103,2012-11-18 00:00:00.000
11629,10824,barbara49@adventure-works.com,C17A707A-F7F2-454D-A29B-A440E136DCE5,2013-11-15 00:00:00.000
11630,10825,barbara50@adventure-works.com,4BB60F4C-B0FA-4A71-B42E-3B768F29A68A,2013-10-04 00:00:00.000
11631,10826,lauren26@adventure-works.com,64BC36C1-F9B0-4112-8089-FE16B56C5E5E,2013-08-19 00:00:00.000
11632,10827,lauren27@adventure-works.com,928C4E56-446E-4165-BB6A-62141B3AE981,2013-09-28 00:00:00.000
11633,10828,marshall37@adventure-works.com,441C5C8F-FEB0-418B-8BC1-B85DB1593220,2014-02-19 00:00:00.000
11634,10829,pedro0@adventure-works.com,78B34501-4A22-4A03-979A-C3DA1C25CDC6,2012-10-17 00:00:00.000
11635,10830,lauren28@adventure-works.com,A0177463-CDB1-491A-BACD-5F7C679572D7,2014-04-19 00:00:00.000
11636,10831,pedro1@adventure-works.com,C03451C5-3A62-44CD-BAE7-E5CDF03DB192,2013-10-23 00:00:00.000
11637,10832,lauren29@adventure-works.com,9F71C04B-99ED-4853-8458-E3FFDA23BE05,2014-06-29 00:00:00.000
11638,10833,pedro2@adventure-works.com,7A450A5F-DFD9-4D1C-9615-95F057B08B67,2013-07-29 00:00:00.000
11639,10834,lauren30@adventure-works.com,218F14E6-B791-4C1A-AF4A-C9800766D105,2014-01-31 00:00:00.000
11640,10835,pedro3@adventure-works.com,43F0A222-52C2-4C62-94EA-2B7AA79FC35B,2014-02-27 00:00:00.000
11641,10836,pedro4@adventure-works.com,5E34BA41-9B4C-4B09-ABDF-54A036326AB8,2013-09-06 00:00:00.000
11642,10837,pedro5@adventure-works.com,D680F707-1BF9-4864-A91E-584FA789C7C3,2012-07-19 00:00:00.000
11643,10838,lauren31@adventure-works.com,81DE579C-4147-4908-A9BB-95F3ACDA04F3,2013-11-21 00:00:00.000
11644,10839,pedro6@adventure-works.com,196C2A45-4AC6-49A9-AAC9-4F134AACBC2C,2013-08-20 00:00:00.000
11645,10840,lauren32@adventure-works.com,FB374D65-2D9D-4BE0-92B9-5D3294E8EEC3,2014-03-30 00:00:00.000
11646,10841,pedro7@adventure-works.com,EA1D06BF-BE7A-4E78-9A74-6FBC2EA8ABF0,2013-10-14 00:00:00.000
11647,10842,pedro8@adventure-works.com,963CADCA-65B0-4825-94BA-E0501ED69C7F,2014-02-21 00:00:00.000
11648,10843,lauren33@adventure-works.com,C2B52A18-3A48-4ECC-9DDF-0800C5EBBB28,2014-05-28 00:00:00.000
11649,10844,marshall38@adventure-works.com,5FA4D77F-28FF-48E9-810A-8065820C5735,2011-09-10 00:00:00.000
11650,10845,lauren34@adventure-works.com,6EF6B724-53B8-47A0-A56B-B40B2115BCD3,2014-03-21 00:00:00.000
11651,10846,pedro9@adventure-works.com,55565148-E2EC-428A-BC90-1981EB2D200E,2013-11-14 00:00:00.000
11652,10847,lauren35@adventure-works.com,1063CB49-4D04-4E80-869D-FD96F2ACE3AA,2012-02-19 00:00:00.000
11653,10848,pedro10@adventure-works.com,C7F24C09-F131-479A-A7BB-821ABCC2A266,2012-03-27 00:00:00.000
11654,10849,pedro11@adventure-works.com,CD495990-09F1-4B65-B0D5-A1DF62698DBB,2012-12-09 00:00:00.000
11655,10850,lauren36@adventure-works.com,85973F25-5F73-4628-99B3-85EA1A38E51D,2013-08-20 00:00:00.000
11656,10851,pedro12@adventure-works.com,CB403DE0-8DD6-4FE7-9539-15DCA550D77A,2013-07-01 00:00:00.000
11657,10852,lauren37@adventure-works.com,2137B0CA-743C-4B31-A144-A9E84E68FFE6,2013-12-28 00:00:00.000
11658,10853,pedro13@adventure-works.com,1C6E3D6B-924A-47F8-B916-595E997B64D6,2014-01-24 00:00:00.000
11659,10854,lauren38@adventure-works.com,1208D839-2C78-45C0-982D-6B448DCA1A0C,2013-08-13 00:00:00.000
11660,10855,pedro14@adventure-works.com,B93F97E3-791D-46EE-8146-1F83F7C96F2C,2014-01-18 00:00:00.000
11661,10856,lauren39@adventure-works.com,A2E6670F-C227-4B05-B606-983192DEEDAE,2013-12-25 00:00:00.000
11662,10857,lauren40@adventure-works.com,55EC2D21-1EB1-4AF2-93A8-D9548B037945,2013-05-06 00:00:00.000
11663,10858,lauren41@adventure-works.com,A7760D35-9C99-4350-9584-ACF006886DC6,2013-08-16 00:00:00.000
11664,10859,lauren42@adventure-works.com,F9D542EA-F593-456D-B66B-47D3AB78E28B,2013-10-04 00:00:00.000
11665,10860,megan3@adventure-works.com,C55EB0F4-3050-4671-8CD0-B76DCE1C6204,2014-04-30 00:00:00.000
11666,10861,megan4@adventure-works.com,560282C3-D050-4B8E-ADB8-954E8102A51D,2014-02-22 00:00:00.000
11667,10862,pedro15@adventure-works.com,6E08DA3F-2A9E-4135-94B3-E284373BE992,2014-01-12 00:00:00.000
11668,10863,pedro16@adventure-works.com,F1A1B9FE-AB22-49DD-84EE-5133317728D9,2014-05-05 00:00:00.000
11669,10864,megan5@adventure-works.com,E842CC04-8E71-4D8C-A405-E5C0FB0CA2C8,2012-05-05 00:00:00.000
11670,10865,pedro17@adventure-works.com,D14A1FB6-BD40-4F6C-824A-15DB770C669A,2013-11-13 00:00:00.000
11671,10866,megan6@adventure-works.com,952625FF-C569-4C75-829C-CB3C971BE1F1,2013-08-03 00:00:00.000
11672,10867,pedro18@adventure-works.com,14C076C4-D0C7-4FF9-8917-1F537B53530F,2013-09-06 00:00:00.000
11673,10868,megan7@adventure-works.com,1AC1ADFC-3C8E-4F9C-BB5C-0DA08C145A90,2013-03-23 00:00:00.000
11674,10869,megan8@adventure-works.com,E23EC77C-C682-4A1F-B6A2-B11E872876C4,2013-12-04 00:00:00.000
11675,10870,megan9@adventure-works.com,F3FB6F90-AFAC-405E-8372-8930263223C9,2014-05-18 00:00:00.000
11676,10871,pedro19@adventure-works.com,CB613733-B3CE-4E20-92EE-AA056A0F6B01,2011-09-06 00:00:00.000
11677,10872,megan10@adventure-works.com,4FD37D0E-FE8C-4CD7-BD28-3401F08B8927,2014-01-04 00:00:00.000
11678,10873,megan11@adventure-works.com,470068AE-5E7C-41B1-8CA1-7D764866249E,2014-02-01 00:00:00.000
11679,10874,megan12@adventure-works.com,3972D334-E0D1-45FF-9867-FB14AF1A9D06,2013-07-13 00:00:00.000
11680,10875,pedro20@adventure-works.com,02B3895D-5610-4857-9EC6-D4ED22E450A6,2014-05-14 00:00:00.000
11681,10876,megan13@adventure-works.com,2813F6AC-B348-476B-AD7B-F1EC40CEBBF9,2012-03-21 00:00:00.000
11682,10877,pedro21@adventure-works.com,CB952A57-F57B-4A8C-98E2-BF708BA9A1FF,2014-03-08 00:00:00.000
11683,10878,megan14@adventure-works.com,D7ECD98B-CF45-44E4-BCAF-4E6CDF332087,2013-10-16 00:00:00.000
11684,10879,megan15@adventure-works.com,889389A0-7A2D-4EC8-88DA-026CDE5B629E,2014-01-26 00:00:00.000
11685,10880,pedro22@adventure-works.com,FA6E877D-5044-4D1C-8949-E362C40AC061,2013-11-17 00:00:00.000
11686,10881,megan16@adventure-works.com,97F3C4AE-E851-4A90-953A-CCE9DEB14755,2012-02-28 00:00:00.000
11687,10882,pedro23@adventure-works.com,336779CD-39AE-476D-89BD-1FB3CFA0381B,2013-10-18 00:00:00.000
11688,10883,megan17@adventure-works.com,467E362B-361B-4D23-911A-8A85C0CD9790,2013-07-17 00:00:00.000
11689,10884,pedro24@adventure-works.com,2C4DE651-226B-4382-B839-2B39FBBF4C2D,2013-12-18 00:00:00.000
11690,10885,marshall39@adventure-works.com,1B84CC87-4B6A-45F3-BCAC-35F95FA76F59,2014-02-05 00:00:00.000
11691,10886,pedro25@adventure-works.com,2EC8BCEB-CB30-4C23-926E-AB0916D62F9F,2014-05-08 00:00:00.000
11692,10887,megan18@adventure-works.com,ACB67FD7-E6B2-45F4-8E85-F83E19DE7BD0,2013-11-09 00:00:00.000
11693,10888,pedro26@adventure-works.com,5EC94E8C-2E63-42D6-9141-2C6B7D97923F,2014-01-11 00:00:00.000
11694,10889,megan19@adventure-works.com,77C27D16-4E47-450E-98A3-C5E2338E3A76,2013-11-23 00:00:00.000
11695,10890,pedro27@adventure-works.com,C8BB076B-6410-4C92-A2DB-94D46D037C2A,2011-10-25 00:00:00.000
11696,10891,pedro28@adventure-works.com,7D7B7127-549B-4A5F-8320-9211E701952F,2013-01-14 00:00:00.000
11697,10892,megan20@adventure-works.com,95FAB529-617A-4B8D-BF99-9A9C22BA0B32,2014-03-04 00:00:00.000
11698,10893,megan21@adventure-works.com,4C392077-D7B4-4E6A-AB99-12D0486C8CF6,2013-10-19 00:00:00.000
11699,10894,megan22@adventure-works.com,D1310245-04A1-421A-A7BE-8F36093E7067,2013-10-04 00:00:00.000
11700,10895,megan23@adventure-works.com,95E73DE0-DF0E-4C6E-8434-AAEB0DA031E0,2013-07-11 00:00:00.000
11701,10896,megan24@adventure-works.com,BA1E535A-4443-4B0C-A706-16891B0ACB77,2014-02-16 00:00:00.000
11702,10897,pedro29@adventure-works.com,62C3C55C-22F9-4720-A49D-D40738E9E4B2,2013-11-16 00:00:00.000
11703,10898,megan25@adventure-works.com,7D90E41D-4184-4C9D-8B19-9947B7E6DBD0,2013-06-12 00:00:00.000
11704,10899,pedro30@adventure-works.com,41839305-655E-490E-B642-B94CFA29CA1E,2013-08-17 00:00:00.000
11705,10900,megan26@adventure-works.com,758B2BA7-9B4D-41C9-B070-D008353CEEAB,2012-07-21 00:00:00.000
11706,10901,pedro31@adventure-works.com,F81FC86E-322C-41BA-A1DA-B6D33CD62F92,2013-10-05 00:00:00.000
11707,10902,brianna0@adventure-works.com,A8BF459F-F086-4BA9-940C-1FEB3DC3EA30,2013-09-20 00:00:00.000
11708,10903,brianna1@adventure-works.com,5B90C111-A398-41F0-9527-DFD3F93243D1,2014-02-17 00:00:00.000
11709,10904,brianna2@adventure-works.com,EC053598-F6B0-4880-A184-F4B3A5DFED92,2013-08-30 00:00:00.000
11710,10905,pedro32@adventure-works.com,A950C6A1-941A-4BE8-A0B8-D957F5C2C744,2013-07-14 00:00:00.000
11711,10906,brianna3@adventure-works.com,E52A06F8-94D4-4ADE-B49D-4659EE5EA317,2014-03-31 00:00:00.000
11712,10907,pedro33@adventure-works.com,04CCF7C4-BBA2-46F0-9E9F-1F26992EE9F7,2014-03-08 00:00:00.000
11713,10908,brianna4@adventure-works.com,A13A41E8-5E1B-4651-B4C5-71CCD559749E,2013-08-03 00:00:00.000
11714,10909,marshall40@adventure-works.com,DA61990D-D724-4ADC-B22F-2D6BE9927D2C,2013-08-01 00:00:00.000
11715,10910,pedro34@adventure-works.com,8E059981-01D0-46E0-8074-7401697EDDD3,2014-06-17 00:00:00.000
11716,10911,brianna5@adventure-works.com,013FB8E1-039C-4BBD-B3A1-4B12EC60AD9C,2013-12-07 00:00:00.000
11717,10912,brianna6@adventure-works.com,F7474780-DE4C-4A00-9E3D-639224335BED,2014-04-08 00:00:00.000
11718,10913,pedro35@adventure-works.com,58F64F5D-0194-47DF-AEA1-CB65357B32D0,2013-07-29 00:00:00.000
11719,10914,brianna7@adventure-works.com,BAF630D1-FBC2-4E58-8B30-BD2869A5D6CC,2013-07-05 00:00:00.000
11720,10915,brianna8@adventure-works.com,3694A74A-2FFF-47FF-A43B-6480B3D32B2D,2014-01-17 00:00:00.000
11721,10916,pedro36@adventure-works.com,0BD38153-7D2A-4278-A14E-228ACE404939,2014-04-27 00:00:00.000
11722,10917,brianna9@adventure-works.com,D7E31F7C-0CF2-4B15-B1D0-EFAE37F0D2E3,2012-08-23 00:00:00.000
11723,10918,brianna10@adventure-works.com,55D93CB1-F115-48E8-8EA3-F4366E79195E,2013-07-27 00:00:00.000
11724,10919,brianna11@adventure-works.com,7DA047BD-6B65-4FCF-A1BE-FDC65B35F302,2014-01-28 00:00:00.000
11725,10920,brianna12@adventure-works.com,49315CB4-1528-43DB-A236-D3B3162AF540,2013-09-18 00:00:00.000
11726,10921,pedro37@adventure-works.com,241EE390-D63B-4C81-91A3-9A8759202801,2012-09-29 00:00:00.000
11727,10922,brianna13@adventure-works.com,B5A2C7BC-36AC-46E2-BF49-1F3511F35F3B,2012-03-28 00:00:00.000
11728,10923,pedro38@adventure-works.com,1C83D9FB-989A-41A0-9B81-F09E976B09AC,2013-12-14 00:00:00.000
11729,10924,brianna14@adventure-works.com,216D5962-B62C-40B2-844F-6C228F008EA9,2013-10-29 00:00:00.000
11730,10925,brianna15@adventure-works.com,4D7E07DD-454E-4648-8292-606320420B91,2014-02-11 00:00:00.000
11731,10926,pedro39@adventure-works.com,61191558-A5D6-4410-8AB7-B190C8A3FCEE,2012-07-05 00:00:00.000
11732,10927,brianna16@adventure-works.com,33E216B3-B13A-4DC5-BFCE-EBAC9A953487,2013-09-15 00:00:00.000
11733,10928,brianna17@adventure-works.com,412C331D-2BB9-4FBF-A5E7-733BA0FA10F7,2013-11-16 00:00:00.000
11734,10929,pedro40@adventure-works.com,C45AE9F8-0A2A-47C0-B628-DD21F3E0C985,2013-04-21 00:00:00.000
11735,10930,brianna18@adventure-works.com,A3AE15A8-6515-4CE3-8CC8-A4712370D5F2,2013-06-14 00:00:00.000
11736,10931,pedro41@adventure-works.com,04AE15C7-0C87-42E1-A934-5E02F2702B70,2012-11-01 00:00:00.000
11737,10932,brianna19@adventure-works.com,4EFEED02-F857-4C8C-B007-E294AEA6C2C2,2011-11-12 00:00:00.000
11738,10933,ross0@adventure-works.com,C9228F25-A244-4A52-8581-B7ED751F18E5,2014-04-13 00:00:00.000
11739,10934,brianna20@adventure-works.com,40B8BED6-3CE0-4B52-8D31-B8C7B7531BA5,2013-08-07 00:00:00.000
11740,10935,brianna21@adventure-works.com,9DCBF765-AC01-4C67-94F6-0A3E83F9A3F2,2013-06-17 00:00:00.000
11741,10936,brianna22@adventure-works.com,A8BCA74C-816F-474B-9DE9-CED9D614131C,2012-07-06 00:00:00.000
11742,10937,marshall41@adventure-works.com,C8961E29-0330-4B8E-B345-1B93BC902AA8,2014-04-18 00:00:00.000
11743,10938,ross1@adventure-works.com,EE519D3A-C748-4CDA-8005-79132F3F02A2,2011-10-05 00:00:00.000
11744,10939,brianna23@adventure-works.com,571C5A30-E3D7-484C-83A2-324249022E8F,2014-02-12 00:00:00.000
11745,10940,olivia0@adventure-works.com,6B624DCC-B557-4B9C-BA91-D770BE2B76C9,2013-07-12 00:00:00.000
11746,10941,ross2@adventure-works.com,4E9C2DC7-ADA9-4142-BAA7-7481746A3723,2014-02-10 00:00:00.000
11747,10942,olivia1@adventure-works.com,95C72477-765C-4A36-96D9-EE34E57DEE29,2013-11-23 00:00:00.000
11748,10943,olivia2@adventure-works.com,05CAEA00-3A4E-4651-8CC9-9A9BF5346D2A,2014-04-29 00:00:00.000
11749,10944,olivia3@adventure-works.com,E44AEA17-C69F-4A79-AC7E-0A915724C665,2013-08-30 00:00:00.000
11750,10945,olivia4@adventure-works.com,01594017-320E-461D-BFA6-3BE89BC6CD76,2013-07-31 00:00:00.000
11751,10946,ross3@adventure-works.com,52F25DCB-4CC0-4CAB-9053-C58B2D7C2449,2013-07-10 00:00:00.000
11752,10947,ross4@adventure-works.com,4FCB1748-4D47-498D-AF5E-3013FFF49873,2013-07-01 00:00:00.000
11753,10948,ross5@adventure-works.com,5341C98D-5728-48D9-9758-57426713B7DD,2012-09-17 00:00:00.000
11754,10949,ross6@adventure-works.com,4B49FB9D-0299-44E5-BBFF-AF95AC325D5D,2013-02-19 00:00:00.000
11755,10950,olivia5@adventure-works.com,1CB29E92-2C9A-4314-AD84-F00440045BD3,2013-11-04 00:00:00.000
11756,10951,olivia6@adventure-works.com,BBF12035-754A-44CC-8B0C-CD759620B3DC,2011-11-18 00:00:00.000
11757,10952,olivia7@adventure-works.com,E5C10EE0-07F0-4867-B3AD-9819981AD58D,2013-05-13 00:00:00.000
11758,10953,ross7@adventure-works.com,3AA191C3-7779-4A75-ACEC-AB01E6B0DC2C,2013-08-23 00:00:00.000
11759,10954,ross8@adventure-works.com,1EEF719D-9675-4054-92CA-9BF7672EF395,2014-03-06 00:00:00.000
11760,10955,marshall42@adventure-works.com,EF59490F-CA9D-4C61-AA1D-A949ED693335,2014-05-14 00:00:00.000
11761,10956,ross9@adventure-works.com,3F1E0F82-4BCE-4D3E-939D-D51BDF2C854F,2013-09-21 00:00:00.000
11762,10957,olivia8@adventure-works.com,2E69255A-B41C-4309-AB31-CE748F78147E,2013-11-13 00:00:00.000
11763,10958,olivia9@adventure-works.com,0607FD38-DAB1-46D2-951A-398A099FB28E,2014-02-28 00:00:00.000
11764,10959,olivia10@adventure-works.com,F6E0FBDF-727D-404E-8491-394AF113D605,2013-06-14 00:00:00.000
11765,10960,ross10@adventure-works.com,F34AAA0D-FCDD-4A63-A80A-13B432A27518,2013-04-27 00:00:00.000
11766,10961,olivia11@adventure-works.com,FF1610CC-6B5A-4698-B1FA-3D8B4330B2C3,2011-07-18 00:00:00.000
11767,10962,ross11@adventure-works.com,EBB78D51-4D0D-4A76-9521-F249FEB4F7B9,2013-05-25 00:00:00.000
11768,10963,ross12@adventure-works.com,7B621227-EA09-454E-A5FA-3D1529A8E5D5,2014-01-09 00:00:00.000
11769,10964,olivia12@adventure-works.com,CE30A541-84FA-4A99-B650-D2F30F3CD0AF,2011-11-07 00:00:00.000
11770,10965,ross13@adventure-works.com,54F88C27-7FCE-48DC-B981-32B7DAFFCD1C,2014-03-19 00:00:00.000
11771,10966,olivia13@adventure-works.com,C0997356-80CD-4769-94F8-F8F1A42DE06A,2014-04-09 00:00:00.000
11772,10967,ross14@adventure-works.com,B9E11B67-22B1-40CB-A076-C32D238B567C,2013-12-24 00:00:00.000
11773,10968,ross15@adventure-works.com,5BAF383C-7EBA-4EF3-86F3-527F661AD776,2013-07-02 00:00:00.000
11774,10969,olivia14@adventure-works.com,1AF01DB2-2CC5-4127-8D98-2E05185AE118,2014-01-31 00:00:00.000
11775,10970,ross16@adventure-works.com,49A91377-358D-40FB-953C-444576CE62AF,2014-05-19 00:00:00.000
11776,10971,olivia15@adventure-works.com,0EA2EC6C-332C-406E-8934-CF27ACD91DD2,2012-06-20 00:00:00.000
11777,10972,olivia16@adventure-works.com,9E7F57F6-9B30-4873-A8BB-0FAE0E1C513F,2013-09-02 00:00:00.000
11778,10973,olivia17@adventure-works.com,3831AA58-D39D-402B-B6A7-9B6714B201C3,2014-04-03 00:00:00.000
11779,10974,ross17@adventure-works.com,7767FF91-A69E-46DA-9380-A58ECBBB7855,2013-12-19 00:00:00.000
11780,10975,damien22@adventure-works.com,190A9A99-FE87-4B47-A0E9-CDF419721117,2014-02-24 00:00:00.000
11781,10976,warren17@adventure-works.com,D022D14C-F02C-4869-91FC-1DD63C038B61,2011-06-19 00:00:00.000
11782,10977,olivia18@adventure-works.com,66E0B373-FA21-4334-B692-A1062101C68E,2013-09-05 00:00:00.000
11783,10978,ross18@adventure-works.com,EBBA7C9B-453E-4CCD-AC53-7B260BFA2F59,2013-10-27 00:00:00.000
11784,10979,ross19@adventure-works.com,A59059FE-07CB-47F7-86F1-5B256BC4102E,2014-04-09 00:00:00.000
11785,10980,olivia19@adventure-works.com,C68E5DC4-ADD6-4D8F-BB73-067D19749CBD,2013-08-16 00:00:00.000
11786,10981,olivia20@adventure-works.com,2D9E8B74-E44B-4964-AB2A-CE4791FC998F,2013-10-21 00:00:00.000
11787,10982,olivia21@adventure-works.com,416CA291-00DD-4913-9542-3C725F31C626,2013-12-25 00:00:00.000
11788,10983,ross20@adventure-works.com,F607E25E-6D23-4547-9043-CBD2408B8310,2013-07-22 00:00:00.000
11789,10984,olivia22@adventure-works.com,DFA621CE-213B-48A9-BF78-73DD79162428,2014-05-20 00:00:00.000
11790,10985,olivia23@adventure-works.com,53743555-ABE1-4F87-81FB-9DC90C1857CC,2014-02-28 00:00:00.000
11791,10986,victoria1@adventure-works.com,02FF1CD3-F59B-443F-B382-B32DBC0AD8B6,2012-10-05 00:00:00.000
11792,10987,ross21@adventure-works.com,BBA4B0C0-CED7-404C-943D-792DC65F6192,2012-06-19 00:00:00.000
11793,10988,victoria2@adventure-works.com,D9D89483-74E8-4726-A3BF-F1D7DD0E2FAC,2014-04-05 00:00:00.000
11794,10989,victoria3@adventure-works.com,212A2626-1B4A-4379-9928-C3676CE8FB16,2014-02-24 00:00:00.000
11795,10990,ross22@adventure-works.com,81D41680-97F6-43CC-A67A-55EDD83DD91C,2014-05-07 00:00:00.000
11796,10991,victoria4@adventure-works.com,327B6288-6689-42E2-AE95-C95E47C1E6DC,2012-09-28 00:00:00.000
11797,10992,victoria5@adventure-works.com,46D84D1E-8B28-457E-A039-E1B9BADC4318,2013-07-03 00:00:00.000
11798,10993,ross23@adventure-works.com,502C11AF-CDCE-4268-9AF0-3893DB07012C,2014-06-04 00:00:00.000
11799,10994,victoria6@adventure-works.com,2DBCE78D-4BD6-4D86-A3BA-EAF72FB0C049,2012-10-13 00:00:00.000
11800,10995,victoria7@adventure-works.com,4F5B46FC-8DB7-48CC-9082-7231C28ACC6A,2013-07-24 00:00:00.000
11801,10996,ross24@adventure-works.com,1218B243-C548-4D2D-AE7D-5D722B10B197,2013-10-11 00:00:00.000
11802,10997,ross25@adventure-works.com,E8121AA2-EE98-4B75-8F89-B61ED003FB28,2013-08-18 00:00:00.000
11803,10998,victoria8@adventure-works.com,B40AE06E-D6D9-4283-8875-0E672FBA4DC4,2013-04-27 00:00:00.000
11804,10999,warren18@adventure-works.com,A7947FEE-E2B0-4C54-AAF5-0E151EED0C35,2014-04-14 00:00:00.000
11805,11000,ross26@adventure-works.com,2E76E8AC-D833-41E4-BE30-14634B93C062,2013-12-07 00:00:00.000
11806,11001,victoria9@adventure-works.com,C5978040-5F7C-4EDF-B13D-EEDCA019DD20,2013-07-16 00:00:00.000
11807,11002,ross27@adventure-works.com,17E246A0-1A90-470F-A758-2F4140FB1577,2012-06-18 00:00:00.000
11808,11003,victoria10@adventure-works.com,B9D2A316-2495-433E-B5CD-7C0CE50ED957,2012-12-17 00:00:00.000
11809,11004,victoria11@adventure-works.com,6ACB1A84-6820-4FBC-BC3C-434415C9AD6A,2013-05-14 00:00:00.000
11810,11005,victoria12@adventure-works.com,FFAD93E3-B3AD-4595-BA8D-97B7EC010015,2013-12-25 00:00:00.000
11811,11006,ross28@adventure-works.com,C5BFCED6-BBB7-4D3E-8897-D6D5DBC5DA7D,2013-10-17 00:00:00.000
11812,11007,ross29@adventure-works.com,21B9053A-36AF-42A9-BB08-DC8B0D0CC8F8,2014-05-18 00:00:00.000
11813,11008,victoria13@adventure-works.com,746DF2C6-8143-4372-9560-FF4C2665C82F,2014-02-13 00:00:00.000
11814,11009,ross30@adventure-works.com,88381040-63EB-4A7D-9A25-613E079462FF,2014-05-16 00:00:00.000
11815,11010,victoria14@adventure-works.com,9E620D4B-73A7-4BEF-8CED-9878A3B458FA,2014-05-15 00:00:00.000
11816,11011,victoria15@adventure-works.com,AB52223B-1CC9-41AF-AE7A-949CF1953B62,2014-02-16 00:00:00.000
11817,11012,ross31@adventure-works.com,1F0A51EB-AA91-4DB8-B80D-EE53EFC39B4F,2013-11-30 00:00:00.000
11818,11013,victoria16@adventure-works.com,A8926ADF-0627-4615-8ED3-7C58FA45AC36,2014-05-12 00:00:00.000
11819,11014,warren19@adventure-works.com,B5D8A1E2-74E9-43DF-B8F9-A5BC33DC861B,2013-04-23 00:00:00.000
11820,11015,ross32@adventure-works.com,5AC6406A-BB3D-4533-A1F8-B1CB7C3EB5F4,2013-08-07 00:00:00.000
11821,11016,ross33@adventure-works.com,54D96F88-543F-46B8-B8F3-AD8CB1812178,2014-02-28 00:00:00.000
11822,11017,ross34@adventure-works.com,B520FD1C-41EB-4B71-8C35-30CD0F93243B,2014-03-09 00:00:00.000
11823,11018,ross35@adventure-works.com,E5866EA2-DF8F-4D7E-A739-7A8BA07A30FB,2014-01-25 00:00:00.000
11824,11019,victoria17@adventure-works.com,737FE0F5-FAED-42B7-A8B9-351C73C35B97,2012-05-28 00:00:00.000
11825,11020,ross36@adventure-works.com,D078F574-ABC2-462D-B00F-5188235B68ED,2014-05-05 00:00:00.000
11826,11021,ross37@adventure-works.com,0D5EB047-3624-42C4-A697-B53922374221,2013-10-11 00:00:00.000
11827,11022,ross38@adventure-works.com,DC91E109-8288-4358-9508-5AD29D4B7712,2011-12-01 00:00:00.000
11828,11023,ross39@adventure-works.com,AEFB5F67-5BF3-4443-AE54-747BDE6A11D4,2013-05-06 00:00:00.000
11829,11024,gerald29@adventure-works.com,E9A0CE5F-A1E1-4A37-9293-753960B1697B,2013-09-18 00:00:00.000
11830,11025,gerald30@adventure-works.com,95BB543A-B3F6-4433-9CF8-58844C15A72B,2014-05-15 00:00:00.000
11831,11026,warren20@adventure-works.com,1602B196-4103-4E54-B48B-AB3558C0ADCB,2014-02-16 00:00:00.000
11832,11027,gerald31@adventure-works.com,87B318D3-9B34-4539-BA3A-9DF2CDEE3387,2013-12-21 00:00:00.000
11833,11028,victoria18@adventure-works.com,A7E4BD79-B441-4757-AB2E-685B1FB241AB,2013-09-09 00:00:00.000
11834,11029,gerald32@adventure-works.com,FBF7C642-DCBD-4D2F-9B67-1071EB0C1768,2013-11-18 00:00:00.000
11835,11030,victoria19@adventure-works.com,1EA966CE-CD17-4BC0-A1EE-FC05E7BDF812,2012-07-11 00:00:00.000
11836,11031,gerald33@adventure-works.com,58A2DF86-2D36-4C91-BF12-66EB04502A28,2013-08-19 00:00:00.000
11837,11032,victoria20@adventure-works.com,11E63AC1-7626-4186-8634-168856872E1E,2013-12-09 00:00:00.000
11838,11033,gerald34@adventure-works.com,0AD2FF91-E50F-4FB7-AB6D-3B670D241414,2013-11-25 00:00:00.000
11839,11034,gerald35@adventure-works.com,5600FBA3-368F-472B-8349-2ECF9A14482F,2014-03-20 00:00:00.000
11840,11035,victoria21@adventure-works.com,DBD7AF06-3E68-407E-90AF-7E56B89E0636,2013-04-12 00:00:00.000
11841,11036,gerald36@adventure-works.com,3BE92E4C-F65D-4DB2-A981-48D406346159,2012-05-19 00:00:00.000
11842,11037,gerald37@adventure-works.com,E5D54567-686E-4CE4-8977-BEF528797CDA,2012-04-10 00:00:00.000
11843,11038,gerald38@adventure-works.com,992962CF-0480-4842-803A-F8AFE7240F49,2014-06-26 00:00:00.000
11844,11039,victoria22@adventure-works.com,78913987-8F5F-44D4-8076-5CEA292DC268,2013-03-07 00:00:00.000
11845,11040,victoria23@adventure-works.com,3381EC80-61EC-4795-A796-7EFDC884E8D8,2013-11-10 00:00:00.000
11846,11041,gerald39@adventure-works.com,A30C173F-AD4D-4B4B-B73A-2C8054A20D5D,2013-07-10 00:00:00.000
11847,11042,emma0@adventure-works.com,A4BB9DCD-5310-4F69-9C3B-140B0C5A2A05,2013-07-02 00:00:00.000
11848,11043,warren21@adventure-works.com,8FB8EDC3-F621-4DB8-A930-D26DEF0177C7,2013-02-08 00:00:00.000
11849,11044,gerald40@adventure-works.com,73C483CF-BD08-4309-8E7D-8B849C709D02,2014-02-09 00:00:00.000
11850,11045,emma1@adventure-works.com,99DEE857-68EE-4FA8-BF14-CD37C74B2601,2014-03-12 00:00:00.000
11851,11046,gerald41@adventure-works.com,B02B0CCF-A4B7-4741-A143-822AC8BAAC06,2013-08-03 00:00:00.000
11852,11047,emma2@adventure-works.com,E061FADD-EB99-4634-8F22-E10BD5FA29FA,2013-12-12 00:00:00.000
11853,11048,emma3@adventure-works.com,BCB4ACED-ACC1-46A5-8218-F35764B1E50D,2011-06-02 00:00:00.000
11854,11049,gerald42@adventure-works.com,2A413867-1ABC-4FC8-A5A8-AC348B4BC43E,2014-03-19 00:00:00.000
11855,11050,emma4@adventure-works.com,03AAF935-DECA-4F10-A53A-36CC394D43FA,2013-10-13 00:00:00.000
11856,11051,emma5@adventure-works.com,6DA9826D-C619-4CA2-A78A-5C51CBEF3537,2011-10-14 00:00:00.000
11857,11052,emma6@adventure-works.com,3CE6F811-C626-475B-8483-0F12BFAAE3F3,2013-05-02 00:00:00.000
11858,11053,emma7@adventure-works.com,7BA0ECE8-8C48-4A0B-ADA8-DEC45D8E02E7,2012-09-23 00:00:00.000
11859,11054,gerald43@adventure-works.com,4AD1A8ED-1D76-40A9-807D-356522A7D4B8,2013-05-14 00:00:00.000
11860,11055,emma8@adventure-works.com,0443621E-6091-413D-8526-ED703BAFD8A6,2012-03-30 00:00:00.000
11861,11056,tamara1@adventure-works.com,6C8737D3-9882-42E5-B4C9-4E665F211FF4,2014-06-30 00:00:00.000
11862,11057,emma9@adventure-works.com,46E12359-0593-4D19-85A1-D0CBD1AEFF7C,2013-09-13 00:00:00.000
11863,11058,tamara2@adventure-works.com,863ECBE9-BF73-4362-96D8-CEE2D7C17CD1,2013-10-26 00:00:00.000
11864,11059,emma10@adventure-works.com,7DA6D2E3-1E21-401C-9FAE-A8A7121DA9AF,2014-02-17 00:00:00.000
11865,11060,emma11@adventure-works.com,1D502A0D-6CF1-43CA-89F8-CF25302B1347,2014-06-24 00:00:00.000
11866,11061,tamara3@adventure-works.com,FA2FA1FC-BED4-403C-A999-96B51BF06800,2012-02-01 00:00:00.000
11867,11062,tamara4@adventure-works.com,8238A763-FEAD-4CEB-BB21-6D8B9FC8ACF0,2014-02-13 00:00:00.000
11868,11063,emma12@adventure-works.com,6E0E1F34-AE8F-4567-BF2F-C1624B167860,2014-03-17 00:00:00.000
11869,11064,warren22@adventure-works.com,6151C801-EE0B-47AE-AF21-398C17B61F7A,2013-08-11 00:00:00.000
11870,11065,tamara5@adventure-works.com,58A818B4-82A9-4D31-89AE-63D5624396B4,2013-09-08 00:00:00.000
11871,11066,tamara6@adventure-works.com,81AD1A54-8D55-4779-A209-CE1FB943BC3A,2013-07-28 00:00:00.000
11872,11067,emma13@adventure-works.com,D9683CC7-261D-4939-8ECA-FA0D90D4CF2B,2013-07-18 00:00:00.000
11873,11068,tamara7@adventure-works.com,1A1D0281-D318-44D1-BF1A-07BDEBA33D3E,2013-11-05 00:00:00.000
11874,11069,emma14@adventure-works.com,77DC85AE-4F67-4473-BA21-D749BF2896F4,2014-03-29 00:00:00.000
11875,11070,tamara8@adventure-works.com,7E329DF7-02E5-4AFD-A8F0-86C10543269E,2013-12-29 00:00:00.000
11876,11071,tamara9@adventure-works.com,D815D524-004F-4D30-8E1B-8248240D8B46,2014-02-27 00:00:00.000
11877,11072,emma15@adventure-works.com,31608C65-856D-4F1F-83E0-6516DB70AE03,2013-10-15 00:00:00.000
11878,11073,emma16@adventure-works.com,093C7913-7028-4657-BB93-3ED4F9C3E5A7,2013-09-29 00:00:00.000
11879,11074,tamara10@adventure-works.com,053864CC-3AEA-4E12-B0CE-C76DE543D4CA,2013-09-29 00:00:00.000
11880,11075,tamara11@adventure-works.com,A2684079-E59B-4FAC-9379-E42355C6B15C,2013-10-08 00:00:00.000
11881,11076,tamara12@adventure-works.com,0687080E-353F-499F-91AE-EF46B53752F1,2013-02-08 00:00:00.000
11882,11077,tamara13@adventure-works.com,0EB06409-87D1-4882-A858-02E22EAEF5C5,2012-11-15 00:00:00.000
11883,11078,emma17@adventure-works.com,7194DF86-4A5B-494C-9891-D41E2F3F7F8D,2014-03-24 00:00:00.000
11884,11079,emma18@adventure-works.com,5977E519-F24D-49EE-BF1A-B15079160ACE,2013-08-18 00:00:00.000
11885,11080,tamara14@adventure-works.com,829C836E-12EC-4C59-A6F0-257FD25D9E23,2014-01-07 00:00:00.000
11886,11081,emma19@adventure-works.com,E83997D8-268D-49C6-8506-EFF54676BB28,2014-01-30 00:00:00.000
11887,11082,emma20@adventure-works.com,0199A0FC-778B-4B7D-A9A6-0FD9D378EF63,2014-05-06 00:00:00.000
11888,11083,emma21@adventure-works.com,3ED8F593-4C62-480E-8FE1-2FA2A93980FF,2013-09-04 00:00:00.000
11889,11084,tamara15@adventure-works.com,CE278EBD-C96D-4A20-8135-CDC5BD6D2466,2012-02-04 00:00:00.000
11890,11085,emma22@adventure-works.com,D389FADC-3D64-4FBA-A80D-28F4AC8D317E,2013-12-25 00:00:00.000
11891,11086,tamara16@adventure-works.com,DC9EB1EB-7447-4E4E-BEA9-2BBCFD96D274,2014-04-19 00:00:00.000
11892,11087,tamara17@adventure-works.com,D8280A06-96D2-4261-A6E2-47F4B53444FC,2011-12-16 00:00:00.000
11893,11088,tamara18@adventure-works.com,886CD110-0EB4-4F43-95BC-8001B7C755D3,2012-06-01 00:00:00.000
11894,11089,tamara19@adventure-works.com,9C6F79F6-CB46-4F7E-B4B4-3A5B3E8B28B0,2013-03-30 00:00:00.000
11895,11090,emma23@adventure-works.com,CDD98C7B-D722-4181-9672-A042A888ACC0,2012-07-23 00:00:00.000
11896,11091,tamara20@adventure-works.com,102FE40A-999D-42BE-897E-D60829667748,2011-06-11 00:00:00.000
11897,11092,grace24@adventure-works.com,DFF41A9E-FEBF-4518-8E9E-3C970153394E,2014-06-06 00:00:00.000
11898,11093,sarah0@adventure-works.com,BECBA7C4-51F5-421E-A738-8DE34C085EDC,2013-08-22 00:00:00.000
11899,11094,sarah1@adventure-works.com,E2A6EA36-2BE3-458A-BA52-03EFA2D21A17,2014-03-27 00:00:00.000
11900,11095,tamara21@adventure-works.com,DAE642D9-1712-4966-BA38-871D28CDFCFB,2014-03-01 00:00:00.000
11901,11096,elizabeth5@adventure-works.com,BF826A75-4C63-412D-9C74-00F5AC184E9E,2011-06-25 00:00:00.000
11902,11097,elizabeth6@adventure-works.com,41391C2A-4F01-4357-A8D2-EAA55C5BADE3,2012-03-26 00:00:00.000
11903,11098,warren23@adventure-works.com,DD95E943-A007-4D89-AEAD-833CB6AF8A47,2013-11-22 00:00:00.000
11904,11099,tamara22@adventure-works.com,D4686B3E-B172-4652-B3F0-1F50903F35AD,2013-12-01 00:00:00.000
11905,11100,elizabeth7@adventure-works.com,8F9B76F8-2926-49A5-843B-9FCC7320E216,2013-06-05 00:00:00.000
11906,11101,tamara23@adventure-works.com,560F8134-3776-42BA-B073-93CA6DA035F5,2012-08-23 00:00:00.000
11907,11102,tamara24@adventure-works.com,0A3D0623-3DEC-4DEC-9577-A0349B0853F1,2014-05-10 00:00:00.000
11908,11103,elizabeth8@adventure-works.com,7F19A96A-FE0C-4C81-A5A5-BD1CA3D0C199,2013-02-24 00:00:00.000
11909,11104,elizabeth9@adventure-works.com,B7E65B77-747B-4027-A204-73D0F578866B,2013-08-23 00:00:00.000
11910,11105,elizabeth10@adventure-works.com,CC21C409-8966-4782-944B-5E584906932A,2013-10-01 00:00:00.000
11911,11106,tamara25@adventure-works.com,E13D7B6A-945E-4C04-96DF-88FB79FDCDDA,2013-09-15 00:00:00.000
11912,11107,elizabeth11@adventure-works.com,A6EEE5DF-BF14-4E23-9BCA-D86A8FD301E2,2013-10-02 00:00:00.000
11913,11108,elizabeth12@adventure-works.com,AFF8709B-7271-499F-9B40-7C3EC7CB89EC,2014-02-07 00:00:00.000
11914,11109,elizabeth13@adventure-works.com,5B802FF0-6255-4766-9BD5-97EC8871998B,2014-06-04 00:00:00.000
11915,11110,tamara26@adventure-works.com,A909BBB7-6153-4663-A2D2-5D41AE78545C,2014-05-16 00:00:00.000
11916,11111,tamara27@adventure-works.com,D62E5162-0A48-4CD0-B017-F417678B7D5D,2012-03-16 00:00:00.000
11917,11112,liz0@adventure-works.com,1D8B582D-BDFF-4D60-B2CE-BFCDF3DD51DE,2014-01-27 00:00:00.000
11918,11113,elizabeth14@adventure-works.com,E439FB8E-7605-48CC-8121-615D4B298C9E,2014-03-08 00:00:00.000
11919,11114,elizabeth15@adventure-works.com,B0F93FBD-30D9-4C10-86C4-A485DBD90B45,2014-01-04 00:00:00.000
11920,11115,tamara28@adventure-works.com,B562A520-1F49-4457-A375-66CF3ED62BEC,2011-07-26 00:00:00.000
11921,11116,elizabeth16@adventure-works.com,E7753C63-7334-4D2E-81E7-270CA1A95913,2014-05-11 00:00:00.000
11922,11117,elizabeth17@adventure-works.com,CA2A7895-2830-4FF3-9522-F66364A51B34,2011-11-20 00:00:00.000
11923,11118,elizabeth18@adventure-works.com,305AD4ED-65E3-4A22-A31D-D9702FE7D3B8,2014-02-25 00:00:00.000
11924,11119,elizabeth19@adventure-works.com,D94180F3-318D-46B9-908A-D5BB6F2E129E,2013-08-01 00:00:00.000
11925,11120,tamara29@adventure-works.com,37396CA9-268B-4453-9AD3-CE52B84AD7AD,2013-07-01 00:00:00.000
11926,11121,elizabeth20@adventure-works.com,AA15E7AE-0806-4CE3-939D-87764CB074DD,2012-03-19 00:00:00.000
11927,11122,elizabeth21@adventure-works.com,E6DA8F2D-80DE-4158-A701-8043385C87D6,2012-04-23 00:00:00.000
11928,11123,tamara30@adventure-works.com,6298454D-656D-4EB3-A05A-8BC7AA90B742,2014-01-29 00:00:00.000
11929,11124,tammy22@adventure-works.com,95479459-0EBC-4BE5-A485-1F247244FF93,2011-08-02 00:00:00.000
11930,11125,elizabeth22@adventure-works.com,A2976FDE-02E7-49D9-B837-A9CE0EF2AD8A,2012-11-11 00:00:00.000
11931,11126,elizabeth23@adventure-works.com,9D27238B-827F-44E0-8103-B7D323877D35,2012-02-14 00:00:00.000
11932,11127,elizabeth24@adventure-works.com,A2A293D1-C353-4232-B46D-6E1F2991E2C9,2013-11-05 00:00:00.000
11933,11128,elizabeth25@adventure-works.com,4628FA9B-F658-4D01-99C1-03A9F12D72B5,2014-03-09 00:00:00.000
11934,11129,elizabeth26@adventure-works.com,F141435E-9024-4860-B4D4-369C5EAE34FE,2012-07-27 00:00:00.000
11935,11130,tamara31@adventure-works.com,0D0A9162-D20D-46B2-B875-74319542247F,2014-01-06 00:00:00.000
11936,11131,elizabeth27@adventure-works.com,81F250EC-44E8-4F9C-AB78-B00B648E7B57,2014-01-29 00:00:00.000
11937,11132,alisha0@adventure-works.com,297A3486-D081-4564-8D72-32A0AB24FE56,2011-07-26 00:00:00.000
11938,11133,alisha1@adventure-works.com,3C187BD7-B52D-4296-A725-D436680F29EA,2012-10-18 00:00:00.000
11939,11134,elizabeth28@adventure-works.com,2CCC8F28-4804-42C3-BA51-BAA04585348C,2013-10-07 00:00:00.000
11940,11135,alisha2@adventure-works.com,4566FC6F-02CA-4932-8F70-A6604A71D20B,2013-01-31 00:00:00.000
11941,11136,alisha3@adventure-works.com,3106A9C6-0B7C-4EE9-81B5-8ACDAF1C86C3,2014-04-29 00:00:00.000
11942,11137,kayla1@adventure-works.com,73145917-C41B-4D5A-A015-323E96B53E15,2014-02-21 00:00:00.000
11943,11138,kayla2@adventure-works.com,61B671E9-25F8-4A8E-8684-29A94BF7FE37,2013-09-03 00:00:00.000
11944,11139,kayla3@adventure-works.com,6D65C7B8-099D-406B-90C2-DF5F058AFD41,2013-09-02 00:00:00.000
11945,11140,alisha4@adventure-works.com,23402546-FD91-4388-B251-2150CCFE3377,2013-07-24 00:00:00.000
11946,11141,kayla4@adventure-works.com,78D24B75-C95C-4F20-9741-DD1B4624CE22,2014-02-14 00:00:00.000
11947,11142,alisha5@adventure-works.com,D4589046-485C-41F4-9B0F-12B1EEF4722B,2013-12-05 00:00:00.000
11948,11143,alisha6@adventure-works.com,5D4627DF-9DF5-40CE-828C-980939206347,2013-04-18 00:00:00.000
11949,11144,warren24@adventure-works.com,0E3877E9-E32F-4AAF-87E0-6605B2D04F8B,2012-02-08 00:00:00.000
11950,11145,alisha7@adventure-works.com,81669A76-1CE2-4808-8A4E-EB873924D222,2013-12-29 00:00:00.000
11951,11146,kayla5@adventure-works.com,6867B370-A9E6-4FA4-B891-E2AAE6E39D73,2013-07-31 00:00:00.000
11952,11147,kayla6@adventure-works.com,1B726840-1FFD-403C-A914-0E12CFCD74CE,2013-10-20 00:00:00.000
11953,11148,alisha8@adventure-works.com,7AEB41EE-E67A-4E60-813A-24599984D7C6,2014-05-03 00:00:00.000
11954,11149,kayla7@adventure-works.com,81B17638-D39D-4DF9-AE8F-C3AE386C7DFB,2014-03-13 00:00:00.000
11955,11150,alisha9@adventure-works.com,F7866C7E-73A7-4160-BC29-AD33B1D35948,2011-07-22 00:00:00.000
11956,11151,alisha10@adventure-works.com,EB1DD5CB-E46C-4D26-A3F1-0BDC70BA5F1A,2014-04-24 00:00:00.000
11957,11152,kayla8@adventure-works.com,A9FE158C-9FE2-4951-A3E2-B777160D602B,2014-06-16 00:00:00.000
11958,11153,alisha11@adventure-works.com,4D603A8B-2B7A-4507-A9F0-289313B91359,2013-12-09 00:00:00.000
11959,11154,alisha12@adventure-works.com,0F5EE77C-73F5-43A9-BF4A-D4F73E21C0E7,2013-11-29 00:00:00.000
11960,11155,alisha13@adventure-works.com,9D264B52-F8BF-4999-9286-C6172568E96F,2014-04-20 00:00:00.000
11961,11156,kayla9@adventure-works.com,40697BB9-8F96-4106-8FF3-B7C4BE2B043F,2014-01-11 00:00:00.000
11962,11157,kayla10@adventure-works.com,BF2DB83B-482A-41CF-AF9B-93979E8DB861,2013-09-02 00:00:00.000
11963,11158,kayla11@adventure-works.com,585E8372-4C2A-405E-B645-BDD87E56BAE7,2014-03-14 00:00:00.000
11964,11159,alisha14@adventure-works.com,43148550-14BF-43AE-8537-BA78929427C0,2011-10-26 00:00:00.000
11965,11160,kayla12@adventure-works.com,A608B09B-950E-4A47-889D-CB6CC4F62B4A,2011-08-21 00:00:00.000
11966,11161,kayla13@adventure-works.com,6ACCBAA7-2998-489A-B995-FEBB2BF7B7D5,2013-08-03 00:00:00.000
11967,11162,alisha15@adventure-works.com,34DC70BE-8B7F-486E-908E-08BE39A561B9,2014-05-17 00:00:00.000
11968,11163,damien23@adventure-works.com,61557CF5-B071-44DB-9981-92C04DF7C7CE,2014-02-28 00:00:00.000
11969,11164,warren25@adventure-works.com,5D2F0446-9692-4C64-9CF0-E03AB576A27A,2011-06-18 00:00:00.000
11970,11165,alisha16@adventure-works.com,70F555BE-983E-4C09-8E46-5DC7DBF5FF2B,2013-03-17 00:00:00.000
11971,11166,kayla14@adventure-works.com,AB8E2691-1B9B-47AF-910F-D5C6F628153C,2013-12-20 00:00:00.000
11972,11167,kayla15@adventure-works.com,3853E870-F018-471B-B3FE-94E0E5094AE8,2013-05-21 00:00:00.000
11973,11168,alisha17@adventure-works.com,C670289B-B2B0-481A-B0ED-A398A9E23BA9,2013-08-26 00:00:00.000
11974,11169,kayla16@adventure-works.com,C30D8609-74FD-494D-9648-319999BEB4B9,2013-08-29 00:00:00.000
11975,11170,alisha18@adventure-works.com,F7A4A4C5-062F-486D-B4BB-7F2FF6A4A23E,2013-01-16 00:00:00.000
11976,11171,alisha19@adventure-works.com,55AA7276-7DC4-44D6-8605-F102DFC9BA04,2013-03-31 00:00:00.000
11977,11172,kayla17@adventure-works.com,B4B4AAE6-5B58-41F1-B975-F901529AEBAB,2014-05-11 00:00:00.000
11978,11173,kayla18@adventure-works.com,F303550B-B458-4D88-AD42-F285D71FF5E7,2014-03-24 00:00:00.000
11979,11174,alisha20@adventure-works.com,F9F934AA-1ECC-4580-AA21-806FAAC0FBCC,2012-10-23 00:00:00.000
11980,11175,kayla19@adventure-works.com,265C0074-87E3-4864-8B6E-E50CCDED69A9,2012-01-11 00:00:00.000
11981,11176,alisha21@adventure-works.com,1FA6BC64-A376-4E96-B022-A35AAB99DFE5,2013-09-02 00:00:00.000
11982,11177,alisha22@adventure-works.com,6F0D0ED7-E586-412C-92B0-3E028A698149,2013-09-05 00:00:00.000
11983,11178,kayla20@adventure-works.com,88E5B133-AD97-48AA-8416-E98D20E1529C,2012-05-10 00:00:00.000
11984,11179,alisha23@adventure-works.com,ED9DDCFB-EDA4-460D-B6EF-6BE489667A09,2013-10-09 00:00:00.000
11985,11180,alisha24@adventure-works.com,1C78C1E2-3004-45BA-9C78-011FBE352A24,2012-05-26 00:00:00.000
11986,11181,kayla21@adventure-works.com,341CE67D-FEB8-4C3F-A09F-7DC5FBB1E2BD,2014-02-19 00:00:00.000
11987,11182,kayla22@adventure-works.com,B4F9DA83-C07E-4070-BB20-6EA8594AA8BE,2013-12-29 00:00:00.000
11988,11183,kayla23@adventure-works.com,11642D66-B53C-4450-AE32-A0186FB10793,2013-12-04 00:00:00.000
11989,11184,alisha25@adventure-works.com,7C60A40E-DCD8-4FC8-B83A-FA93CC1E5664,2014-04-30 00:00:00.000
11990,11185,alexis0@adventure-works.com,AAB6507C-ADC6-467B-9C8E-0490CBED484C,2012-12-18 00:00:00.000
11991,11186,alexis1@adventure-works.com,22B222E0-4164-4595-9AC3-E7EE4EFA5D8B,2014-03-28 00:00:00.000
11992,11187,alexis2@adventure-works.com,3A8B8562-16D1-4742-BD3E-FEB518D0C11A,2014-01-30 00:00:00.000
11993,11188,warren26@adventure-works.com,3917803E-65A9-4193-863C-84A120FFD2AF,2014-01-31 00:00:00.000
11994,11189,alisha26@adventure-works.com,161FD5A6-FD25-4024-940F-F051EE843624,2012-10-11 00:00:00.000
11995,11190,alexis3@adventure-works.com,5CF68D4F-1618-456E-883D-589EC71D71E8,2012-05-17 00:00:00.000
11996,11191,alisha27@adventure-works.com,9710DE85-06F5-4E1E-96DE-B8589B54889B,2013-07-11 00:00:00.000
11997,11192,alexis4@adventure-works.com,2D32CBC5-623C-40D1-A84A-AD140C34297A,2014-01-14 00:00:00.000
11998,11193,alisha28@adventure-works.com,0DF0A19B-A30F-4D72-B4A5-B1C7D3D0F1AC,2013-07-16 00:00:00.000
11999,11194,alisha29@adventure-works.com,F607D7A8-6025-401A-9631-B6F273299C6B,2013-11-12 00:00:00.000
12000,11195,alisha30@adventure-works.com,5528DA84-DFBA-4E7E-A935-820B8D643DD3,2013-08-03 00:00:00.000
12001,11196,alisha31@adventure-works.com,79733B70-A8AA-408A-B174-E7AF4DCA1A61,2014-05-13 00:00:00.000
12002,11197,alexis5@adventure-works.com,4136DFDC-477E-45B5-B7A0-8D8C7FA2D32F,2013-09-10 00:00:00.000
12003,11198,alisha32@adventure-works.com,E17592B6-3CDB-48D6-970C-412A2E95910D,2012-11-27 00:00:00.000
12004,11199,alisha33@adventure-works.com,7217DB3C-448A-4519-857D-6639BB0613DA,2014-02-17 00:00:00.000
12005,11200,alexis6@adventure-works.com,2538C472-431E-43CA-9D64-11B314CE6D1A,2013-09-20 00:00:00.000
12006,11201,alexis7@adventure-works.com,2EBD630E-561F-4EB0-BEF2-5C3D29648C48,2012-01-20 00:00:00.000
12007,11202,alexis8@adventure-works.com,9909EA3C-3AF5-4F0E-B8D4-986C2D2D754A,2014-01-20 00:00:00.000
12008,11203,alexis9@adventure-works.com,08A7D9C3-BB5D-4338-A228-CB4A5C1FC8D0,2013-11-01 00:00:00.000
12009,11204,alexis10@adventure-works.com,AF3CA7AA-E027-4E7A-9651-B367A0D28DA5,2012-05-05 00:00:00.000
12010,11205,alexis11@adventure-works.com,B4149E1C-3CC7-4BF0-B2B2-E4D9080C8C30,2014-01-31 00:00:00.000
12011,11206,alisha34@adventure-works.com,78FC9D2C-13DE-413D-AA9C-268343470F2D,2012-12-01 00:00:00.000
12012,11207,alexis12@adventure-works.com,7CB72C3E-A4DD-4FEF-A51B-B2E52A81337D,2014-04-01 00:00:00.000
12013,11208,warren27@adventure-works.com,9C34CF74-6C23-4032-BC07-D57569FAAA26,2014-04-18 00:00:00.000
12014,11209,alisha35@adventure-works.com,2A758185-8A7B-47BB-B07F-0F9F6E1804D1,2014-01-18 00:00:00.000
12015,11210,alexis13@adventure-works.com,8B867B1A-27FF-4D01-8835-2B323B2D59E1,2014-05-12 00:00:00.000
12016,11211,alisha36@adventure-works.com,7FFBD7AD-310A-4498-965E-A43F1A48EB6B,2013-08-03 00:00:00.000
12017,11212,alexis14@adventure-works.com,5F44BA86-4AD9-459B-869E-6F746712B771,2013-12-01 00:00:00.000
12018,11213,alisha37@adventure-works.com,1A29F129-1B58-473D-A526-B4C2D4C2575C,2014-04-17 00:00:00.000
12019,11214,alexis15@adventure-works.com,E0CEFA36-B562-4B35-B550-DEE669A5A5A6,2014-01-01 00:00:00.000
12020,11215,alexis16@adventure-works.com,6EC5A9B8-2284-4D73-8D84-59149FD9FA65,2014-04-21 00:00:00.000
12021,11216,alisha38@adventure-works.com,6E592476-F5FB-4A04-82A4-0F52799C8EDA,2013-08-15 00:00:00.000
12022,11217,alexis17@adventure-works.com,FF6FC160-B631-4464-A7EA-C4FD1292E9FB,2013-08-12 00:00:00.000
12023,11218,alexis18@adventure-works.com,378EFEFF-057A-4834-8F8E-FD12F8FDE616,2014-03-21 00:00:00.000
12024,11219,alexis19@adventure-works.com,27A63615-365C-404F-8FE8-70D60850B0C1,2014-03-01 00:00:00.000
12025,11220,alisha39@adventure-works.com,0C73419C-3723-4A50-ADBC-8F8DA8533994,2013-12-09 00:00:00.000
12026,11221,alexis20@adventure-works.com,4C4C6625-A35C-4785-A197-437D24B21418,2013-11-23 00:00:00.000
12027,11222,alisha40@adventure-works.com,D707F29E-AE1D-4509-A7B4-B3A8E49E2550,2012-06-23 00:00:00.000
12028,11223,alisha41@adventure-works.com,AE316EF0-A62C-4D63-9E17-3B8C4270B204,2014-02-18 00:00:00.000
12029,11224,alisha42@adventure-works.com,815F21E5-C6A1-4A3D-B81B-2A23AA505B2A,2013-11-19 00:00:00.000
12030,11225,alexis21@adventure-works.com,3E29EA87-8BD6-4601-AF38-18EE9505DE71,2014-04-11 00:00:00.000
12031,11226,alisha43@adventure-works.com,D62A4E44-028A-4CC5-8FBF-965E3B8E71A0,2012-05-20 00:00:00.000
12032,11227,abigail47@adventure-works.com,C6BBC7A3-062D-499C-8418-DC4D9BE2E8EA,2013-07-12 00:00:00.000
12033,11228,alisha44@adventure-works.com,E2560716-4B26-40AC-902E-71F4EEBE2227,2013-02-08 00:00:00.000
12034,11229,abigail48@adventure-works.com,8DC5FB7E-180B-4B50-9BC4-525597BEB111,2014-04-03 00:00:00.000
12035,11230,abigail49@adventure-works.com,ADBBBB85-CAFA-4037-93A3-618B10EDBB06,2012-10-11 00:00:00.000
12036,11231,warren28@adventure-works.com,71C05F28-A399-4BF0-83D2-A69BC6CA4E01,2014-01-15 00:00:00.000
12037,11232,alisha45@adventure-works.com,38084EF8-6889-419D-A53F-62B61E5B93D5,2013-08-05 00:00:00.000
12038,11233,abigail50@adventure-works.com,A5925C7E-DF97-47C4-BB7B-8E40B6E97163,2013-08-07 00:00:00.000
12039,11234,alisha46@adventure-works.com,4204F98C-2DC9-4933-9C6D-F70A9938EBB5,2014-06-30 00:00:00.000
12040,11235,abigail51@adventure-works.com,53E622A6-5F83-438A-AC35-22C1B5156692,2014-05-18 00:00:00.000
12041,11236,alisha47@adventure-works.com,A9EA42DF-DE4F-4407-B5CA-DCD3609DF49A,2012-11-09 00:00:00.000
12042,11237,kelli0@adventure-works.com,2F67F352-4F0C-4C8A-924C-CFDC877C74B3,2014-05-10 00:00:00.000
12043,11238,arthur44@adventure-works.com,27A6EBA5-0E21-48B8-8F29-2FD4C5382DD2,2014-04-19 00:00:00.000
12044,11239,gail3@adventure-works.com,EC21CEC0-2315-4176-9F2B-2CFEEA59214F,2014-05-03 00:00:00.000
12045,11240,rakesh0@adventure-works.com,3428A45C-44A7-4E28-A514-07014E3B9DF9,2014-02-05 00:00:00.000
12046,11241,abigail52@adventure-works.com,3BCABCBA-9C95-4E37-9E9F-2AF6BE7C27CC,2014-02-04 00:00:00.000
12047,11242,abhijit0@adventure-works.com,9D3A4B88-5DF4-40B2-82B5-80BE79ACC403,2013-11-02 00:00:00.000
12048,11243,kelli1@adventure-works.com,FCE496D9-5758-43C4-B8DA-D1FF4FEFDE16,2014-06-05 00:00:00.000
12049,11244,kelli2@adventure-works.com,EB3923A9-77E1-4F12-B16E-4FF2DC854CF4,2011-07-19 00:00:00.000
12050,11245,kelli3@adventure-works.com,9AE913EB-8456-46E4-A679-8299ABF956C2,2013-08-14 00:00:00.000
12051,11246,julian0@adventure-works.com,2858C534-A34A-41B2-8BEE-A9477BD8D7A9,2013-07-06 00:00:00.000
12052,11247,kelli4@adventure-works.com,552006C0-2D55-4BA7-9F91-B00B56B974AB,2013-05-10 00:00:00.000
12053,11248,abigail53@adventure-works.com,BF9558F5-6C9A-4E1E-B1D3-24C9B8008510,2013-08-14 00:00:00.000
12054,11249,abigail54@adventure-works.com,B0C8704E-6B5F-4385-A79B-954085F31281,2011-11-10 00:00:00.000
12055,11250,abigail55@adventure-works.com,176D686B-1A1A-4F50-8DD8-385F265E4E8D,2013-09-14 00:00:00.000
12056,11251,kelli5@adventure-works.com,5A950064-EE36-4025-94F4-75351F4780B4,2013-09-16 00:00:00.000
12057,11252,abigail56@adventure-works.com,13AE6538-9B77-416E-AB0E-AD69EE3BC8BA,2012-04-14 00:00:00.000
12058,11253,kelli6@adventure-works.com,590239CF-14AD-4333-A3DF-5853EE66B5B6,2014-01-09 00:00:00.000
12059,11254,kelli7@adventure-works.com,833C641E-7234-4EFE-8C68-422150B378CE,2012-03-08 00:00:00.000
12060,11255,kelli8@adventure-works.com,674785CF-DAC3-47F3-B8B3-7F87DEC8DFC5,2014-04-19 00:00:00.000
12061,11256,abigail57@adventure-works.com,E8E76051-4FD2-4AEA-BE86-850D6F4F272D,2013-07-27 00:00:00.000
12062,11257,abigail58@adventure-works.com,7584B64A-50BA-4490-B006-08E9D09776DC,2014-04-25 00:00:00.000
12063,11258,kelli9@adventure-works.com,FA4F4AB8-7E0C-4E2F-973D-E07E005C5883,2013-07-27 00:00:00.000
12064,11259,abigail59@adventure-works.com,A4D3FAA5-515F-4F50-87FE-B303262DB1A5,2014-03-27 00:00:00.000
12065,11260,kelli10@adventure-works.com,920434F5-76AD-4548-BA8B-4B92BB9EAF7D,2014-02-01 00:00:00.000
12066,11261,abigail60@adventure-works.com,BCBB788E-0FA0-4DB1-9070-498412EEF1B7,2012-05-08 00:00:00.000
12067,11262,abigail61@adventure-works.com,D470F688-912C-4849-96B7-0E998A7C8D47,2013-07-09 00:00:00.000
12068,11263,abigail62@adventure-works.com,73EB0BE5-C142-44DF-97D1-929C6021D903,2013-07-15 00:00:00.000
12069,11264,kelli11@adventure-works.com,A6434532-BE3A-4211-A6BF-1312611CCE40,2014-01-23 00:00:00.000
12070,11265,petr0@adventure-works.com,5536A660-B38B-475D-B6C1-8D11E033E50D,2012-07-11 00:00:00.000
12071,11266,kelli12@adventure-works.com,150AEA9B-4C10-40D2-8C1D-F82B06A351AB,2011-10-03 00:00:00.000
12072,11267,kelli13@adventure-works.com,28965A85-FCB0-496F-BE85-122CEE1473ED,2013-08-02 00:00:00.000
12073,11268,abigail63@adventure-works.com,30EE44C5-6FB4-44C9-8ED6-466AA4DA3DA8,2013-08-07 00:00:00.000
12074,11269,kelli14@adventure-works.com,8A217A40-ED25-4C43-A6FC-ECDC53806326,2012-10-04 00:00:00.000
12075,11270,kelli15@adventure-works.com,C80C5B6D-144C-47B7-8739-8FA3BF00C015,2011-11-07 00:00:00.000
12076,11271,jessica47@adventure-works.com,F307C583-4304-4281-9EAF-930B12F687B4,2014-03-03 00:00:00.000
12077,11272,kelli16@adventure-works.com,C6318F63-2FC7-4594-B8D1-DBE23FD97D71,2011-10-20 00:00:00.000
12078,11273,jessica48@adventure-works.com,DDA5857A-7FA7-47CF-8570-966CD32FFFAE,2012-06-09 00:00:00.000
12079,11274,jake22@adventure-works.com,CE463957-E1E0-4EA9-B68D-798957834CEF,2011-08-02 00:00:00.000
12080,11275,kelli17@adventure-works.com,F347D982-B9E6-4A60-BB5A-F42BD6E749CC,2014-03-04 00:00:00.000
12081,11276,jessica49@adventure-works.com,F379C0DC-7C5E-44A6-946F-59C058524C8A,2013-12-28 00:00:00.000
12082,11277,kelli18@adventure-works.com,740A8AA1-C59A-4FED-93B0-AD6A2601A686,2014-04-26 00:00:00.000
12083,11278,jessica50@adventure-works.com,11B95F59-291B-4699-B7D4-42CE8CA02628,2014-06-22 00:00:00.000
12084,11279,kelli19@adventure-works.com,3AEED415-4A05-4EF1-940B-D7DC93E09D2F,2013-08-11 00:00:00.000
12085,11280,jessica51@adventure-works.com,21349BFA-D10D-494C-9357-245599AECF76,2012-03-22 00:00:00.000
12086,11281,jessica52@adventure-works.com,A2A45F3F-9EF6-44C6-84C9-FEBBDE143DF5,2011-09-16 00:00:00.000
12087,11282,kelli20@adventure-works.com,8EF5A700-755D-4CE6-A74D-F5819CB3FF8A,2012-10-15 00:00:00.000
12088,11283,kelli21@adventure-works.com,BB84E4D0-1308-4C32-A5A9-4E2CA7C70E34,2013-04-09 00:00:00.000
12089,11284,jessica53@adventure-works.com,F92F8AB0-3FD9-4D65-B277-2BA1D4AB187C,2014-04-12 00:00:00.000
12090,11285,jessica54@adventure-works.com,3C48B9B9-28BE-43B5-8FAD-9DACA91B0EE1,2014-03-19 00:00:00.000
12091,11286,kelli22@adventure-works.com,DE5277E9-3918-4190-8B75-BA89F4CF0E9D,2014-02-06 00:00:00.000
12092,11287,kelli23@adventure-works.com,F2422133-BD26-476B-BEC4-5DAD03BF33E6,2012-08-29 00:00:00.000
12093,11288,jessica55@adventure-works.com,BF71C98D-30EC-4DF1-A15D-75B56FF49E98,2013-11-18 00:00:00.000
12094,11289,kelli24@adventure-works.com,2EE2366E-340F-43FF-BEA3-C2EA202AF268,2013-08-04 00:00:00.000
12095,11290,jessica56@adventure-works.com,96A0C66C-AA6E-4501-BFEF-CD52FCFB3725,2013-11-06 00:00:00.000
12096,11291,jessica57@adventure-works.com,B3D19816-AE8D-443D-BC2B-FD832E93CE87,2014-05-02 00:00:00.000
12097,11292,warren29@adventure-works.com,356697D2-EE5C-427D-8081-76B99105B035,2013-09-21 00:00:00.000
12098,11293,kelli25@adventure-works.com,9AFDC592-5266-401A-9836-D51B00CF9150,2014-06-16 00:00:00.000
12099,11294,jessica58@adventure-works.com,8A9A526B-7D10-4C95-A4F8-C4EF44A6F726,2013-07-03 00:00:00.000
12100,11295,jessica59@adventure-works.com,CE34A961-1783-4A59-8C5F-3220BD905484,2013-09-27 00:00:00.000
12101,11296,jessica60@adventure-works.com,3F0F0CB7-CDFD-49F0-9466-F242A9C06F84,2014-01-02 00:00:00.000
12102,11297,kelli26@adventure-works.com,2389E5DF-B340-4044-BBFE-A9BCF58DD38E,2012-04-24 00:00:00.000
12103,11298,jessica61@adventure-works.com,7E6A5EDD-1D39-4961-895D-0E03C21D7004,2014-06-23 00:00:00.000
12104,11299,kelli27@adventure-works.com,71E4C992-30B1-4EE5-B999-F4AB8DF375B0,2013-11-04 00:00:00.000
12105,11300,jessica62@adventure-works.com,66B9DAA6-7C3E-4E83-858F-2FDDD783682A,2012-03-09 00:00:00.000
12106,11301,kelli28@adventure-works.com,A348E40B-3C3D-492A-A156-25E5A5ED9261,2014-02-05 00:00:00.000
12107,11302,jessica63@adventure-works.com,2F30FB43-20F2-43EA-809E-BBE212CCB04E,2013-11-02 00:00:00.000
12108,11303,kelli29@adventure-works.com,56B02C30-BEFA-4137-BC7A-D87E517690BD,2014-03-22 00:00:00.000
12109,11304,jessica64@adventure-works.com,B7BAC28F-328B-484E-A3C9-E5D159FEDFBE,2014-04-09 00:00:00.000
12110,11305,jessica65@adventure-works.com,97836421-7E8D-4682-A438-932E077E256B,2012-11-01 00:00:00.000
12111,11306,jessica66@adventure-works.com,59EE009C-83D2-470F-BB50-50854728205C,2014-05-10 00:00:00.000
12112,11307,jessica67@adventure-works.com,D68570F1-ADAC-47CD-88C2-F947426AFE8C,2011-10-08 00:00:00.000
12113,11308,kelli30@adventure-works.com,6EA0D38B-FA89-47F6-BD75-5476B781CAD9,2012-01-11 00:00:00.000
12114,11309,kelli31@adventure-works.com,14B1C09C-95E7-479F-A4E4-6B651F21ADA8,2012-06-25 00:00:00.000
12115,11310,jessica68@adventure-works.com,E9F0067D-AF23-42D7-980C-1AFF4ED6FB8D,2013-04-30 00:00:00.000
12116,11311,jessica69@adventure-works.com,D9278332-A79A-44C9-816C-AEE79FE108CE,2011-07-24 00:00:00.000
12117,11312,jessica70@adventure-works.com,E5FD8DAB-76E5-4F13-AD60-4085F106179D,2014-02-02 00:00:00.000
12118,11313,kelli32@adventure-works.com,C7663844-4CA4-4134-8A7C-656B93B787A3,2014-03-28 00:00:00.000
12119,11314,jessica71@adventure-works.com,1AAF494C-9E91-412B-847B-5840A1575DBA,2012-04-19 00:00:00.000
12120,11315,kelli33@adventure-works.com,BAB22624-B1FD-4A23-B7DF-634ED3EC70AB,2013-09-28 00:00:00.000
12121,11316,jessica72@adventure-works.com,3F37D446-082D-4D79-80DE-3ABC13CDC58E,2014-04-07 00:00:00.000
12122,11317,warren30@adventure-works.com,EA0B5E2D-C315-41D1-BBD3-81FDC0CC29D8,2013-12-20 00:00:00.000
12123,11318,kelli34@adventure-works.com,D08C579D-CB79-4051-8703-53B6F9650385,2014-02-24 00:00:00.000
12124,11319,taylor47@adventure-works.com,D47AFD61-1E3E-48D3-ADC2-59109C20228C,2013-07-31 00:00:00.000
12125,11320,kelli35@adventure-works.com,3607FEBC-D698-4194-97C8-16661D1ED658,2013-10-31 00:00:00.000
12126,11321,kelli36@adventure-works.com,C922D898-5C18-4173-AD54-E7EFDBBF396E,2014-05-09 00:00:00.000
12127,11322,kelli37@adventure-works.com,F433910B-8889-48CE-B45F-2FB799D3D67C,2013-06-04 00:00:00.000
12128,11323,kelli38@adventure-works.com,9C7B9DF3-5C68-4CCF-9EE3-8475F03C71FB,2012-11-26 00:00:00.000
12129,11324,taylor48@adventure-works.com,8EE07E55-5787-41D9-8BC9-6EA3B931D55A,2014-04-30 00:00:00.000
12130,11325,taylor49@adventure-works.com,2DBDA352-62D6-48ED-9E7B-ED8DE7919D89,2012-08-05 00:00:00.000
12131,11326,kelli39@adventure-works.com,894E62BB-600F-4000-9E57-80C622409F07,2013-11-11 00:00:00.000
12132,11327,taylor50@adventure-works.com,4C800981-0C28-45A7-A144-F2BFFD128EFF,2014-05-10 00:00:00.000
12133,11328,taylor51@adventure-works.com,7033E44F-6318-4EED-B561-C8F1AFF848EA,2014-02-04 00:00:00.000
12134,11329,kelli40@adventure-works.com,673155E8-6538-4A2D-A1A7-E76A02408438,2013-09-09 00:00:00.000
12135,11330,taylor52@adventure-works.com,F35BF5A1-1045-4E4F-85B1-6BA427EA0D48,2011-08-06 00:00:00.000
12136,11331,kelli41@adventure-works.com,2F58A7E5-BCCB-4AA4-91A9-984432F60CBD,2014-03-07 00:00:00.000
12137,11332,taylor53@adventure-works.com,C73DC46D-F9DB-452A-BA67-A471A228F515,2014-03-12 00:00:00.000
12138,11333,kelli42@adventure-works.com,6E9E63F2-31D6-4357-A515-B59B5A83F5ED,2013-08-05 00:00:00.000
12139,11334,taylor54@adventure-works.com,6DEED8FA-1593-4F2E-9B0A-649B11FEBF68,2014-02-21 00:00:00.000
12140,11335,kelli43@adventure-works.com,E6FBDE17-A1C0-431A-8580-5918492F00A0,2013-12-20 00:00:00.000
12141,11336,taylor55@adventure-works.com,5306699E-D6AB-4E2F-B33D-2D7CB1E04A73,2011-12-06 00:00:00.000
12142,11337,kelli44@adventure-works.com,E528DBF6-53D8-4933-8882-CB42647B075C,2012-11-14 00:00:00.000
12143,11338,taylor56@adventure-works.com,4D5A27BA-ACB7-4A47-BAC3-C0BB67A5DA94,2013-12-12 00:00:00.000
12144,11339,taylor57@adventure-works.com,178B525A-D5D7-4FE9-B528-2521190E9D56,2013-02-28 00:00:00.000
12145,11340,kelli45@adventure-works.com,937C603C-0F59-4245-AE8D-1B89D0DBB3E6,2012-04-18 00:00:00.000
12146,11341,taylor58@adventure-works.com,35579FD6-80AF-4EED-AB63-44C9517BB83A,2011-12-06 00:00:00.000
12147,11342,dawn1@adventure-works.com,5C92DF22-947C-4CB6-992F-014254ECC9BF,2014-01-18 00:00:00.000
12148,11343,taylor59@adventure-works.com,227DF4E9-1634-4BB7-91C1-BC897B380576,2014-06-01 00:00:00.000
12149,11344,taylor60@adventure-works.com,2E9DED8D-005D-48D6-B5C4-8FF34620AD14,2012-12-20 00:00:00.000
12150,11345,dawn2@adventure-works.com,0BDDE032-C96C-44B8-924A-213B764F76A1,2013-08-31 00:00:00.000
12151,11346,taylor61@adventure-works.com,88016E46-C3EF-4F06-BE84-DF9D9D3A4878,2013-07-06 00:00:00.000
12152,11347,dawn3@adventure-works.com,048D3D37-5D42-4773-9EDC-AD5775E98CA1,2013-05-18 00:00:00.000
12153,11348,taylor62@adventure-works.com,C9C118AA-9D98-4026-9B73-AEA4E0B6810C,2014-06-10 00:00:00.000
12154,11349,dawn4@adventure-works.com,8B4D3C78-E3AB-45EF-BC0B-4C2CECDBE628,2013-07-23 00:00:00.000
12155,11350,taylor63@adventure-works.com,29DADF11-3FF9-45BC-B285-BED4D66A97B2,2012-02-29 00:00:00.000
12156,11351,dawn5@adventure-works.com,615A4F03-27ED-4CA4-8812-41477F300F75,2014-02-13 00:00:00.000
12157,11352,taylor64@adventure-works.com,929189A3-9722-43D0-9EF8-1B87450FB885,2014-01-29 00:00:00.000
12158,11353,dawn6@adventure-works.com,2185B99C-17A9-460A-8536-CD068DAAA73C,2014-03-10 00:00:00.000
12159,11354,taylor65@adventure-works.com,FB3F3B1A-A5F2-4839-9C2F-B36F3158EB19,2014-03-26 00:00:00.000
12160,11355,dawn7@adventure-works.com,280B1C88-C2BD-4CB5-A4D7-E95522D998BE,2012-03-19 00:00:00.000
12161,11356,dawn8@adventure-works.com,C8E045CC-AE37-48C8-B15F-D07A5FD098B0,2012-04-15 00:00:00.000
12162,11357,dawn9@adventure-works.com,D548291B-D7F1-45C6-AE71-0713670E12BF,2014-05-11 00:00:00.000
12163,11358,dawn10@adventure-works.com,57A0A67A-4184-416B-893E-F145C331DE2D,2014-01-27 00:00:00.000
12164,11359,taylor66@adventure-works.com,4C0C2DDC-336F-48FE-AA67-8C6EE34B18C6,2014-02-10 00:00:00.000
12165,11360,dawn11@adventure-works.com,A6A487F4-8426-4E92-91B6-82F0A667F981,2014-04-08 00:00:00.000
12166,11361,taylor67@adventure-works.com,24602BEE-663D-4C76-952B-144998F2833F,2012-02-25 00:00:00.000
12167,11362,taylor68@adventure-works.com,92868156-F3AC-42D3-A095-2C6717C7A06B,2012-07-13 00:00:00.000
12168,11363,taylor69@adventure-works.com,FCCC6077-385D-4A75-85AF-D9901DA7B7AE,2014-06-16 00:00:00.000
12169,11364,dawn12@adventure-works.com,C7A189CF-33D3-4D76-91D8-4C3D4729A139,2013-10-14 00:00:00.000
12170,11365,taylor70@adventure-works.com,3C8FD51E-F0DB-4899-BB26-2B07B240ED5D,2013-11-11 00:00:00.000
12171,11366,dawn13@adventure-works.com,E67D1E47-5FFD-4B22-900D-404FF105D077,2014-04-20 00:00:00.000
12172,11367,dawn14@adventure-works.com,69CFE369-EFE4-46D8-B37A-426D455E3EC9,2013-05-30 00:00:00.000
12173,11368,anna62@adventure-works.com,FE9C69B1-2EA0-4CDB-9CFE-D875ED6CFDE9,2013-09-09 00:00:00.000
12174,11369,anna63@adventure-works.com,CF8B0AB9-F5D4-4EC2-8B9A-64FE08BB99BB,2011-09-18 00:00:00.000
12175,11370,anna64@adventure-works.com,D42F5CC1-6A7A-45B7-B706-D87BBFC68150,2013-09-24 00:00:00.000
12176,11371,anna65@adventure-works.com,4033C09D-E0A6-4DBD-BDD0-D12D42D608A7,2013-12-12 00:00:00.000
12177,11372,dawn15@adventure-works.com,ACF571F9-EC78-4138-922A-EA741B502438,2014-05-30 00:00:00.000
12178,11373,anna66@adventure-works.com,9527CEF1-950D-4562-B25F-7D3C6F04C972,2014-04-24 00:00:00.000
12179,11374,anna67@adventure-works.com,84027274-993A-4009-929E-5A5A35F13B53,2014-05-07 00:00:00.000
12180,11375,dawn16@adventure-works.com,3D496263-A875-41E9-86AB-B3B5D88B4FBA,2012-12-24 00:00:00.000
12181,11376,anna68@adventure-works.com,B9ACFDA3-5036-4742-B6F1-8BD46FE31221,2014-01-29 00:00:00.000
12182,11377,dawn17@adventure-works.com,313885DB-0CF9-4F9F-9F86-24F38DE861C5,2014-06-05 00:00:00.000
12183,11378,anna69@adventure-works.com,068A1C20-5531-4B59-82A6-FD0CBAFF3F47,2014-01-24 00:00:00.000
12184,11379,damien24@adventure-works.com,DB19D9F1-FAAA-4FF9-9555-AA9354229DD6,2013-09-19 00:00:00.000
12185,11380,warren31@adventure-works.com,37D9B857-31EA-4EE0-ABC2-7D6BBE8DCDA3,2012-11-20 00:00:00.000
12186,11381,dawn18@adventure-works.com,71058253-2187-44D6-B5EE-3DE393A455E3,2014-01-11 00:00:00.000
12187,11382,anna70@adventure-works.com,E8C642A5-A9CB-43E7-90BA-C593B2725BCB,2014-01-02 00:00:00.000
12188,11383,juha-pekka0@adventure-works.com,9DEED50C-13C8-48CE-966E-45D723BCC353,2014-04-24 00:00:00.000
12189,11384,dawn19@adventure-works.com,9960C22D-91E8-46D5-BE22-ECD0A44BBCC8,2014-05-19 00:00:00.000
12190,11385,abigail64@adventure-works.com,B6D55B6B-F403-40F6-BA60-A32C1F056273,2013-09-26 00:00:00.000
12191,11386,abigail65@adventure-works.com,FF4E7422-271B-4A0A-8B89-DE5BDD0F4C32,2014-01-28 00:00:00.000
12192,11387,dawn20@adventure-works.com,AE59E09F-197C-4775-9DF3-6277965A3402,2013-04-08 00:00:00.000
12193,11388,abigail66@adventure-works.com,A421C6E8-5B71-4A61-90CB-28A0A70744F8,2013-09-03 00:00:00.000
12194,11389,dawn21@adventure-works.com,CD41E5D6-090A-4A46-998B-7F47BB6E059C,2014-03-26 00:00:00.000
12195,11390,arthur45@adventure-works.com,D0220372-249A-414D-A374-717AAC19E2B3,2012-02-11 00:00:00.000
12196,11391,gail4@adventure-works.com,AF835508-311B-46D2-99E3-6B28AB039864,2014-01-02 00:00:00.000
12197,11392,dawn22@adventure-works.com,81432307-F564-49BA-8439-8B63EE521B47,2013-11-09 00:00:00.000
12198,11393,abigail67@adventure-works.com,EC0A7947-8AE8-4E99-B745-A1C4624F3302,2014-04-09 00:00:00.000
12199,11394,abigail68@adventure-works.com,70631778-0A36-41E0-85AD-E6CC95D4422A,2012-04-02 00:00:00.000
12200,11395,dawn23@adventure-works.com,5181AF4A-B53D-4516-BB6C-4B289818E574,2014-02-27 00:00:00.000
12201,11396,dawn24@adventure-works.com,E7962FFA-CA2A-4B34-9195-8524660D3D08,2014-05-02 00:00:00.000
12202,11397,abigail69@adventure-works.com,E09273A5-8082-42D2-ADF3-0EB7B824AF03,2014-04-17 00:00:00.000
12203,11398,dawn25@adventure-works.com,24851FBE-2BBE-421B-BFFB-45BCF2D8C4E8,2014-01-29 00:00:00.000
12204,11399,warren32@adventure-works.com,BB647A60-8913-4B34-B336-43AD82C8015A,2013-11-27 00:00:00.000
12205,11400,dawn26@adventure-works.com,E4CE6619-4BC7-4CB9-8DE9-F7329DF75B88,2011-12-04 00:00:00.000
12206,11401,dawn27@adventure-works.com,523D55A4-D336-4296-B4C2-0B66532DC9E0,2013-07-08 00:00:00.000
12207,11402,dawn28@adventure-works.com,58E487FE-FDD2-4A26-BB0D-2AAD1734E2B9,2011-06-26 00:00:00.000
12208,11403,gail5@adventure-works.com,C0EDB724-2EE8-4021-A342-09AB497878D1,2013-10-17 00:00:00.000
12209,11404,dawn29@adventure-works.com,CD4641E5-6F9C-446D-8D4F-A017143E5F41,2014-06-02 00:00:00.000
12210,11405,gail6@adventure-works.com,501FF271-E84C-4A73-948C-922D6963089B,2013-11-06 00:00:00.000
12211,11406,dawn30@adventure-works.com,6A36F99C-A32E-4FDD-8D19-CCED62422F9C,2014-04-01 00:00:00.000
12212,11407,gail7@adventure-works.com,EFC42018-6FD0-4987-945B-F845D980F540,2012-08-12 00:00:00.000
12213,11408,abigail70@adventure-works.com,F6E07C64-4B54-479D-A55E-BDF179FA28D4,2014-02-18 00:00:00.000
12214,11409,roger4@adventure-works.com,E685C0DA-6120-4844-A2FF-D31FFCDDA731,2013-12-29 00:00:00.000
12215,11410,dawn31@adventure-works.com,30E4EA8C-9B84-4C5F-8D2C-3DE9B2E385EA,2013-08-03 00:00:00.000
12216,11411,emily0@adventure-works.com,D304F468-0789-472C-A992-4F6255B0EB9C,2014-02-04 00:00:00.000
12217,11412,dawn32@adventure-works.com,D0EF0A3C-AB1A-4406-BDD8-33504519EBA5,2012-02-03 00:00:00.000
12218,11413,dawn33@adventure-works.com,6B350098-0B12-4B48-B384-5EE2C8745128,2013-10-24 00:00:00.000
12219,11414,emily1@adventure-works.com,D7753DA4-A3AE-4C54-A5D7-7D0C2067BD6A,2014-05-08 00:00:00.000
12220,11415,dawn34@adventure-works.com,25C6FEE8-80AA-493B-8C9F-96AFCBD7C1BF,2014-04-28 00:00:00.000
12221,11416,emily2@adventure-works.com,4377FB40-B2CA-48F7-A3D2-A4D6E950A08A,2014-03-30 00:00:00.000
12222,11417,emily3@adventure-works.com,B4E45351-C80B-4C04-A271-AA97F680A5A7,2011-07-05 00:00:00.000
12223,11418,warren33@adventure-works.com,25249BCD-177B-4495-A5A8-C5A510DF82D1,2013-12-21 00:00:00.000
12224,11419,dawn35@adventure-works.com,1DED1C01-0750-44D9-91EA-3B4632C2AF01,2013-08-07 00:00:00.000
12225,11420,emily4@adventure-works.com,D24B1489-06BB-4754-996A-ABC0ED757B47,2013-09-20 00:00:00.000
12226,11421,dawn36@adventure-works.com,F92F2054-7A3E-4726-89EA-1C57338A4F68,2014-05-05 00:00:00.000
12227,11422,dawn37@adventure-works.com,BDA8DA1E-6887-4FB9-9EA9-07DABBA6D8B1,2014-03-07 00:00:00.000
12228,11423,dawn38@adventure-works.com,2655FE91-D13D-4298-B148-DEE03E758318,2014-05-03 00:00:00.000
12229,11424,emily5@adventure-works.com,C457DD6D-B591-4EB6-BD2E-522933D69EF3,2013-01-14 00:00:00.000
12230,11425,emily6@adventure-works.com,3BC342A3-918B-4AA0-88B2-567B7EE0D04C,2011-08-21 00:00:00.000
12231,11426,emily7@adventure-works.com,CCA0CB5F-4F83-49D5-8E18-D76CDB8099EB,2014-02-11 00:00:00.000
12232,11427,dawn39@adventure-works.com,877B15B8-E9D4-44EC-BB7F-D69E75F50E7F,2013-07-04 00:00:00.000
12233,11428,dawn40@adventure-works.com,4F7F3389-6CF7-4095-A6C9-4A0D61488E16,2013-07-03 00:00:00.000
12234,11429,emily8@adventure-works.com,8F08FB86-8768-4555-B4B7-9B68187898DC,2014-02-18 00:00:00.000
12235,11430,dawn41@adventure-works.com,B9376F4F-A677-40BD-B1FE-E0B20A584820,2012-08-17 00:00:00.000
12236,11431,emily9@adventure-works.com,134BC4A7-579E-4887-9618-847698299308,2013-08-19 00:00:00.000
12237,11432,dawn42@adventure-works.com,D0E2D1CF-CA62-41C5-A394-44FF184CCEC5,2011-12-10 00:00:00.000
12238,11433,dawn43@adventure-works.com,185FFC39-D08E-4D0E-A29B-4360B6DF7B84,2014-01-13 00:00:00.000
12239,11434,emily10@adventure-works.com,1F934E4F-12CD-4BD6-9331-D82F66A68147,2013-08-10 00:00:00.000
12240,11435,warren34@adventure-works.com,B45A0A5D-8CB7-4F27-B2C0-64CB388F71B8,2012-11-11 00:00:00.000
12241,11436,dawn44@adventure-works.com,843A412C-C040-484A-AA10-149C8C78E6F1,2014-03-31 00:00:00.000
12242,11437,emily11@adventure-works.com,D63A0AED-8946-4711-B2A8-BEEF5D54EA7A,2014-03-28 00:00:00.000
12243,11438,emily12@adventure-works.com,276FBA78-FBBB-40A4-8727-CE2BBC52D4D8,2013-06-09 00:00:00.000
12244,11439,dawn45@adventure-works.com,9CCD25A3-3B28-49F3-B604-52EE1FE7B9A9,2012-03-19 00:00:00.000
12245,11440,emily13@adventure-works.com,642381D5-2026-40D8-8E64-CBD818C6BC8C,2014-01-18 00:00:00.000
12246,11441,emily14@adventure-works.com,E6312D98-1843-46E1-BB0B-0329014486B8,2013-09-28 00:00:00.000
12247,11442,colleen0@adventure-works.com,6B4BC72C-9CC3-4292-833D-1745BEE1A3BD,2012-09-22 00:00:00.000
12248,11443,emily15@adventure-works.com,F1A1E5B2-4C63-4A03-B8E5-909B80C5730A,2012-10-29 00:00:00.000
12249,11444,emily16@adventure-works.com,44EFD24A-2819-4241-AA0A-40CD0E14F7ED,2012-12-06 00:00:00.000
12250,11445,colleen1@adventure-works.com,DC92C9FD-276A-474A-9F9D-B275BA788BCF,2012-11-29 00:00:00.000
12251,11446,emily17@adventure-works.com,848550AF-A16F-44BE-9D50-B52001928066,2014-02-05 00:00:00.000
12252,11447,emily18@adventure-works.com,9BEC6507-9E5B-42ED-81E5-AE944570854D,2014-02-07 00:00:00.000
12253,11448,emily19@adventure-works.com,3871687A-0912-4892-893C-327FAD72E945,2013-07-22 00:00:00.000
12254,11449,colleen2@adventure-works.com,097A118E-9B02-407A-8B03-9B49F76DDDF6,2013-11-10 00:00:00.000
12255,11450,emily20@adventure-works.com,76E024BF-1353-4BFD-8FC7-C369906EC422,2013-10-14 00:00:00.000
12256,11451,colleen3@adventure-works.com,7E1168DE-F96E-4C23-B035-5BB57E3548CE,2013-05-15 00:00:00.000
12257,11452,colleen4@adventure-works.com,1F60587E-4F93-4F84-A10E-E06678F91590,2013-07-09 00:00:00.000
12258,11453,colleen5@adventure-works.com,976444AB-BFFB-4083-A00F-62265A47338B,2013-07-13 00:00:00.000
12259,11454,emily21@adventure-works.com,3AD09264-A892-44C0-908E-54AFC2F564F6,2013-05-26 00:00:00.000
12260,11455,colleen6@adventure-works.com,BD37D851-2111-4893-8F76-A0C26A398E95,2012-07-16 00:00:00.000
12261,11456,emily22@adventure-works.com,523B4E5D-CE0D-4AE6-8002-299B3E8DBCB9,2014-01-27 00:00:00.000
12262,11457,emily23@adventure-works.com,01DD1861-644C-45F8-9ADA-3EEBDD19EE0F,2014-05-05 00:00:00.000
12263,11458,emily24@adventure-works.com,D10E8511-545F-4E6B-9BD7-55C8F7FA2B02,2013-11-15 00:00:00.000
12264,11459,warren35@adventure-works.com,B492C076-3649-4F63-B191-82FB41BAFB8C,2013-05-28 00:00:00.000
12265,11460,colleen7@adventure-works.com,D31DCFA1-A513-4D3C-87CA-949E6AE7868B,2013-08-10 00:00:00.000
12266,11461,colleen8@adventure-works.com,A097B6B2-760E-428E-AE12-A023B2E86F4E,2014-01-07 00:00:00.000
12267,11462,hannah1@adventure-works.com,465503A8-264C-4C3D-AF12-AF0E57768258,2013-08-19 00:00:00.000
12268,11463,colleen9@adventure-works.com,E4020A66-56CE-4CAA-AD5F-88202DC1ED72,2013-12-30 00:00:00.000
12269,11464,hannah2@adventure-works.com,B991B82A-618E-48CA-859D-0B916A22F5D8,2014-06-21 00:00:00.000
12270,11465,hannah3@adventure-works.com,DE2E00A3-B10F-427F-87E7-2F2644E3D32A,2014-05-01 00:00:00.000
12271,11466,colleen10@adventure-works.com,E04FF850-C7B6-4E27-A45A-EF5D9871F00D,2012-07-23 00:00:00.000
12272,11467,hannah4@adventure-works.com,03FAB9AF-B170-4353-A3A0-30E7A0B6450C,2014-06-06 00:00:00.000
12273,11468,hannah5@adventure-works.com,17634B60-7A5C-4C36-A7C0-ED92576D6230,2014-03-26 00:00:00.000
12274,11469,hannah6@adventure-works.com,DCD66A65-7E3B-4503-BFFA-8DDBFEE0CDBF,2014-01-05 00:00:00.000
12275,11470,colleen11@adventure-works.com,A3746564-ECEF-43BE-AD4A-3C490F8C7924,2013-12-19 00:00:00.000
12276,11471,colleen12@adventure-works.com,DDA0D830-066E-4510-A27A-476975745C80,2013-08-01 00:00:00.000
12277,11472,colleen13@adventure-works.com,13D36CA1-662D-480F-8C5F-4693FC866419,2013-08-20 00:00:00.000
12278,11473,hannah7@adventure-works.com,9AFE97C8-5671-438B-B5FE-B4539726B9EA,2014-04-28 00:00:00.000
12279,11474,colleen14@adventure-works.com,DB9C5911-1D95-4B92-9F3B-DBC18C55E6B4,2013-11-30 00:00:00.000
12280,11475,hannah8@adventure-works.com,C0F6801C-EA20-4668-AAA9-434DD5F52434,2012-07-25 00:00:00.000
12281,11476,colleen15@adventure-works.com,467BE9D3-FC8D-48F3-B8F5-59500D460F7F,2013-11-08 00:00:00.000
12282,11477,warren36@adventure-works.com,099D555A-DE7D-4011-92FA-0342C86FC0E6,2014-05-12 00:00:00.000
12283,11478,colleen16@adventure-works.com,C99BB646-DA14-4B35-BC27-B939ABEC303C,2013-05-27 00:00:00.000
12284,11479,colleen17@adventure-works.com,5D7FE9DE-08A4-4059-B429-F82D9C8A792E,2013-08-26 00:00:00.000
12285,11480,colleen18@adventure-works.com,EDCC3ED7-0FDA-4ECC-8D88-5E6404F6379A,2014-04-08 00:00:00.000
12286,11481,hannah9@adventure-works.com,DCD18275-C5C4-4722-80F9-7D8721FCF3BB,2013-07-24 00:00:00.000
12287,11482,hannah10@adventure-works.com,CEE21AC6-EF80-45D8-BD73-0E02A913BF94,2013-10-28 00:00:00.000
12288,11483,hannah11@adventure-works.com,BAD5FA3F-BB8F-43A8-81A4-272A0DA473A1,2014-01-02 00:00:00.000
12289,11484,carol18@adventure-works.com,7EEEE046-6E84-4BA2-B491-9247F14B10AC,2014-03-08 00:00:00.000
12290,11485,colleen19@adventure-works.com,CC25ABF2-FBD9-4F7A-8371-1703885C3EB5,2012-03-19 00:00:00.000
12291,11486,colleen20@adventure-works.com,1ACEBCE7-6315-444F-AB5E-EF71DA8978C2,2013-11-27 00:00:00.000
12292,11487,hannah12@adventure-works.com,59A02BEE-EB63-4BE2-9852-FD9E45FACBBC,2012-11-08 00:00:00.000
12293,11488,colleen21@adventure-works.com,62F11DE8-2AEA-4EC1-B8B5-93B1AB004EDC,2013-04-29 00:00:00.000
12294,11489,hannah13@adventure-works.com,036BD9CA-1550-4C9E-9DD4-758FBF0DDFB0,2013-11-17 00:00:00.000
12295,11490,colleen22@adventure-works.com,DB765508-02B3-415B-B075-4E0CD01F1E66,2012-02-18 00:00:00.000
12296,11491,hannah14@adventure-works.com,40FA1F89-E4AA-4B46-965B-C1F13CED814D,2014-02-10 00:00:00.000
12297,11492,hannah15@adventure-works.com,76B553F5-1159-4F33-AEE6-FAFD1254C2FC,2012-05-15 00:00:00.000
12298,11493,hannah16@adventure-works.com,C16064B6-746B-4188-9420-0CCE9FA0AF68,2011-10-13 00:00:00.000
12299,11494,colleen23@adventure-works.com,F586E245-2EFC-407C-91DC-C15F736AFA30,2013-08-07 00:00:00.000
12300,11495,colleen24@adventure-works.com,8287D226-B654-42FE-AFF7-D146E54102E7,2013-10-15 00:00:00.000
12301,11496,hannah17@adventure-works.com,37BAF1B4-04A7-4DA6-BE6B-057370BB355E,2013-07-13 00:00:00.000
12302,11497,colleen25@adventure-works.com,18A7003C-5AD5-495C-A7BA-7A91B949C5DF,2014-04-25 00:00:00.000
12303,11498,hannah18@adventure-works.com,BEEEFAF9-41C5-49B6-98C6-937ACBD71809,2012-07-12 00:00:00.000
12304,11499,hannah19@adventure-works.com,5AD911F5-7D6D-438D-A995-D1E51A59FFFB,2012-11-12 00:00:00.000
12305,11500,colleen26@adventure-works.com,EB77AA11-4F69-4198-A010-168FA9A7A3DC,2014-02-23 00:00:00.000
12306,11501,colleen27@adventure-works.com,8F87C3E6-B512-4EF5-AB27-9A299E687130,2012-07-13 00:00:00.000
12307,11502,colleen28@adventure-works.com,FA50462D-F7DC-4D36-8187-CF4D27C0F311,2013-08-25 00:00:00.000
12308,11503,hannah20@adventure-works.com,D0AFE9F0-6643-4678-B970-520463FEEEF8,2014-04-10 00:00:00.000
12309,11504,colleen29@adventure-works.com,EE3307CB-9CD9-4389-BDEA-9971C9355044,2013-12-17 00:00:00.000
12310,11505,hannah21@adventure-works.com,AD48875A-2017-4BCD-AC5F-4312094E0BC0,2013-08-19 00:00:00.000
12311,11506,hannah22@adventure-works.com,058D1E51-9128-475A-9C06-C476F0467E4D,2013-11-28 00:00:00.000
12312,11507,colleen30@adventure-works.com,2217D527-0BCF-492B-AE20-F7E2099F98B4,2013-03-07 00:00:00.000
12313,11508,madison0@adventure-works.com,09DB10D1-C340-426B-9FFE-7BB25A0E2B6C,2013-09-03 00:00:00.000
12314,11509,madison1@adventure-works.com,68457870-01BE-40EA-9C9D-13BCB2B25F6A,2014-05-18 00:00:00.000
12315,11510,madison2@adventure-works.com,9D8CFA5D-3EC8-4223-805B-482A3607672B,2014-03-03 00:00:00.000
12316,11511,colleen31@adventure-works.com,B6F9A3D7-09B3-4CA3-B908-6F48F31D4AB7,2014-04-14 00:00:00.000
12317,11512,madison3@adventure-works.com,0F3D8E07-2F5C-4329-A76B-075BD848C9E5,2012-05-03 00:00:00.000
12318,11513,madison4@adventure-works.com,C8B85592-B847-4A36-9510-399376312554,2014-04-16 00:00:00.000
12319,11514,colleen32@adventure-works.com,C45D2EFE-A2D3-496B-A947-3070A9922BC6,2013-10-12 00:00:00.000
12320,11515,madison5@adventure-works.com,4C55260E-393A-4989-8F61-A41CB1A96AF2,2014-06-13 00:00:00.000
12321,11516,madison6@adventure-works.com,5819BD40-E39D-41FD-B012-718E1809EF9C,2013-08-05 00:00:00.000
12322,11517,madison7@adventure-works.com,5B0D11F4-96E1-444E-B822-345653E216CA,2014-01-19 00:00:00.000
12323,11518,colleen33@adventure-works.com,F887FF10-4579-4AAB-B3AC-A5BD8317AE5F,2014-01-12 00:00:00.000
12324,11519,colleen34@adventure-works.com,FCC87049-2EAA-4FF0-94A2-2934968BE947,2013-03-29 00:00:00.000
12325,11520,madison8@adventure-works.com,9C5BFE1A-C51D-42B2-9E8F-58B945A24428,2014-03-05 00:00:00.000
12326,11521,madison9@adventure-works.com,558D53A2-D4D6-4F2D-B8C2-7DD161F095B8,2013-07-28 00:00:00.000
12327,11522,madison10@adventure-works.com,DA60F20C-860B-4383-A500-50FD5A5EB261,2013-12-07 00:00:00.000
12328,11523,warren37@adventure-works.com,77F9F74E-FDD0-45FA-96FF-5FB2816CCDAF,2014-01-03 00:00:00.000
12329,11524,colleen35@adventure-works.com,04E462A7-439F-499D-9CB8-426B5425A5EB,2013-07-04 00:00:00.000
12330,11525,madison11@adventure-works.com,D2CF1EC8-9C46-4B1F-87E4-E19AC6AB2BAD,2014-05-02 00:00:00.000
12331,11526,madison12@adventure-works.com,FF4C23CF-936D-4472-9497-E8EF2B9ED91A,2013-09-13 00:00:00.000
12332,11527,madison13@adventure-works.com,E0556E42-A363-43D9-BFC8-28CCA7908440,2013-11-19 00:00:00.000
12333,11528,colleen36@adventure-works.com,58F5994B-4033-4547-9C60-A97EF1F29A76,2012-07-11 00:00:00.000
12334,11529,colleen37@adventure-works.com,60F3295A-B683-4577-B1A5-049F6DC115C6,2011-12-11 00:00:00.000
12335,11530,colleen38@adventure-works.com,4AF773F6-E8E1-4B33-92F1-1542EB050C2A,2011-07-08 00:00:00.000
12336,11531,madison14@adventure-works.com,4CC34B38-3CF5-4310-8B0A-D33DF05D3CF1,2014-04-02 00:00:00.000
12337,11532,madison15@adventure-works.com,63109F8D-7B93-4F46-B52C-D287C0B44898,2013-07-03 00:00:00.000
12338,11533,madison16@adventure-works.com,F01ED580-BE46-4450-9FF4-FD858C675C0F,2014-04-23 00:00:00.000
12339,11534,colleen39@adventure-works.com,BE53CD6B-5244-4B22-8B81-B91963A6EC7F,2012-09-10 00:00:00.000
12340,11535,colleen40@adventure-works.com,D218D688-635C-4785-BAB3-18D34B89D81B,2014-03-24 00:00:00.000
12341,11536,colleen41@adventure-works.com,EB451D57-DB75-4C13-B4E7-BF8FD396F921,2013-12-11 00:00:00.000
12342,11537,madison17@adventure-works.com,BC4BDB14-0D04-4D7B-AF05-E64E1F538A18,2014-02-14 00:00:00.000
12343,11538,madison18@adventure-works.com,7796BEFC-062D-42FC-A82A-144682327A28,2013-12-03 00:00:00.000
12344,11539,madison19@adventure-works.com,058A1876-B3E7-4C01-9428-5FBA38C01E12,2014-03-08 00:00:00.000
12345,11540,colleen42@adventure-works.com,020F1475-89D1-4D10-A255-0DC70E94ADC0,2012-08-09 00:00:00.000
12346,11541,madison20@adventure-works.com,AAB12F28-CA10-4462-A3C6-FAAD194FDD83,2013-01-19 00:00:00.000
12347,11542,warren38@adventure-works.com,1D8266C0-2004-431C-9CAE-8A1D00465DC3,2013-08-11 00:00:00.000
12348,11543,colleen43@adventure-works.com,B33B08D4-F53A-45A1-A10C-685246BE2289,2013-08-07 00:00:00.000
12349,11544,madison21@adventure-works.com,94F52720-E018-4B8E-BFD7-C32489A3C415,2014-06-11 00:00:00.000
12350,11545,madison22@adventure-works.com,13D889B1-60AD-4CD6-9BAF-38637860FFD3,2013-11-22 00:00:00.000
12351,11546,colleen44@adventure-works.com,E5FC2A60-1251-4408-9143-91DE6AE68846,2014-02-15 00:00:00.000
12352,11547,colleen45@adventure-works.com,94BF93E3-E103-4BB3-A330-2825C43380FF,2013-01-28 00:00:00.000
12353,11548,madison23@adventure-works.com,BB7000BA-00CA-4005-B685-E2B0CEBF63B6,2013-07-12 00:00:00.000
12354,11549,lacey12@adventure-works.com,354715C2-D07A-482A-9D2A-6DA8CFF1877D,2013-01-12 00:00:00.000
12355,11550,lacey13@adventure-works.com,12FF3A08-BF7B-4CFB-B8AA-CC81F838E372,2013-03-07 00:00:00.000
12356,11551,madison24@adventure-works.com,543535E6-06BD-4D9D-AA60-B3D90FAAB4F1,2013-10-28 00:00:00.000
12357,11552,samantha2@adventure-works.com,FE101038-9771-4812-BA79-94935489535A,2014-05-14 00:00:00.000
12358,11553,lacey14@adventure-works.com,5D41A1C5-74C8-4C9C-B4E8-B2D1207ACBC7,2014-01-20 00:00:00.000
12359,11554,lacey15@adventure-works.com,DA84EF14-DBA1-409A-8D1D-080F2AB28F96,2011-09-13 00:00:00.000
12360,11555,lacey16@adventure-works.com,17FD411E-C9A2-4832-9434-EF1670846860,2013-01-01 00:00:00.000
12361,11556,lacey17@adventure-works.com,7D78DDD6-030E-4664-920B-788F6DABB428,2013-12-02 00:00:00.000
12362,11557,samantha3@adventure-works.com,B19EA0BD-21BE-41E0-948C-BD4BFA5F2870,2014-06-26 00:00:00.000
12363,11558,lacey18@adventure-works.com,C50E90A5-964A-4A1A-B563-74415D43C674,2014-01-20 00:00:00.000
12364,11559,samantha4@adventure-works.com,EEC4AD14-960E-4511-8BA2-1D00BE257F17,2014-04-23 00:00:00.000
12365,11560,jaime46@adventure-works.com,44FEC108-4E1C-42DD-A996-04BB9A8ED4F4,2011-12-13 00:00:00.000
12366,11561,lacey19@adventure-works.com,C8D35F0B-A59F-4486-A9FF-481C9B06F344,2014-01-03 00:00:00.000
12367,11562,samantha5@adventure-works.com,CE524E74-C5EC-4842-8A7E-265EF69DB214,2013-12-31 00:00:00.000
12368,11563,lacey20@adventure-works.com,6169230C-BBC7-4707-AA29-6CD37AD17810,2013-07-12 00:00:00.000
12369,11564,lacey21@adventure-works.com,9577E243-29BF-4328-A21E-DD84D56881CC,2013-11-08 00:00:00.000
12370,11565,samantha6@adventure-works.com,E1A21B04-92F6-41AE-A267-2FEBC1B422F3,2011-09-07 00:00:00.000
12371,11566,samantha7@adventure-works.com,5E0CC449-EC87-45B4-855D-965D0E12ECEA,2011-12-22 00:00:00.000
12372,11567,lacey22@adventure-works.com,4CC7E38B-3F64-450C-9188-DDFF188A1356,2014-01-27 00:00:00.000
12373,11568,samantha8@adventure-works.com,5FA99FE9-8B75-496E-A1F3-B15C16A47C1D,2014-01-21 00:00:00.000
12374,11569,samantha9@adventure-works.com,3076DB03-CB85-4EF6-BCCC-57C745C7195A,2013-08-02 00:00:00.000
12375,11570,samantha10@adventure-works.com,2C6138AC-2B54-436A-B210-572098F532B0,2012-05-28 00:00:00.000
12376,11571,samantha11@adventure-works.com,F8B3F597-3EC3-443E-B281-D0A2C7EC182D,2014-06-19 00:00:00.000
12377,11572,samantha12@adventure-works.com,6A03100C-E1E7-4D30-87CD-8A9519CB9C36,2013-09-18 00:00:00.000
12378,11573,lacey23@adventure-works.com,AFE193BA-6327-402F-94B3-93EBCBCE49CC,2014-05-10 00:00:00.000
12379,11574,samantha13@adventure-works.com,29487C2C-2630-4647-8DAB-DBDC3529C018,2013-10-23 00:00:00.000
12380,11575,lacey24@adventure-works.com,B0C782C3-1AFE-4137-BCFC-9B2EAE28758F,2013-07-18 00:00:00.000
12381,11576,samantha14@adventure-works.com,0B6AD0A2-E987-45BB-A4DA-79D82EE9ACE8,2013-12-23 00:00:00.000
12382,11577,lacey25@adventure-works.com,8AF75999-99C4-4AEE-B5F0-066813E4611E,2014-01-09 00:00:00.000
12383,11578,samantha15@adventure-works.com,9F907F71-EF25-4C32-991E-EC860C8905C3,2014-01-23 00:00:00.000
12384,11579,lacey26@adventure-works.com,72FA5453-F6C8-4E24-BB47-1A29BD9DF863,2013-03-06 00:00:00.000
12385,11580,samantha16@adventure-works.com,5FECF293-536A-421C-A276-E1F5B57DA4B7,2013-05-09 00:00:00.000
12386,11581,lacey27@adventure-works.com,AF7EE27F-26B1-4FEB-826C-971BA47A8E7B,2012-09-26 00:00:00.000
12387,11582,joe45@adventure-works.com,793B061B-8A73-41C0-9708-24BE8B1715BC,2013-09-24 00:00:00.000
12388,11583,lacey28@adventure-works.com,BB444BA2-C463-44A7-BE1D-873B4ECE3827,2011-12-24 00:00:00.000
12389,11584,samantha17@adventure-works.com,D75F2457-8DAA-408B-AD50-4C8D262B5310,2013-10-03 00:00:00.000
12390,11585,samantha18@adventure-works.com,329B3124-083B-4DCA-9EEE-30D8ACEA134B,2014-06-19 00:00:00.000
12391,11586,lacey29@adventure-works.com,4AE71F3E-61D0-4A81-A701-6644200018E2,2013-04-25 00:00:00.000
12392,11587,lacey30@adventure-works.com,60B27836-3634-4CC4-9D25-D8655CA4F5F4,2011-07-19 00:00:00.000
12393,11588,samantha19@adventure-works.com,191FC6F9-B93D-4218-9BF6-5D0854591CFC,2013-04-25 00:00:00.000
12394,11589,lacey31@adventure-works.com,E640D067-8BBD-40B2-A975-AD0CE40A7BE1,2011-08-31 00:00:00.000
12395,11590,lacey32@adventure-works.com,0BEF670A-39B5-4B84-82B1-7024CC66345B,2013-04-06 00:00:00.000
12396,11591,lacey33@adventure-works.com,C2E9BC08-704B-4E55-BF2A-1E4EAC2C1F2D,2012-02-12 00:00:00.000
12397,11592,samantha20@adventure-works.com,C7EEB611-68FC-4E0D-8CDA-462E29939CD7,2013-07-07 00:00:00.000
12398,11593,lacey34@adventure-works.com,445976C2-F27F-420E-82AC-CCA43FFA2612,2013-09-10 00:00:00.000
12399,11594,samantha21@adventure-works.com,D84AADCB-1F4C-4812-80ED-36C03432CA8E,2013-11-22 00:00:00.000
12400,11595,lacey35@adventure-works.com,3B95790B-8075-486E-B8E7-21971B473929,2013-08-16 00:00:00.000
12401,11596,samantha22@adventure-works.com,8FAF0D87-2A67-4313-91E9-EA527CA814F9,2012-04-01 00:00:00.000
12402,11597,samantha23@adventure-works.com,1891B54F-1D70-4A25-82A8-0677D2EF29C5,2014-03-16 00:00:00.000
12403,11598,samantha24@adventure-works.com,DC43FB8A-1B9D-4EE9-BCB8-328465B72FCF,2013-08-22 00:00:00.000
12404,11599,lacey36@adventure-works.com,C1FB311F-2DA2-4F01-A502-6B05F74A2901,2014-02-25 00:00:00.000
12405,11600,samantha25@adventure-works.com,8CF94E3D-30C0-4F38-A209-9DC18347C9ED,2013-05-04 00:00:00.000
12406,11601,ashley0@adventure-works.com,2B3F9476-55C0-401D-BD10-BDB9B92655D8,2011-12-06 00:00:00.000
12407,11602,lacey37@adventure-works.com,C7FB1BE0-4AE6-4675-825A-82255AB880DB,2012-09-16 00:00:00.000
12408,11603,ashley1@adventure-works.com,DD612583-2B51-4E33-A517-E33E6311C04C,2013-03-05 00:00:00.000
12409,11604,ashley2@adventure-works.com,9947D654-728E-4B10-BC03-9A0F1CB698EF,2014-04-26 00:00:00.000
12410,11605,jaime47@adventure-works.com,B90E3318-21B0-497B-AE73-AD738356531A,2014-01-08 00:00:00.000
12411,11606,lacey38@adventure-works.com,05A893C8-1654-41F4-BDA9-691AE37F5C40,2014-03-31 00:00:00.000
12412,11607,ashley3@adventure-works.com,7ADC938F-3E6E-4857-A022-953404AD971D,2014-03-27 00:00:00.000
12413,11608,ashley4@adventure-works.com,6F91FD17-8D01-4AAF-A168-B84F7899D87E,2014-05-18 00:00:00.000
12414,11609,ashley5@adventure-works.com,8CAD28F0-D611-4652-8A2C-376B7469FCC6,2013-08-02 00:00:00.000
12415,11610,ashley6@adventure-works.com,C91C7628-2E0D-47FD-8E7D-BD00F19C15E3,2014-02-26 00:00:00.000
12416,11611,lacey39@adventure-works.com,354DB481-B028-4124-9EBE-F03276A7A7EF,2011-09-29 00:00:00.000
12417,11612,ashley7@adventure-works.com,BC13CE2C-B8DC-41BC-A8C2-FE9B790538A5,2013-12-31 00:00:00.000
12418,11613,lacey40@adventure-works.com,43B0FD68-E92F-40ED-AA88-F033CAE1DBF2,2013-03-16 00:00:00.000
12419,11614,ashley8@adventure-works.com,03ED6FB2-43EB-4D25-BA48-F170F3280834,2014-04-09 00:00:00.000
12420,11615,lacey41@adventure-works.com,E0A13DF8-3916-464A-9729-92555B4C4BE3,2012-05-30 00:00:00.000
12421,11616,ashley9@adventure-works.com,7D89DFF8-EC2C-4277-831A-F09A9F7D2388,2014-04-02 00:00:00.000
12422,11617,lacey42@adventure-works.com,57D1F02A-D9AC-4257-A9B8-3CF9FDF44216,2012-12-12 00:00:00.000
12423,11618,ashley10@adventure-works.com,C2EE0170-FD04-4F91-9F9F-D37FCBCBB9E1,2012-11-21 00:00:00.000
12424,11619,lacey43@adventure-works.com,47462BB5-9AEF-40E2-B379-6A81104AE248,2013-08-11 00:00:00.000
12425,11620,ashley11@adventure-works.com,96CFACA3-9AEE-44EA-83D7-6E0AE69EF7CE,2012-05-26 00:00:00.000
12426,11621,lacey44@adventure-works.com,60401955-5848-4C40-BFED-B57BC1830487,2014-02-01 00:00:00.000
12427,11622,ashley12@adventure-works.com,205BC9E6-4B3D-4F71-89C9-DF8546BE4E71,2013-12-18 00:00:00.000
12428,11623,ashley13@adventure-works.com,0D72838C-22A6-4F1C-B752-540C6DF35562,2013-07-07 00:00:00.000
12429,11624,jaime48@adventure-works.com,55F4BF4C-54B5-4D1B-9B2D-8412A5445A65,2012-02-26 00:00:00.000
12430,11625,jon4@adventure-works.com,0B6BB21B-F8B4-4046-A2B7-2AF3932931FC,2014-03-03 00:00:00.000
12431,11626,ashley14@adventure-works.com,DB57883E-0C24-468A-80F4-308E9C34829A,2013-09-27 00:00:00.000
12432,11627,jon5@adventure-works.com,9890ADC7-BB6F-413D-94EE-A9FECF3BFCCC,2013-08-28 00:00:00.000
12433,11628,jon6@adventure-works.com,CF0DC202-0342-4E58-88E2-97363DE0C59E,2014-01-30 00:00:00.000
12434,11629,ashley15@adventure-works.com,8321C7C6-8A90-4299-B51E-37C319F73821,2012-05-18 00:00:00.000
12435,11630,jon7@adventure-works.com,5403A432-298A-4598-8611-A3F7BAB2BC7C,2013-08-15 00:00:00.000
12436,11631,ashley16@adventure-works.com,BCA716C3-9016-4F31-B7A6-B381861A5279,2013-12-20 00:00:00.000
12437,11632,jon8@adventure-works.com,E5B71F78-7E61-4134-A204-D63F56019176,2012-03-02 00:00:00.000
12438,11633,jon9@adventure-works.com,A51A5902-D700-429B-8A03-3023C347426E,2013-08-07 00:00:00.000
12439,11634,jon10@adventure-works.com,7F9E53EC-0A0D-4887-B55A-912FC4C5EAF3,2014-03-19 00:00:00.000
12440,11635,ashley17@adventure-works.com,D11E1928-1C72-4128-ADAF-6902B1C4A2B6,2014-05-19 00:00:00.000
12441,11636,ashley18@adventure-works.com,A9401511-5332-4BED-9EFB-356102F529EB,2014-03-16 00:00:00.000
12442,11637,ashley19@adventure-works.com,8401A7CE-9689-4A75-AA10-C334B45986C1,2013-09-22 00:00:00.000
12443,11638,jon11@adventure-works.com,98BCD56F-F836-4EC8-A268-3B1C5E3D975E,2014-01-04 00:00:00.000
12444,11639,ashley20@adventure-works.com,1E3FE89C-2266-4AEB-9437-4550395FD377,2011-11-17 00:00:00.000
12445,11640,ashley21@adventure-works.com,C00B85DA-36C4-4116-91DA-0994F26EFA3B,2013-08-29 00:00:00.000
12446,11641,jon12@adventure-works.com,5609E574-1FD1-407E-9968-611E35ACB7E2,2011-06-15 00:00:00.000
12447,11642,ashley22@adventure-works.com,0FBDEE40-181E-4E50-9E97-F422DADB57E9,2013-09-06 00:00:00.000
12448,11643,jon13@adventure-works.com,F61F6042-CA1D-4E38-BDBA-3C25C6CBE605,2013-08-18 00:00:00.000
12449,11644,ashley23@adventure-works.com,5C507BFA-7E02-4400-8D69-5CFB0EAF0CE3,2014-02-24 00:00:00.000
12450,11645,ashley24@adventure-works.com,74FE9A7B-410B-423B-8240-E03F3AC735A6,2013-05-06 00:00:00.000
12451,11646,jose35@adventure-works.com,AD12D2D0-C2F5-4D6D-BD46-15433BD0192E,2014-01-04 00:00:00.000
12452,11647,jon14@adventure-works.com,A48C2EF0-5103-42A4-A761-ACBEAC7299CF,2013-07-27 00:00:00.000
12453,11648,jon15@adventure-works.com,F4B0C90B-09B4-4123-8A4D-8BED4ECCD862,2013-10-01 00:00:00.000
12454,11649,ashley25@adventure-works.com,0825C112-65DB-4C6C-BE27-689058738DA6,2013-10-20 00:00:00.000
12455,11650,sarah2@adventure-works.com,897CA7CC-45A9-4DDB-86DD-4D69D3A2E6AC,2014-03-02 00:00:00.000
12456,11651,jon16@adventure-works.com,F844164F-7DDB-4A2B-A7EB-51E81206B02D,2013-09-10 00:00:00.000
12457,11652,jon17@adventure-works.com,287DE30F-5A1B-4264-9866-5CAF0A130149,2013-10-23 00:00:00.000
12458,11653,sarah3@adventure-works.com,1796C545-0D26-4172-8325-2E5B4E6C2A06,2014-05-06 00:00:00.000
12459,11654,sarah4@adventure-works.com,8EA13412-BF91-4ED7-8B49-E7AC1BC3B78A,2013-11-04 00:00:00.000
12460,11655,sarah5@adventure-works.com,4A5F1813-9442-4EBB-8720-852D2EEF93DE,2013-08-06 00:00:00.000
12461,11656,sarah6@adventure-works.com,55BDB052-D7FC-4A98-89BD-528FEC1ECC75,2014-03-21 00:00:00.000
12462,11657,sarah7@adventure-works.com,9374201D-0736-46F2-91D0-8C5FEC55435D,2013-11-19 00:00:00.000
12463,11658,sarah8@adventure-works.com,3EB1F474-AAEE-4B08-AC4E-79A19EEB77D7,2013-09-20 00:00:00.000
12464,11659,alejandro2@adventure-works.com,D3A618E6-A73C-4AF9-9AD8-0CFEFFC85224,2014-05-30 00:00:00.000
12465,11660,sarah9@adventure-works.com,475F0E7F-091D-4DAC-A173-1945C21ECC7A,2014-01-18 00:00:00.000
12466,11661,sarah10@adventure-works.com,F8519C6A-E8A1-4DDD-BF0C-2B4A62DFA891,2014-04-05 00:00:00.000
12467,11662,alejandro3@adventure-works.com,3EF8FA94-593F-4A93-8505-95305B9664BF,2011-08-02 00:00:00.000
12468,11663,alejandro4@adventure-works.com,E1AB5C2C-3154-4AF2-A3A9-994665D292CC,2011-12-02 00:00:00.000
12469,11664,sarah11@adventure-works.com,F685B5B4-6570-42DC-BDBE-FCA8715D1B6E,2014-04-03 00:00:00.000
12470,11665,alejandro5@adventure-works.com,21905862-83F3-40F2-9DA7-3118AD58DEF0,2014-05-02 00:00:00.000
12471,11666,jon18@adventure-works.com,F99042A7-5908-45AD-9D15-DA88A7BEBDBC,2011-11-04 00:00:00.000
12472,11667,alejandro6@adventure-works.com,F12A8325-6718-47EB-BF48-162B2752774F,2012-01-11 00:00:00.000
12473,11668,sarah12@adventure-works.com,61ADD60D-93DE-49DD-B990-48F5E95D4D9B,2012-04-04 00:00:00.000
12474,11669,sarah13@adventure-works.com,2C974C09-B0CD-4EB5-BC1F-AB5254111C6C,2013-08-02 00:00:00.000
12475,11670,sarah14@adventure-works.com,8D523E9A-55F4-4586-947D-C07B9C603BA2,2012-03-18 00:00:00.000
12476,11671,sarah15@adventure-works.com,7E5E7204-5846-4A93-82FC-9F7A99B5D39B,2013-10-23 00:00:00.000
12477,11672,alejandro7@adventure-works.com,ADA1E8B2-D77A-49DD-9CAC-1B5A10D8E2CC,2013-12-05 00:00:00.000
12478,11673,alejandro8@adventure-works.com,3A98B3A9-C2B5-4DF9-8D56-E38007CD1ACE,2011-12-22 00:00:00.000
12479,11674,alejandro9@adventure-works.com,68EA8B4D-9F14-4303-A0A7-79765B144590,2014-04-18 00:00:00.000
12480,11675,sarah16@adventure-works.com,68E8431A-5827-4277-99F3-D528D311E03C,2014-05-05 00:00:00.000
12481,11676,alejandro10@adventure-works.com,AAC93501-4824-4BFB-AC2C-E9B1CFA0FFB2,2013-12-01 00:00:00.000
12482,11677,sarah17@adventure-works.com,67B8B7B7-CA42-4864-9F80-EFD6509BD100,2012-05-20 00:00:00.000
12483,11678,sarah18@adventure-works.com,D272A193-5CB2-4B6E-B15A-D29BDA6731BB,2012-02-28 00:00:00.000
12484,11679,sarah19@adventure-works.com,795A67C3-2A69-4820-8639-331E699648D7,2012-07-25 00:00:00.000
12485,11680,alejandro11@adventure-works.com,76924C43-E50A-46A0-94C3-C98842D1F3D1,2014-02-02 00:00:00.000
12486,11681,sarah20@adventure-works.com,3D0123CD-67DA-41DD-A6B7-A5593507C95F,2013-09-20 00:00:00.000
12487,11682,alejandro12@adventure-works.com,E028E90E-39FD-4022-B6B9-1E60C2EC6D2A,2013-03-07 00:00:00.000
12488,11683,alejandro13@adventure-works.com,BB95E355-B812-4FE8-9E5B-ADA5782F43AE,2013-04-03 00:00:00.000
12489,11684,sarah21@adventure-works.com,B8ACF693-CA40-49CC-9589-FB0835650CF5,2014-02-23 00:00:00.000
12490,11685,sarah22@adventure-works.com,E50435F9-3B91-4794-9770-7E90AC422F14,2014-03-01 00:00:00.000
12491,11686,sarah23@adventure-works.com,C6D8D177-9EB5-4785-876B-4D2DD5366B98,2014-02-26 00:00:00.000
12492,11687,alejandro14@adventure-works.com,D1745149-25CF-492D-8201-1DBE6329BC96,2013-09-10 00:00:00.000
12493,11688,alejandro15@adventure-works.com,F1A8724F-DECA-4D6B-A9E7-83FBC2EDE763,2012-10-31 00:00:00.000
12494,11689,sarah24@adventure-works.com,9B43E4D6-1454-45D3-B2CB-5D407FCD2D48,2013-10-22 00:00:00.000
12495,11690,madison25@adventure-works.com,6DC78130-C12B-449B-95FE-359625F11793,2013-12-15 00:00:00.000
12496,11691,juan1@adventure-works.com,90BBE11F-9CCB-46FF-A61B-2E6385500202,2012-07-29 00:00:00.000
12497,11692,alejandro16@adventure-works.com,5032472B-1DB7-4295-9377-1A20228C3634,2013-11-16 00:00:00.000
12498,11693,alejandro17@adventure-works.com,3E538719-6850-495D-AC87-668D44E70AC5,2014-03-04 00:00:00.000
12499,11694,madison26@adventure-works.com,8CD75642-C843-4D2E-8ADA-DC88C66BB675,2014-01-13 00:00:00.000
12500,11695,madison27@adventure-works.com,82F3CB08-E17D-4A52-8222-3529E48E5668,2013-12-09 00:00:00.000
12501,11696,alejandro18@adventure-works.com,7810FCFB-CD2A-42F5-A409-3D03DB9EEF3A,2013-08-02 00:00:00.000
12502,11697,madison28@adventure-works.com,15D2CFEB-B9AF-4723-A551-54D278BD99EA,2013-01-10 00:00:00.000
12503,11698,madison29@adventure-works.com,F917B71B-D601-4CC2-9735-2CBA19E17A14,2014-05-31 00:00:00.000
12504,11699,alejandro19@adventure-works.com,AA02766A-5D26-4227-AB99-6C08D17D3D30,2012-08-22 00:00:00.000
12505,11700,madison30@adventure-works.com,7C1482E1-C036-4E84-BA00-25A359493AC6,2014-03-02 00:00:00.000
12506,11701,alejandro20@adventure-works.com,B90C40EC-F06D-426A-96C4-818305F0F6BB,2014-05-12 00:00:00.000
12507,11702,alejandro21@adventure-works.com,2B2B0B50-F249-40B6-B550-4F2D0957B5AB,2013-03-10 00:00:00.000
12508,11703,madison31@adventure-works.com,76088A73-C3E9-45FA-ABD7-2ED722632F5B,2013-04-18 00:00:00.000
12509,11704,madison32@adventure-works.com,E13FE360-922B-4225-BA86-A7385B47ED94,2011-08-22 00:00:00.000
12510,11705,madison33@adventure-works.com,A07FF026-D8F0-4078-94E4-E4F91EAE0C8E,2012-06-15 00:00:00.000
12511,11706,alejandro22@adventure-works.com,477C77E5-855F-4F77-BBFB-EA736BCAFA1D,2013-08-23 00:00:00.000
12512,11707,madison34@adventure-works.com,D3DDBFF3-DB3E-447F-9CE3-FA769D3A0AC9,2012-10-23 00:00:00.000
12513,11708,alejandro23@adventure-works.com,AA1827E0-A422-4858-B9BE-FF579C9048E8,2013-10-19 00:00:00.000
12514,11709,james49@adventure-works.com,AF70E85B-EF33-4214-8B16-CE9A287596F2,2014-06-17 00:00:00.000
12515,11710,samantha26@adventure-works.com,D12D486B-7048-45A4-829B-8F37DAA19392,2013-01-24 00:00:00.000
12516,11711,alejandro24@adventure-works.com,9F1DCFCD-36BB-4694-A2A5-B08059B932BF,2013-04-29 00:00:00.000
12517,11712,samantha27@adventure-works.com,789CE064-2959-4F76-9F5C-75820A777C1F,2014-03-03 00:00:00.000
12518,11713,alejandro25@adventure-works.com,F843DC49-B560-4EFD-A1B8-B9EF063686DB,2012-11-26 00:00:00.000
12519,11714,samantha28@adventure-works.com,FAB84A2B-914F-445E-B8D8-32C89B1FDCA1,2013-11-26 00:00:00.000
12520,11715,alejandro26@adventure-works.com,4F0F0B00-EEBF-4A8A-ACFB-04AD13F8FA03,2013-02-28 00:00:00.000
12521,11716,alejandro27@adventure-works.com,B87127EB-393C-49AE-9A19-37D343403E6D,2013-09-11 00:00:00.000
12522,11717,samantha29@adventure-works.com,7F292A51-7CB0-4AC5-9437-C4ADDEA11D2B,2011-07-19 00:00:00.000
12523,11718,samantha30@adventure-works.com,87A95438-3B75-4BE2-AB09-1C7FCCEC6460,2014-03-04 00:00:00.000
12524,11719,samantha31@adventure-works.com,06152009-2ADE-4331-B6E8-3EEE151B7BBF,2014-03-30 00:00:00.000
12525,11720,alejandro28@adventure-works.com,85F2C736-625C-4A22-9DD5-DCD3CEE9E25F,2013-12-03 00:00:00.000
12526,11721,samantha32@adventure-works.com,F4062848-F461-470E-88DC-5E17A8013349,2013-07-10 00:00:00.000
12527,11722,alejandro29@adventure-works.com,68C02F32-B49B-4C08-A172-8D15233B6A92,2013-12-26 00:00:00.000
12528,11723,alejandro30@adventure-works.com,4E8DA7C5-7B80-4C0F-AEEB-A8D21700CAD2,2013-10-11 00:00:00.000
12529,11724,samantha33@adventure-works.com,7DE89D3E-3EF9-4944-9D63-4BF66F246CE1,2013-07-23 00:00:00.000
12530,11725,alejandro31@adventure-works.com,5B245AC5-E14A-4660-981B-5A0D28139AC8,2013-11-09 00:00:00.000
12531,11726,samantha34@adventure-works.com,737434B2-2176-40F5-BE11-1F67BC004265,2013-10-05 00:00:00.000
12532,11727,alejandro32@adventure-works.com,E9A77F96-1106-4B9B-9BF7-852AB5AFEAAD,2012-10-30 00:00:00.000
12533,11728,samantha35@adventure-works.com,C0F4716B-A84A-4671-BA7A-6184ACB3D9A6,2013-11-19 00:00:00.000
12534,11729,alejandro33@adventure-works.com,2B68F4C9-3E1C-40EE-ACC1-6F8BCA25185E,2013-12-13 00:00:00.000
12535,11730,samantha36@adventure-works.com,12CE8C9A-C662-4948-8087-160DCF89D641,2014-03-26 00:00:00.000
12536,11731,samantha37@adventure-works.com,B41B201A-CEAB-43BA-A4FF-7872DE9F921D,2014-03-23 00:00:00.000
12537,11732,alejandro34@adventure-works.com,6BFE0EFB-2EF8-434A-9FE4-31A479B89274,2013-01-09 00:00:00.000
12538,11733,jaime49@adventure-works.com,90258674-1794-4BF9-9399-A72995410F8F,2014-03-10 00:00:00.000
12539,11734,alejandro35@adventure-works.com,EA87DA7A-72CB-4C0E-A614-55A23D1BB17C,2012-10-09 00:00:00.000
12540,11735,alejandro36@adventure-works.com,1D93ED70-8A33-4319-BED5-CB9C11D91A5C,2013-08-21 00:00:00.000
12541,11736,alejandro37@adventure-works.com,4366C0D4-C868-488E-A086-3F8762180E2D,2013-10-21 00:00:00.000
12542,11737,samantha38@adventure-works.com,C780225D-D543-4844-8FC9-DA4C5A81C17E,2013-09-01 00:00:00.000
12543,11738,sam2@adventure-works.com,2723AABD-A6F0-4004-9128-28EC4AFDE0FE,2013-08-20 00:00:00.000
12544,11739,samantha39@adventure-works.com,9F2BB4A0-296C-49AF-912C-4F8B4F2767DE,2012-10-06 00:00:00.000
12545,11740,samantha40@adventure-works.com,27E593B4-F47A-42FE-92AB-32F79BB7C084,2014-03-29 00:00:00.000
12546,11741,wilson0@adventure-works.com,B79C1DE4-38D4-4A13-8B0B-D1B590B02C59,2012-09-11 00:00:00.000
12547,11742,samantha41@adventure-works.com,7C6AC967-6566-45C5-82C7-DF715D1CDAF3,2014-04-06 00:00:00.000
12548,11743,alejandro38@adventure-works.com,F2D5D762-2AF6-4A28-B494-F36BC7064104,2014-03-05 00:00:00.000
12549,11744,samantha42@adventure-works.com,176D39E4-F7E4-497C-85BE-FE6C72AE7AAF,2013-07-04 00:00:00.000
12550,11745,samantha43@adventure-works.com,DCEB0C34-36B0-4277-A2C9-71C88C9C653E,2014-05-02 00:00:00.000
12551,11746,samantha44@adventure-works.com,3276C43C-022A-49CF-AFD1-78648EEF20A4,2013-11-24 00:00:00.000
12552,11747,stuart3@adventure-works.com,E1615350-F9C3-4D5A-8B94-5F4B09D43C1C,2013-08-25 00:00:00.000
12553,11748,alejandro39@adventure-works.com,9CF30EFF-004B-4DA1-9DE4-A1E8ADDE8CFB,2013-12-30 00:00:00.000
12554,11749,alejandro40@adventure-works.com,CD6231AC-4CE8-4F67-8C4E-D5F205CB6C4A,2013-09-15 00:00:00.000
12555,11750,samantha45@adventure-works.com,12EA1C3B-3040-435D-A1FA-94FAA752AC18,2014-03-23 00:00:00.000
12556,11751,ashley26@adventure-works.com,84E26E99-EAE5-4378-BE76-EF47DB2B02A6,2014-03-13 00:00:00.000
12557,11752,alejandro41@adventure-works.com,D265148C-B51D-47AE-99AE-0646EE8D19CE,2011-10-07 00:00:00.000
12558,11753,juan2@adventure-works.com,F3BB5CE2-83EC-4A93-A477-3985C949A562,2013-12-24 00:00:00.000
12559,11754,alejandro42@adventure-works.com,D6146074-EE2A-4F58-877A-CBC8122B73D8,2013-09-06 00:00:00.000
12560,11755,alejandro43@adventure-works.com,89BDB8CA-C691-4DB2-AA8C-A58757489354,2013-08-09 00:00:00.000
12561,11756,ashley27@adventure-works.com,ABF3C2A9-E201-422D-8285-4B6D707AD53C,2014-02-15 00:00:00.000
12562,11757,ashley28@adventure-works.com,3D57F06D-4B84-43E8-AFE1-488AEFA9CAE4,2014-03-12 00:00:00.000
12563,11758,ashley29@adventure-works.com,2CCCCD98-6152-406B-9ABA-05B166D41D9B,2011-12-22 00:00:00.000
12564,11759,alejandro44@adventure-works.com,347D66B9-0062-47EA-995C-353A78EB319A,2012-09-22 00:00:00.000
12565,11760,alejandro45@adventure-works.com,5399ECA0-716A-4051-8FCC-E41611E74091,2011-06-08 00:00:00.000
12566,11761,ashley30@adventure-works.com,69376C43-92FD-4822-9C85-71F7CB4F50D5,2013-12-22 00:00:00.000
12567,11762,alejandro46@adventure-works.com,30756786-0E3F-442D-815F-41B949E1AC9C,2013-01-01 00:00:00.000
12568,11763,alejandro47@adventure-works.com,1226162E-CDE2-476D-BE35-DB434CAD186A,2014-05-27 00:00:00.000
12569,11764,ashley31@adventure-works.com,4EE2C3A8-1B20-4CDE-866F-07078D8AFF47,2013-07-24 00:00:00.000
12570,11765,clayton0@adventure-works.com,E0A3E258-C06C-4805-899B-502D1BBD434E,2013-02-18 00:00:00.000
12571,11766,clayton1@adventure-works.com,D38DA106-02FF-4393-BEFC-513D1E7AA21E,2013-01-02 00:00:00.000
12572,11767,ashley32@adventure-works.com,61640B06-DD21-40E9-891C-F5C7A76BC9B9,2013-02-23 00:00:00.000
12573,11768,ashley33@adventure-works.com,5131E420-2DD4-4EDD-A125-1D0FFA5B14C7,2013-12-20 00:00:00.000
12574,11769,ashley34@adventure-works.com,871CE081-7CAE-4D23-809E-48E820957FD0,2012-09-05 00:00:00.000
12575,11770,clayton2@adventure-works.com,8A432177-E96E-4A93-B948-71293CB16793,2013-04-09 00:00:00.000
12576,11771,clayton3@adventure-works.com,DE16A4CB-8167-49EE-BF70-152A9D3E94FF,2013-03-23 00:00:00.000
12577,11772,josue1@adventure-works.com,E81ED935-BF42-4BE5-BF32-A32763193AA6,2013-04-01 00:00:00.000
12578,11773,clayton4@adventure-works.com,5B12698B-0440-4649-8243-DC37EDEC19FB,2013-08-12 00:00:00.000
12579,11774,ashley35@adventure-works.com,BB6C2508-6C25-4FC5-ADBA-D8E3F4592847,2014-03-04 00:00:00.000
12580,11775,clayton5@adventure-works.com,BCB765F2-5ECC-40F0-B4F9-A5C0A9B10983,2013-11-21 00:00:00.000
12581,11776,ashley36@adventure-works.com,EC026986-A893-405E-8778-4C61AEAA99FA,2014-01-27 00:00:00.000
12582,11777,ashley37@adventure-works.com,5263482C-8E63-4CC5-AE07-A69AB83BA321,2011-12-26 00:00:00.000
12583,11778,nuan1@adventure-works.com,63868FE0-2FEC-43CC-AF07-E2DBFB172574,2013-09-14 00:00:00.000
12584,11779,ashley38@adventure-works.com,E3680411-7CB2-4DE0-AE5F-9D4954911D53,2012-10-24 00:00:00.000
12585,11780,ashley39@adventure-works.com,0974BDA6-071B-4F75-B5DC-CC80ACBD7C98,2014-05-02 00:00:00.000
12586,11781,clayton6@adventure-works.com,016948DC-E88A-46BB-B446-3087632E7809,2013-05-13 00:00:00.000
12587,11782,ashley40@adventure-works.com,A8F18A63-94D4-471A-90A2-33C55953C842,2011-06-18 00:00:00.000
12588,11783,clayton7@adventure-works.com,7C613541-566F-42DB-AB8C-727240BFEB4B,2013-04-11 00:00:00.000
12589,11784,clayton8@adventure-works.com,928E9BFD-7189-4A55-819B-99F9FF04D9FB,2014-01-15 00:00:00.000
12590,11785,ashley41@adventure-works.com,70D381F8-3622-48F1-BD9C-7DCBE0863D86,2013-11-18 00:00:00.000
12591,11786,ashley42@adventure-works.com,7C438484-522A-42F7-8976-5B28287EA1B8,2013-08-03 00:00:00.000
12592,11787,clayton9@adventure-works.com,315A0485-FEA6-49E2-ACB4-CB9D8622E29B,2013-10-29 00:00:00.000
12593,11788,ashley43@adventure-works.com,F7F5D97D-71DC-4D8A-8EAB-D04C6DB45F64,2013-10-14 00:00:00.000
12594,11789,ashley44@adventure-works.com,479879C3-7FC9-45A9-A598-C1449284FE81,2013-10-31 00:00:00.000
12595,11790,clayton10@adventure-works.com,0B2AE593-0230-4263-A065-29195500AEFE,2013-11-24 00:00:00.000
12596,11791,ashley45@adventure-works.com,11AE894B-CD16-46D1-BC68-E6A18C8D7FD1,2013-10-02 00:00:00.000
12597,11792,ashley46@adventure-works.com,215B2CE8-54B6-4E6C-AEB6-571C4A8E0B5C,2012-03-10 00:00:00.000
12598,11793,clayton11@adventure-works.com,5654FE04-BF4C-4D26-8AFC-6504D22932BF,2011-11-02 00:00:00.000
12599,11794,ashley47@adventure-works.com,89D37636-D30D-46AC-8F7C-2A9959C9800F,2012-04-17 00:00:00.000
12600,11795,damien25@adventure-works.com,D17A01A2-5490-40BA-BA95-425D6E7BCCF2,2012-11-14 00:00:00.000
12601,11796,jarred1@adventure-works.com,2D9F4C31-48C0-410C-8C23-F60836A022D8,2012-01-05 00:00:00.000
12602,11797,clayton12@adventure-works.com,842BC1E1-46A4-4165-AFDD-CD82E1861752,2013-07-06 00:00:00.000
12603,11798,ashley48@adventure-works.com,9079A743-2594-4D13-8ADC-58A62413A6F3,2013-12-25 00:00:00.000
12604,11799,ashley49@adventure-works.com,283E9805-9774-4CC9-A7F0-8CC456D55E3F,2014-02-10 00:00:00.000
12605,11800,clayton13@adventure-works.com,CB464C13-7E8A-454A-9A6F-8ECF73ABF0A5,2013-10-17 00:00:00.000
12606,11801,ashley50@adventure-works.com,EBD1A50E-E4CB-4B43-93FF-220571D1BC9A,2014-05-14 00:00:00.000
12607,11802,clayton14@adventure-works.com,93A4AB6E-BEFE-4914-8262-C2CDB76C065C,2013-11-07 00:00:00.000
12608,11803,sarah25@adventure-works.com,9DEBACDA-D546-4C71-B5D6-A8A1B1DA799E,2014-03-20 00:00:00.000
12609,11804,nuan2@adventure-works.com,9A778CD0-8E86-4EDA-911E-BE4B914DCC02,2014-03-05 00:00:00.000
12610,11805,clayton15@adventure-works.com,A243FE6E-9A7A-4BCD-93A0-DD07A7260CB5,2014-05-31 00:00:00.000
12611,11806,clayton16@adventure-works.com,F3CB7DEB-FCBF-4761-B226-2B97D957B890,2013-12-10 00:00:00.000
12612,11807,sarah26@adventure-works.com,410D8FE1-48E8-441B-9F7C-8067D2A1E93C,2014-04-15 00:00:00.000
12613,11808,clayton17@adventure-works.com,AA419F2B-3078-4030-8817-1CD974776A53,2014-06-28 00:00:00.000
12614,11809,nuan3@adventure-works.com,4E9D1624-00A5-4147-9ED6-9FDA6F384373,2014-03-12 00:00:00.000
12615,11810,sarah27@adventure-works.com,0E5D5BD7-94E8-4396-843D-8D8CDC8C507C,2014-03-03 00:00:00.000
12616,11811,sarah28@adventure-works.com,A8C5BED9-E5C5-4F7E-88FC-8DBB52CD493C,2014-05-22 00:00:00.000
12617,11812,sarah29@adventure-works.com,A8EB2865-053C-4D78-AF7D-F0F603BA177B,2014-03-03 00:00:00.000
12618,11813,sarah30@adventure-works.com,8BC087E7-CBF3-4968-BB65-C4BDA7F84B8E,2012-04-15 00:00:00.000
12619,11814,clayton18@adventure-works.com,12345D4A-31C2-4839-8905-F053BCD93243,2013-12-07 00:00:00.000
12620,11815,sarah31@adventure-works.com,3F0D3186-8EBD-4432-96C7-A2676A5016AB,2012-05-19 00:00:00.000
12621,11816,juan3@adventure-works.com,EE78A0C9-E577-4FF0-82B6-7465615306C2,2012-10-09 00:00:00.000
12622,11817,clayton19@adventure-works.com,FFE8DDC4-A9B7-43B5-9CA8-504A456EA5AD,2013-09-28 00:00:00.000
12623,11818,sarah32@adventure-works.com,4A05CB66-C56B-47B1-952A-1425AAAD9944,2013-07-25 00:00:00.000
12624,11819,clayton20@adventure-works.com,0D129083-74A4-4ABA-8530-3F8FAA8E800F,2013-09-29 00:00:00.000
12625,11820,sarah33@adventure-works.com,04631EF9-68AF-4A46-92F8-5193CE303846,2013-11-04 00:00:00.000
12626,11821,clayton21@adventure-works.com,EFA5ED91-7B67-42C7-86B9-D71DC075D4E2,2011-08-16 00:00:00.000
12627,11822,sarah34@adventure-works.com,407B829E-3AB1-4DC4-AFA2-E5DE89B3F10E,2014-02-12 00:00:00.000
12628,11823,clayton22@adventure-works.com,881D0B2B-BF13-4CA5-8102-0FC2B4617412,2014-05-29 00:00:00.000
12629,11824,sarah35@adventure-works.com,2D0E37E5-02F7-4819-8850-39BCDBF9C891,2014-02-21 00:00:00.000
12630,11825,clayton23@adventure-works.com,388961D6-6943-464A-947C-20594EA387CA,2013-09-18 00:00:00.000
12631,11826,sarah36@adventure-works.com,5988456D-5842-41D3-B9F5-CCAD2D24B2EB,2013-09-21 00:00:00.000
12632,11827,clayton24@adventure-works.com,AA0AECAD-252E-43A7-B9CB-8FBE006A758F,2013-12-27 00:00:00.000
12633,11828,clayton25@adventure-works.com,E9906936-4D9F-4FB3-87AB-A2D0804BBFAA,2013-12-07 00:00:00.000
12634,11829,sarah37@adventure-works.com,A97B47A2-A813-4222-B33F-EF696482D456,2014-02-13 00:00:00.000
12635,11830,sarah38@adventure-works.com,11EE2578-555B-4C94-ABDE-16D32AA3A441,2012-12-22 00:00:00.000
12636,11831,sarah39@adventure-works.com,9A47B8A0-16CF-464E-9DF5-9A8CDAD9EBD6,2012-04-03 00:00:00.000
12637,11832,sarah40@adventure-works.com,A8CBE58F-C478-4C5C-9B3B-3EB298E98668,2013-07-03 00:00:00.000
12638,11833,nuan4@adventure-works.com,876DE00D-B823-4FE5-B79F-F522F2DC8C5D,2013-11-27 00:00:00.000
12639,11834,clayton26@adventure-works.com,B2DED2D4-98C1-490C-B2EC-D2443B1FB218,2011-08-22 00:00:00.000
12640,11835,sarah41@adventure-works.com,E58BC11C-CDCF-419B-8819-2EA39DD28B06,2013-01-07 00:00:00.000
12641,11836,sarah42@adventure-works.com,BF2DBCD6-B684-4970-B55E-0648D064DD84,2013-07-15 00:00:00.000
12642,11837,josue2@adventure-works.com,9EC021F9-8DD0-4C87-9451-486C4A70A953,2013-12-05 00:00:00.000
12643,11838,clayton27@adventure-works.com,761F25E7-4113-4B26-BC7B-713639BE9950,2012-05-29 00:00:00.000
12644,11839,sarah43@adventure-works.com,FF33FACC-8A26-42D1-8D67-DF185BBB589F,2014-04-25 00:00:00.000
12645,11840,clayton28@adventure-works.com,01C2BE61-1E52-402C-A7D3-9FD70D44BD1E,2013-11-05 00:00:00.000
12646,11841,clayton29@adventure-works.com,6E8AA515-1DFF-42D6-B9F4-998767E0FC66,2012-06-14 00:00:00.000
12647,11842,sarah44@adventure-works.com,D61F2A2F-C88D-49B7-B24E-16DB7411E9B8,2014-02-19 00:00:00.000
12648,11843,clayton30@adventure-works.com,3928BDB3-248A-45A2-9DA0-CA9EE15BADB7,2014-03-25 00:00:00.000
12649,11844,sarah45@adventure-works.com,9675C4EC-C722-4463-8B83-688AF78D7B06,2013-11-10 00:00:00.000
12650,11845,sarah46@adventure-works.com,78828411-87C8-48D7-A1EA-D590E784E320,2014-01-20 00:00:00.000
12651,11846,clayton31@adventure-works.com,BC945EFB-982E-483F-ABDC-A4B918FEFCA4,2012-03-25 00:00:00.000
12652,11847,elizabeth29@adventure-works.com,94DA350E-254F-432E-8135-6816601CBBA2,2013-05-17 00:00:00.000
12653,11848,clayton32@adventure-works.com,7CB2C2FD-F15C-4702-B84E-A48DD0599791,2014-04-16 00:00:00.000
12654,11849,clayton33@adventure-works.com,811A2133-B9C6-496A-9C74-C9F6699C068A,2012-08-24 00:00:00.000
12655,11850,elizabeth30@adventure-works.com,8ABF1EB8-2760-428D-836D-FDE3934160B0,2011-12-21 00:00:00.000
12656,11851,elizabeth31@adventure-works.com,EC7B3044-9B2B-4909-A1D8-4FC37C2C2D2D,2012-08-19 00:00:00.000
12657,11852,elizabeth32@adventure-works.com,D9380A6A-7DE6-4C1A-93D1-0527B818EC1E,2014-01-18 00:00:00.000
12658,11853,elizabeth33@adventure-works.com,E3E74F44-BCC6-4E79-B8D9-A1AD4B8EA3E4,2013-09-30 00:00:00.000
12659,11854,clayton34@adventure-works.com,797D6CD5-7ABA-428F-812A-63DFD510ECDB,2012-02-03 00:00:00.000
12660,11855,elizabeth34@adventure-works.com,763B9705-354D-4A26-BB35-842879D3D7CC,2011-12-24 00:00:00.000
12661,11856,juan4@adventure-works.com,19EF869A-13C4-4A08-8EC3-DBC00935A3C4,2013-07-26 00:00:00.000
12662,11857,clayton35@adventure-works.com,97A66445-E602-4CBD-8B29-52003409B628,2012-03-30 00:00:00.000
12663,11858,clayton36@adventure-works.com,DCF40509-8FEC-4023-A656-9F747BC8DA76,2011-11-08 00:00:00.000
12664,11859,elizabeth35@adventure-works.com,5A91729B-79B9-48AE-B32A-ED9C0BF121B8,2013-09-29 00:00:00.000
12665,11860,elizabeth36@adventure-works.com,F3D303BE-293B-4A1F-A8BD-E1945EC62420,2013-07-17 00:00:00.000
12666,11861,clayton37@adventure-works.com,CBEFEB77-0C44-4817-A593-7332F25BB8D4,2014-05-24 00:00:00.000
12667,11862,elizabeth37@adventure-works.com,12DC0B0F-FE22-414D-BA0A-CEB648517ED3,2014-06-21 00:00:00.000
12668,11863,elizabeth38@adventure-works.com,EA15266F-FC23-422E-884A-61614CD15E0E,2013-12-30 00:00:00.000
12669,11864,clayton38@adventure-works.com,FB6D421B-A37F-42E7-B5F5-38F246CE1B2C,2013-12-31 00:00:00.000
12670,11865,elizabeth39@adventure-works.com,EBF41BD8-3231-4295-BDEC-A2D55214F5B9,2013-12-02 00:00:00.000
12671,11866,clayton39@adventure-works.com,62252987-65CB-493C-BB3F-0E00F7EB745F,2014-03-05 00:00:00.000
12672,11867,clayton40@adventure-works.com,6696C8EC-080B-465F-A934-06DBE9B2E633,2012-12-26 00:00:00.000
12673,11868,omar0@adventure-works.com,15469E2E-F397-47E4-A4DF-169E218E1F64,2014-05-01 00:00:00.000
12674,11869,elizabeth40@adventure-works.com,D90AC8D8-D06C-41DA-8896-9508809975EC,2013-10-09 00:00:00.000
12675,11870,omar1@adventure-works.com,192634D7-8535-42CF-8A4D-869F820C284E,2013-02-14 00:00:00.000
12676,11871,elizabeth41@adventure-works.com,CE721176-6F93-4B45-8C94-327A6AB29EEF,2014-06-14 00:00:00.000
12677,11872,omar2@adventure-works.com,13A9CBD2-EABC-421E-AE9F-848A692BF826,2013-11-21 00:00:00.000
12678,11873,omar3@adventure-works.com,9322B989-04D6-4D71-9E96-BE0C1092F1FD,2014-02-28 00:00:00.000
12679,11874,elizabeth42@adventure-works.com,762B3A3C-53F8-4687-944E-634B4110581F,2012-11-13 00:00:00.000
12680,11875,juan5@adventure-works.com,0D07C4C0-5C26-4AED-8441-61B89DEE806F,2012-12-25 00:00:00.000
12681,11876,omar4@adventure-works.com,8DFF3F8D-3FE4-46C5-8C54-BC2244E3102C,2012-05-26 00:00:00.000
12682,11877,omar5@adventure-works.com,2456B0EF-068A-41C0-AA0D-FC6EB319451D,2013-10-31 00:00:00.000
12683,11878,elizabeth43@adventure-works.com,36581463-DDE3-4028-8EC3-651B55F6E139,2014-04-06 00:00:00.000
12684,11879,elizabeth44@adventure-works.com,DFBC152F-8111-4641-94A4-97662807EF38,2014-04-01 00:00:00.000
12685,11880,omar6@adventure-works.com,02169EC0-3B35-4679-B5D4-C37884AD11D8,2013-08-30 00:00:00.000
12686,11881,omar7@adventure-works.com,F05FCB20-6C51-4EE9-BD50-8E4B62BA697C,2012-05-11 00:00:00.000
12687,11882,elizabeth45@adventure-works.com,699D40AF-314D-4443-AB1A-41B41BEEE379,2013-11-15 00:00:00.000
12688,11883,omar8@adventure-works.com,A8E41FAC-0CC7-4DD1-B3B9-EDB5D9972E4E,2013-08-10 00:00:00.000
12689,11884,elizabeth46@adventure-works.com,15A326C4-A268-4951-929A-2D64FB71F79B,2013-10-08 00:00:00.000
12690,11885,elizabeth47@adventure-works.com,4F94A58E-D264-463B-8431-600D0BEE25B4,2012-10-19 00:00:00.000
12691,11886,omar9@adventure-works.com,4127F9C6-64FB-4A1C-94D2-72B8ACE51455,2013-02-04 00:00:00.000
12692,11887,elizabeth48@adventure-works.com,98717691-F247-43F1-856E-4E3E4F1A74BD,2012-11-26 00:00:00.000
12693,11888,omar10@adventure-works.com,8D51908B-092F-4677-BF88-7EB88E0080FD,2014-05-26 00:00:00.000
12694,11889,elizabeth49@adventure-works.com,1AC3989F-2ADA-4743-A931-12281869ABDE,2014-05-07 00:00:00.000
12695,11890,elizabeth50@adventure-works.com,F1D89BB6-983E-45E7-856D-BA5583B8352B,2014-02-10 00:00:00.000
12696,11891,oscar1@adventure-works.com,05B99916-212B-4AC0-AA1D-FD09032B4E8D,2014-01-27 00:00:00.000
12697,11892,elizabeth51@adventure-works.com,6D0A1030-B15D-4429-BA0F-B397D12F8EC7,2013-08-23 00:00:00.000
12698,11893,kayla24@adventure-works.com,A23E9DC5-6765-41AA-9AB7-1E9A90234E63,2014-05-06 00:00:00.000
12699,11894,omar11@adventure-works.com,CDEA4C80-EACC-4884-B5D8-27A2779013A7,2014-04-03 00:00:00.000
12700,11895,kayla25@adventure-works.com,C9744772-8947-4F56-B043-8002F31CCF78,2014-03-16 00:00:00.000
12701,11896,jose36@adventure-works.com,BB116C77-0C3E-4AFC-ADBB-9B43B7295526,2013-07-10 00:00:00.000
12702,11897,omar12@adventure-works.com,6EA3369C-03DD-4ACB-9C21-5A8A4AF28D42,2013-07-30 00:00:00.000
12703,11898,kayla26@adventure-works.com,54264D84-8BFF-40AE-99E5-13B987CF7F0E,2013-07-30 00:00:00.000
12704,11899,omar13@adventure-works.com,3BF2A988-74AF-4C58-82AD-DA318B5B4407,2013-01-01 00:00:00.000
12705,11900,kayla27@adventure-works.com,FB96151F-1B67-4B1F-A711-BFE22F7863F0,2013-08-25 00:00:00.000
12706,11901,omar14@adventure-works.com,006A3211-E427-4878-BD5A-BF6942B26E77,2014-04-10 00:00:00.000
12707,11902,omar15@adventure-works.com,6296361F-EFBA-464F-895B-B5879E51F1D5,2013-11-22 00:00:00.000
12708,11903,kayla28@adventure-works.com,772F0126-DE54-48AD-818A-4FEF2808E6B7,2011-12-30 00:00:00.000
12709,11904,kayla29@adventure-works.com,9FC42E7A-87E1-450A-B713-7E2EAB610DA7,2012-11-06 00:00:00.000
12710,11905,kayla30@adventure-works.com,23D8BDB0-F844-4B14-B4C1-5EBD03C72B05,2014-02-11 00:00:00.000
12711,11906,omar16@adventure-works.com,BAD01C65-8B83-466A-A302-41421FC66B22,2014-05-20 00:00:00.000
12712,11907,kayla31@adventure-works.com,40117937-85CE-49BA-A976-0BB5C743018C,2011-11-02 00:00:00.000
12713,11908,kayla32@adventure-works.com,DAFB841A-754F-4ED9-BF5E-A7430356CAAB,2014-05-16 00:00:00.000
12714,11909,omar17@adventure-works.com,4211EEEC-BBF4-4BBB-9058-D210CEDD70B9,2013-05-07 00:00:00.000
12715,11910,kayla33@adventure-works.com,EA42A38B-7FF4-4AB2-B36E-5D4A42CF6416,2011-06-14 00:00:00.000
12716,11911,kayla34@adventure-works.com,3B2D1AC0-DB2D-49A7-9D27-3B28585AE7B7,2014-01-01 00:00:00.000
12717,11912,omar18@adventure-works.com,B5479139-D8E4-49FE-9638-6F99E85FAFE9,2013-10-14 00:00:00.000
12718,11913,omar19@adventure-works.com,E064B6DD-8ED1-44C9-AB0B-C8BE8B22EF9A,2013-09-19 00:00:00.000
12719,11914,omar20@adventure-works.com,B28261C5-363B-4AE0-A26A-CB3496E9DEF6,2013-08-16 00:00:00.000
12720,11915,kayla35@adventure-works.com,8A3573A5-3C38-4D12-8E80-E0AF4E29E125,2013-08-10 00:00:00.000
12721,11916,juan6@adventure-works.com,48E365C7-77DE-4260-BC31-15E5AAC61B0B,2013-09-11 00:00:00.000
12722,11917,omar21@adventure-works.com,CC914764-104A-41FA-ACE4-75A8D21B394E,2013-11-08 00:00:00.000
12723,11918,kayla36@adventure-works.com,42F38000-F977-4FF1-869A-D9E642E72D0E,2012-01-26 00:00:00.000
12724,11919,omar22@adventure-works.com,0CF1E7F0-0EE5-443F-9178-66EA6D166243,2014-02-07 00:00:00.000
12725,11920,omar23@adventure-works.com,C2D29B42-0FB5-476F-8F33-F05856288447,2013-10-16 00:00:00.000
12726,11921,kayla37@adventure-works.com,D84FBE19-FE47-4F7F-AC5D-CDD9C8D6AC39,2013-07-24 00:00:00.000
12727,11922,kayla38@adventure-works.com,E5D36960-E983-4AC4-9548-84E31BC872D4,2013-08-12 00:00:00.000
12728,11923,kayla39@adventure-works.com,4EACB27D-B285-4BA1-A67A-179C5C129325,2013-09-03 00:00:00.000
12729,11924,kayla40@adventure-works.com,33DF6CB9-1FAE-421A-9898-CBFC54CAA7BC,2013-10-20 00:00:00.000
12730,11925,omar24@adventure-works.com,D53E7960-2C82-4EE6-8A6B-3182E516CC8A,2014-02-09 00:00:00.000
12731,11926,kayla41@adventure-works.com,6811D155-151E-4A1A-9555-E8233BF8D56B,2014-01-11 00:00:00.000
12732,11927,kayla42@adventure-works.com,66466622-0E36-4D90-88EF-4EBB1EBBC619,2014-02-27 00:00:00.000
12733,11928,kayla43@adventure-works.com,77834A18-CCF5-4737-BFE2-9E7764A2A751,2012-04-25 00:00:00.000
12734,11929,omar25@adventure-works.com,2D4FB40D-1A51-499B-A6E6-DC99CAD12819,2014-02-04 00:00:00.000
12735,11930,kayla44@adventure-works.com,11BFC8FC-0BEF-40B0-BFDA-A6FCEDFD9E37,2012-06-25 00:00:00.000
12736,11931,omar26@adventure-works.com,07676FF6-9481-44C5-B9BF-93EF6CFEBC12,2012-11-04 00:00:00.000
12737,11932,kayla45@adventure-works.com,B1917F97-D13D-42D1-B7FC-950441DB1B7E,2013-09-25 00:00:00.000
12738,11933,omar27@adventure-works.com,64F3E0F8-3C91-43BB-B92A-6647D386A4F7,2013-07-20 00:00:00.000
12739,11934,kayla46@adventure-works.com,62824526-B8EF-49CA-A0E1-E63204F1C8F6,2013-09-04 00:00:00.000
12740,11935,kayla47@adventure-works.com,C9A244F6-869D-4198-99D3-7BADF3742E73,2012-07-15 00:00:00.000
12741,11936,alexis22@adventure-works.com,AFB536E2-07F0-40EA-86D6-1E748E0D23E9,2014-05-19 00:00:00.000
12742,11937,juan7@adventure-works.com,CAD6EA97-7B20-4DE4-B39E-642E81C01FA5,2013-10-05 00:00:00.000
12743,11938,omar28@adventure-works.com,3FAB986D-EA7F-495A-8CEB-FE14BBCE5A2C,2012-07-20 00:00:00.000
12744,11939,alexis23@adventure-works.com,60E74653-B538-4EE5-9FC4-9121F481F4A3,2014-01-29 00:00:00.000
12745,11940,alexis24@adventure-works.com,D713CE6A-9DD4-44ED-8A6B-C2DD09FD4313,2013-09-22 00:00:00.000
12746,11941,alexis25@adventure-works.com,0D3536AE-BF79-4EDE-B28E-56E74E33CDF7,2013-12-09 00:00:00.000
12747,11942,omar29@adventure-works.com,855E7B70-99DF-4CC2-961A-5AA7D52D5721,2013-08-21 00:00:00.000
12748,11943,alexis26@adventure-works.com,9D3D52A6-9E3A-45DB-A54F-E3C9B655418B,2013-05-12 00:00:00.000
12749,11944,alexis27@adventure-works.com,CFE4F5BB-F619-4290-928D-BDCC6FB1B58D,2014-05-10 00:00:00.000
12750,11945,omar30@adventure-works.com,F99A665C-6DDF-4F0A-9F06-7A8CA0DEE424,2013-11-23 00:00:00.000
12751,11946,alexis28@adventure-works.com,C0E13955-40EB-4364-A038-E0BFCA7424D2,2011-07-15 00:00:00.000
12752,11947,omar31@adventure-works.com,18383339-8A5D-4FE3-B8AD-32D6FFF0D4C8,2013-09-01 00:00:00.000
12753,11948,omar32@adventure-works.com,72D9D8B0-D57E-4D3B-A05C-434E15B6F00F,2014-05-14 00:00:00.000
12754,11949,alexis29@adventure-works.com,97CA2FD0-891C-42D3-83E0-DA0FE97D3A05,2011-09-26 00:00:00.000
12755,11950,omar33@adventure-works.com,7CE51356-AB05-45C2-B5C7-3F5CD1F734AF,2013-09-09 00:00:00.000
12756,11951,alexis30@adventure-works.com,162F7BA9-C7B0-46CE-9E6C-162720CA21A0,2013-10-14 00:00:00.000
12757,11952,alexis31@adventure-works.com,C3F3FD9A-2E28-41B7-BA45-F52D43218722,2013-01-03 00:00:00.000
12758,11953,omar34@adventure-works.com,F54524D8-A69D-4615-8697-FE9EBE257DA8,2013-08-29 00:00:00.000
12759,11954,alexis32@adventure-works.com,8E646708-5B5C-4B84-A702-D4288F053320,2012-10-02 00:00:00.000
12760,11955,omar35@adventure-works.com,CBEC98E6-4B5F-4DDF-BE99-79DE2B6A0E37,2013-04-20 00:00:00.000
12761,11956,omar36@adventure-works.com,ACF8569E-EBBC-43EF-95FB-F8D93236CFF6,2011-08-21 00:00:00.000
12762,11957,alexis33@adventure-works.com,0E3B9D49-C313-407A-B0D4-69967AFEAE9B,2013-02-01 00:00:00.000
12763,11958,alexis34@adventure-works.com,F084C661-5919-40D6-B2C5-40BC66040D68,2014-02-07 00:00:00.000
12764,11959,alexis35@adventure-works.com,48AEED8E-D0EF-40C1-8AD9-C08E844D212C,2013-11-25 00:00:00.000
12765,11960,omar37@adventure-works.com,D7FE90A1-9DBA-48EA-879D-831195FB3DBA,2013-12-21 00:00:00.000
12766,11961,alexis36@adventure-works.com,39989A6E-FE4A-4AF2-B74D-9AABD951223D,2013-07-03 00:00:00.000
12767,11962,juan8@adventure-works.com,89E00F85-DD3A-4058-B32E-0D74516EC5AE,2014-01-18 00:00:00.000
12768,11963,omar38@adventure-works.com,803EF5EE-9590-4E70-85D3-563734A772FD,2013-03-23 00:00:00.000
12769,11964,alexis37@adventure-works.com,C5D995BD-5C01-4F67-96F0-1B9017A773C6,2013-10-19 00:00:00.000
12770,11965,alexis38@adventure-works.com,9AABE158-450C-4AFF-BA3E-AA5038A4A8E8,2014-04-11 00:00:00.000
12771,11966,omar39@adventure-works.com,C0D2A851-1EAA-4B8D-A8BE-F654F9364649,2013-02-26 00:00:00.000
12772,11967,alexis39@adventure-works.com,1EE427F3-8106-42A9-BAAB-C8E5B26B47E0,2011-11-07 00:00:00.000
12773,11968,omar40@adventure-works.com,DC49DE95-134E-40F3-8B8B-4B5AACA0A7B2,2014-03-01 00:00:00.000
12774,11969,alexis40@adventure-works.com,16BDCF5F-DD44-45BD-8886-5BDAF264CC34,2014-01-16 00:00:00.000
12775,11970,omar41@adventure-works.com,E66F0492-B026-49F2-AA99-67AD651469A4,2011-08-30 00:00:00.000
12776,11971,omar42@adventure-works.com,B97684D3-41D4-4E35-BA9D-1846D6B7A734,2013-04-01 00:00:00.000
12777,11972,alexis41@adventure-works.com,92214F89-D0C2-488D-9301-789011329A7A,2014-06-07 00:00:00.000
12778,11973,alexis42@adventure-works.com,0EC643AE-5004-4E98-B9A6-2F0093C6A2F4,2014-04-26 00:00:00.000
12779,11974,omar43@adventure-works.com,B174B0C0-0609-498C-B12F-057F7C3EAD08,2013-09-16 00:00:00.000
12780,11975,alexis43@adventure-works.com,06E3C609-011B-4387-B370-1BF03E4DF415,2014-02-03 00:00:00.000
12781,11976,rafael0@adventure-works.com,31C8AB7A-E545-4545-AB60-41B92E023938,2013-11-05 00:00:00.000
12782,11977,alexis44@adventure-works.com,26BFF3E4-37ED-404F-9586-829E0BDC25DA,2014-05-09 00:00:00.000
12783,11978,alexis45@adventure-works.com,89362DA5-ED05-4C5E-96BF-5A8734AEE23B,2014-03-07 00:00:00.000
12784,11979,rafael1@adventure-works.com,4AF2D06C-85C5-4DE0-B72C-0CFE91BFCA12,2014-05-20 00:00:00.000
12785,11980,rafael2@adventure-works.com,8AF04266-5AD9-49B2-AD7D-7A44E596638F,2013-08-20 00:00:00.000
12786,11981,alexis46@adventure-works.com,54D8715A-ED2D-42DD-BD58-8FFFA9D4193E,2013-10-28 00:00:00.000
12787,11982,julian1@adventure-works.com,506B4B1D-DCFD-4674-89AD-C500BFFD989D,2013-11-20 00:00:00.000
12788,11983,rafael3@adventure-works.com,DB02660F-58EA-4CCA-9EAE-379E16E0B2A2,2014-05-07 00:00:00.000
12789,11984,janice4@adventure-works.com,56E818CF-E514-44EA-A711-F91FDFA7B45B,2013-04-17 00:00:00.000
12790,11985,rafael4@adventure-works.com,5E3A81DC-BF84-4D9D-A801-CDD1F9533E26,2013-08-14 00:00:00.000
12791,11986,rafael5@adventure-works.com,B81C9381-9093-4532-A51D-57FCE53F769F,2014-01-22 00:00:00.000
12792,11987,gregory27@adventure-works.com,26C546BD-EEB3-468A-89A9-A13127FE31F3,2013-09-06 00:00:00.000
12793,11988,rafael6@adventure-works.com,7E13C7AF-A50D-4F3F-AF53-E514310713D1,2013-09-16 00:00:00.000
12794,11989,rafael7@adventure-works.com,5C30866C-243E-40DE-9981-230B3C4828C0,2013-03-15 00:00:00.000
12795,11990,abigail71@adventure-works.com,F66EA172-EC38-46CC-8DBC-EAA94B4AB822,2014-06-11 00:00:00.000
12796,11991,abigail72@adventure-works.com,08CB07AF-D6A5-453C-93A3-7ED92916676B,2013-04-26 00:00:00.000
12797,11992,abigail73@adventure-works.com,3942308E-A875-4356-945B-0323B0E7DA58,2011-06-03 00:00:00.000
12798,11993,abigail74@adventure-works.com,02CFAA11-BCF8-4D62-BB32-0FBF4951D4FD,2012-04-16 00:00:00.000
12799,11994,francisco0@adventure-works.com,01F6E8A9-4E54-402F-8CC9-C5FDA9D54973,2013-07-31 00:00:00.000
12800,11995,rafael8@adventure-works.com,5F271B93-9CEF-4A61-B062-8242F18B0DA2,2013-08-17 00:00:00.000
12801,11996,abigail75@adventure-works.com,CE177785-F5B1-4675-81A6-7F4611D220A5,2011-06-21 00:00:00.000
12802,11997,oscar2@adventure-works.com,A69FCD4B-06B4-49A0-9050-282AF624C4FB,2013-11-11 00:00:00.000
12803,11998,rafael9@adventure-works.com,C6B58FAA-932E-49D9-8109-060C94A87F73,2013-07-03 00:00:00.000
12804,11999,oscar3@adventure-works.com,F0362EE2-D69C-4364-BB55-D6F4E89F7D05,2014-01-08 00:00:00.000
12805,12000,oscar4@adventure-works.com,1FB374E9-52DB-4E47-BA08-BE8A3CD098E4,2014-01-11 00:00:00.000
12806,12001,rafael10@adventure-works.com,8B5DF60B-4784-464B-8B88-E80788280392,2012-11-12 00:00:00.000
12807,12002,oscar5@adventure-works.com,B779A021-FA5B-40A7-9195-0CA9BF8059F0,2013-10-04 00:00:00.000
12808,12003,oscar6@adventure-works.com,65108718-5685-4EA7-A710-3FDBA371FE39,2013-11-02 00:00:00.000
12809,12004,oscar7@adventure-works.com,B0B23888-F9AE-4654-BAF1-3397207D71ED,2013-12-13 00:00:00.000
12810,12005,rafael11@adventure-works.com,9CF01605-D0A6-48EF-B2A2-5896C551B265,2014-05-11 00:00:00.000
12811,12006,rafael12@adventure-works.com,5C686F71-4CA4-4D3F-BCC2-96528399D069,2014-02-19 00:00:00.000
12812,12007,rafael13@adventure-works.com,6DABA213-EDF4-46A7-9DEB-C44EE23A7AE5,2012-08-16 00:00:00.000
12813,12008,oscar8@adventure-works.com,9267228C-AC84-45CC-9084-FE4872A0E2B6,2013-12-28 00:00:00.000
12814,12009,trevor0@adventure-works.com,A2DC994C-48D5-4FC1-9746-F3271C81488E,2013-04-23 00:00:00.000
12815,12010,rafael14@adventure-works.com,E8497865-B92A-419D-A176-B94E19E4717A,2013-01-03 00:00:00.000
12816,12011,trevor1@adventure-works.com,8EBB9FFE-0423-4220-B1E4-262F38375A73,2013-11-12 00:00:00.000
12817,12012,rafael15@adventure-works.com,9A2CFE93-719B-467F-8162-08B380C9DA96,2014-05-13 00:00:00.000
12818,12013,trevor2@adventure-works.com,3CC9FCD2-91C1-4941-9C5A-3E7AD842658E,2013-10-08 00:00:00.000
12819,12014,rafael16@adventure-works.com,1EF81DA6-5852-42EC-9EB4-5CE0215EE3E8,2013-08-01 00:00:00.000
12820,12015,trevor3@adventure-works.com,D23591C5-04F6-487F-91A5-CAF73C7B24BB,2011-07-11 00:00:00.000
12821,12016,rafael17@adventure-works.com,FA36DE3C-31E4-4617-BF79-C4E51D1C91F5,2012-08-31 00:00:00.000
12822,12017,trevor4@adventure-works.com,DA5FB72F-99F5-4D07-9DF1-4C66AB8900A2,2013-08-16 00:00:00.000
12823,12018,trevor5@adventure-works.com,70D75B47-69C9-4FDE-A3F1-EBAA2558AADD,2013-12-25 00:00:00.000
12824,12019,trevor6@adventure-works.com,A179C1CA-3161-4E48-8DDE-13CF131E8C5F,2013-10-07 00:00:00.000
12825,12020,rafael18@adventure-works.com,67C2FE0D-F10C-4F36-AAB3-A30E0D56B946,2013-08-10 00:00:00.000
12826,12021,trevor7@adventure-works.com,86F3809C-5DF4-4A6D-89EB-7BB23D3CE094,2014-02-15 00:00:00.000
12827,12022,rafael19@adventure-works.com,113BFB0E-B2C9-4169-8336-BE4033FECC07,2014-02-26 00:00:00.000
12828,12023,trevor8@adventure-works.com,2E3D4A1E-9526-4FA2-BFF3-9C2D56CFF75D,2013-03-29 00:00:00.000
12829,12024,trevor9@adventure-works.com,204AA271-6493-4BAC-8ACF-BE04DCF97C5E,2014-05-03 00:00:00.000
12830,12025,trevor10@adventure-works.com,06F68A12-B365-4A35-BF6D-A260C2E71E8F,2013-08-04 00:00:00.000
12831,12026,rafael20@adventure-works.com,9FB5F9C1-E422-4BC0-A050-68A06A3B231B,2014-05-19 00:00:00.000
12832,12027,rafael21@adventure-works.com,D37FE9C4-9B4C-4CB0-88F2-F2441DEA757C,2014-05-05 00:00:00.000
12833,12028,robyn0@adventure-works.com,2975569B-6AD9-4CD1-8077-C4BD3F066004,2012-06-04 00:00:00.000
12834,12029,rafael22@adventure-works.com,E2700C04-F5CA-448D-8E5F-4287EB354041,2013-07-04 00:00:00.000
12835,12030,trevor11@adventure-works.com,1DFE324A-BAA0-4759-B185-47E01F7023FD,2012-05-25 00:00:00.000
12836,12031,trevor12@adventure-works.com,85D3122D-5292-4A1B-80F1-5A416EBA91E9,2014-06-15 00:00:00.000
12837,12032,rafael23@adventure-works.com,0E47A4E9-EA3E-46CB-AFB2-BE604C4301BA,2012-03-14 00:00:00.000
12838,12033,trevor13@adventure-works.com,5D0CD755-28BF-4E8E-A5A5-7824BDA907CB,2012-08-12 00:00:00.000
12839,12034,rafael24@adventure-works.com,EFBAFDAE-3B3D-4957-975F-C0FF8BE49D14,2013-11-27 00:00:00.000
12840,12035,trevor14@adventure-works.com,3AFE3638-8C3A-4A9D-91E7-43FC488AD4DF,2013-07-04 00:00:00.000
12841,12036,trevor15@adventure-works.com,4301AB88-F2E0-4D54-8D5C-D684E8FB0FB5,2012-05-04 00:00:00.000
12842,12037,rafael25@adventure-works.com,0BA5FBD1-A86C-4494-B4C9-E1668A0EEC56,2014-01-18 00:00:00.000
12843,12038,trevor16@adventure-works.com,A69C1BCA-62E8-425C-9513-C76B7F6D1B7A,2013-09-24 00:00:00.000
12844,12039,trevor17@adventure-works.com,DE0BC58A-E276-43F1-95F4-0DD55A771D01,2013-07-10 00:00:00.000
12845,12040,rafael26@adventure-works.com,65D25C17-E388-4E50-A711-1733732ED288,2012-02-15 00:00:00.000
12846,12041,trevor18@adventure-works.com,02A77F67-3E5C-4291-831A-2309CC1EAFE5,2012-01-07 00:00:00.000
12847,12042,trevor19@adventure-works.com,E74D0F9D-6FA7-49B7-9DD3-5A315EA88C08,2014-05-18 00:00:00.000
12848,12043,rafael27@adventure-works.com,BD0211DA-DB74-47C9-9523-50598C6D078C,2012-02-19 00:00:00.000
12849,12044,trevor20@adventure-works.com,2D4B106B-94E4-416D-8134-0BD914EC40E5,2014-03-21 00:00:00.000
12850,12045,rafael28@adventure-works.com,E8677B35-A12F-4EF5-9094-4FB7D65A30E1,2012-06-14 00:00:00.000
12851,12046,rafael29@adventure-works.com,7A65AF84-7157-4B32-B420-968995509ECF,2013-10-25 00:00:00.000
12852,12047,trevor21@adventure-works.com,7CD3EC8B-50C6-41A8-99E3-FEAF959BC72A,2014-05-01 00:00:00.000
12853,12048,trevor22@adventure-works.com,9D940032-54D2-4C30-B5B5-6371DECA5BA3,2013-07-15 00:00:00.000
12854,12049,rafael30@adventure-works.com,0E68E320-7192-4116-878E-4D964C78F395,2012-05-23 00:00:00.000
12855,12050,tristan0@adventure-works.com,1ADBE985-D358-4F2A-B9A4-6AD1DDD69262,2013-10-20 00:00:00.000
12856,12051,tristan1@adventure-works.com,A5D5A184-E806-42C9-A89F-04D15103C98C,2013-08-12 00:00:00.000
12857,12052,tristan2@adventure-works.com,E650A79F-D19D-46DD-A36B-11776219782B,2013-08-11 00:00:00.000
12858,12053,rafael31@adventure-works.com,57C8A822-CDE5-4835-9D77-8E038E523581,2013-07-03 00:00:00.000
12859,12054,robyn1@adventure-works.com,01594CB5-715B-4024-9764-353A4B638743,2013-02-01 00:00:00.000
12860,12055,rafael32@adventure-works.com,911CE870-2F73-4877-920C-2348E057FEB8,2013-09-20 00:00:00.000
12861,12056,rafael33@adventure-works.com,D518DDBB-C8A7-41D3-82AD-4A66DD0E9F58,2012-05-21 00:00:00.000
12862,12057,tristan3@adventure-works.com,845BDB82-DB3E-4CAA-B337-DF795D9C3B91,2013-11-10 00:00:00.000
12863,12058,tristan4@adventure-works.com,F9654150-000D-416A-8B5A-6E67526804EF,2012-04-13 00:00:00.000
12864,12059,rafael34@adventure-works.com,93339279-D6C4-466B-BEED-1AC9FDF4D847,2014-03-07 00:00:00.000
12865,12060,tristan5@adventure-works.com,C4BB99DE-0CAB-4DA6-8D84-C73D655F202F,2014-04-17 00:00:00.000
12866,12061,rafael35@adventure-works.com,0E4E3F38-15A6-4A88-AB4C-68B350193CEB,2013-08-22 00:00:00.000
12867,12062,tristan6@adventure-works.com,703916E1-42A1-431E-8932-39945CF91CC6,2013-09-04 00:00:00.000
12868,12063,tristan7@adventure-works.com,67C759D3-549E-4D76-9FD3-AE2F8F320C52,2014-01-11 00:00:00.000
12869,12064,tristan8@adventure-works.com,AF88B831-831F-4382-8832-64D77BCB6CB6,2011-06-26 00:00:00.000
12870,12065,tristan9@adventure-works.com,D0C76FAE-D07F-4B1D-829B-BBF86FC3EC1A,2014-01-26 00:00:00.000
12871,12066,rafael36@adventure-works.com,AFF07143-005D-4CF8-862A-6FE34CA4A73D,2012-12-10 00:00:00.000
12872,12067,tristan10@adventure-works.com,7ABC05A8-6B1B-4670-98E7-DE35AB13D0E2,2013-11-19 00:00:00.000
12873,12068,tristan11@adventure-works.com,52CBF7C6-1059-44F7-9EE9-E6626CB10BDE,2013-02-04 00:00:00.000
12874,12069,tristan12@adventure-works.com,829DC9AC-3352-436C-A2C8-448D912516CE,2014-02-25 00:00:00.000
12875,12070,tristan13@adventure-works.com,00B58DD3-27AD-4356-8304-F325BB81A743,2014-03-16 00:00:00.000
12876,12071,rafael37@adventure-works.com,88A56B17-9BFA-42C3-8406-DB328762E43A,2013-09-24 00:00:00.000
12877,12072,rafael38@adventure-works.com,1514581E-0B91-4022-BBB0-9E5AEE8BD9DA,2012-09-09 00:00:00.000
12878,12073,tristan14@adventure-works.com,5F128684-5DB3-4C88-8F1A-B65602918340,2014-06-29 00:00:00.000
12879,12074,rafael39@adventure-works.com,837A85C6-B93E-458D-B23C-7951CEB80798,2013-12-07 00:00:00.000
12880,12075,tristan15@adventure-works.com,0C24C99D-C9A9-44C3-9F49-FB22577A1FDE,2011-06-21 00:00:00.000
12881,12076,rafael40@adventure-works.com,3B3F69E2-B2E3-445E-A08C-B9E50A345FBE,2013-09-20 00:00:00.000
12882,12077,tristan16@adventure-works.com,DD737806-C65B-4F2E-B2DC-A5506EED13AF,2013-11-10 00:00:00.000
12883,12078,robyn2@adventure-works.com,FC1E47E9-63B4-4122-9A1A-B679C513F986,2013-10-27 00:00:00.000
12884,12079,rafael41@adventure-works.com,512FDD45-DEC1-47A6-8B73-C29A025EBB74,2013-12-09 00:00:00.000
12885,12080,tristan17@adventure-works.com,E2049507-A345-481A-BE03-E378373F27E8,2013-09-02 00:00:00.000
12886,12081,tristan18@adventure-works.com,A146AFE2-2436-4B9B-8D6F-3FFBB1A8A842,2013-10-30 00:00:00.000
12887,12082,tristan19@adventure-works.com,BA96567A-776F-4C5C-B91D-7B93402D567C,2013-12-14 00:00:00.000
12888,12083,tristan20@adventure-works.com,73B90A3D-AEBE-4F92-B228-8BB935D3E8DF,2013-11-16 00:00:00.000
12889,12084,rafael42@adventure-works.com,3947F0F8-46CC-479C-B5AE-DC340BC3AD86,2013-01-12 00:00:00.000
12890,12085,rafael43@adventure-works.com,09E6020B-EC4F-4330-9526-1A96F4F61CCD,2013-11-11 00:00:00.000
12891,12086,tristan21@adventure-works.com,FD1D4B27-9083-4CCC-8F41-903BAC783B43,2014-02-16 00:00:00.000
12892,12087,rafael44@adventure-works.com,70EBA659-6805-4B3D-84E4-B37F41C4B1CF,2014-04-03 00:00:00.000
12893,12088,tristan22@adventure-works.com,0091D919-6C20-4E73-A688-D07C0D237AFD,2013-08-22 00:00:00.000
12894,12089,aidan1@adventure-works.com,5D2CD046-7D52-48A2-AE12-D0C58B49C9A3,2014-05-08 00:00:00.000
12895,12090,rafael45@adventure-works.com,D2BB56DE-354F-4566-88A2-4CD1084799BB,2014-01-30 00:00:00.000
12896,12091,aidan2@adventure-works.com,0969D26C-BCA0-48F9-9ED3-88B6019D463A,2012-02-15 00:00:00.000
12897,12092,rafael46@adventure-works.com,8418F941-E967-4643-A62E-51F9A41D2AB7,2013-10-16 00:00:00.000
12898,12093,jaclyn0@adventure-works.com,8A513E6F-2992-4481-815B-5E9600D5712B,2012-04-19 00:00:00.000
12899,12094,jaclyn1@adventure-works.com,2C26B1D1-A488-4176-A510-F42A2C85E993,2013-07-24 00:00:00.000
12900,12095,jaclyn2@adventure-works.com,D88F7F99-2E17-4916-9DF4-30C5C5F185F1,2013-10-11 00:00:00.000
12901,12096,aidan3@adventure-works.com,9DDB1113-EAC3-4B4D-9036-8FA6603CDE73,2013-08-16 00:00:00.000
12902,12097,aidan4@adventure-works.com,3E45BAC7-65DA-4D96-8A88-CA19A03F8CDD,2012-02-12 00:00:00.000
12903,12098,jaclyn3@adventure-works.com,F47A09C2-434E-47D4-AA14-C0B6F02F5DEB,2011-11-01 00:00:00.000
12904,12099,jaclyn4@adventure-works.com,B73BF9A9-2EA6-4359-8BEC-ED7116E1ABF9,2012-09-21 00:00:00.000
12905,12100,aidan5@adventure-works.com,C669D1E8-4CE2-4AF0-B46B-8A8224D27D2B,2011-08-27 00:00:00.000
12906,12101,aidan6@adventure-works.com,EF58B4E0-85F4-45AB-AF95-FBAF56E93D2D,2014-04-03 00:00:00.000
12907,12102,aidan7@adventure-works.com,7F2FCD17-3230-41E9-808F-8F2ECF3EAC96,2014-01-30 00:00:00.000
12908,12103,jaclyn5@adventure-works.com,D54F2B5A-281E-4AB2-AA66-6EDE20DBF8A8,2013-09-07 00:00:00.000
12909,12104,aidan8@adventure-works.com,66534E29-77DC-49E2-968B-8BD539ACE49D,2012-04-09 00:00:00.000
12910,12105,aidan9@adventure-works.com,2AFFA79F-DF50-4FA7-9676-295B351450FE,2013-04-29 00:00:00.000
12911,12106,jaclyn6@adventure-works.com,9F4F061D-A88B-469D-BA6A-9EDA42D4ED38,2012-03-17 00:00:00.000
12912,12107,aidan10@adventure-works.com,4E5B606D-9D32-4974-BA46-77D565BCD103,2013-08-29 00:00:00.000
12913,12108,aidan11@adventure-works.com,8C28C9F3-EFD9-442D-B537-BCE530ED31D6,2013-09-09 00:00:00.000
12914,12109,aidan12@adventure-works.com,60914BAE-CAC9-486A-A029-7178610FCE3B,2013-11-07 00:00:00.000
12915,12110,jaclyn7@adventure-works.com,2DC1B3F4-038E-4CD7-92C0-9ECE08E6C183,2013-09-06 00:00:00.000
12916,12111,aidan13@adventure-works.com,F7AF4D57-83E5-47AD-BDCD-EF931FE43CE5,2013-07-07 00:00:00.000
12917,12112,aidan14@adventure-works.com,037E55E2-9F06-478E-AE72-A77B835DA700,2014-03-08 00:00:00.000
12918,12113,aidan15@adventure-works.com,F9790CC6-3ECC-4AAF-8CF2-C209746A5CDC,2014-05-06 00:00:00.000
12919,12114,jaclyn8@adventure-works.com,307B9FF8-27BA-42A5-BAAF-298B65D7F9A2,2014-04-01 00:00:00.000
12920,12115,jaclyn9@adventure-works.com,58F3EAB0-F97F-435F-9CE2-B776747F446C,2012-06-25 00:00:00.000
12921,12116,jaclyn10@adventure-works.com,EFF12351-8B38-4127-8C0D-B9DBA141D8A6,2013-09-07 00:00:00.000
12922,12117,aidan16@adventure-works.com,34F627D7-3599-43FE-82AE-D32AE4B3FEC7,2013-10-23 00:00:00.000
12923,12118,aidan17@adventure-works.com,B8164754-5D3C-49FC-89F0-4530EAFB4BA5,2012-10-19 00:00:00.000
12924,12119,aidan18@adventure-works.com,4147214A-79EF-4507-9C09-A5F275FE2916,2012-09-28 00:00:00.000
12925,12120,jaclyn11@adventure-works.com,B6C830B8-53FC-4CDD-99A4-6A3A886A8670,2012-09-27 00:00:00.000
12926,12121,aidan19@adventure-works.com,4E9B4FA1-4B4D-43A8-A668-5FFEBCE9A0B6,2012-09-11 00:00:00.000
12927,12122,aidan20@adventure-works.com,48E8ADFC-FF02-4EFF-A136-EDEDD2526FBB,2013-07-24 00:00:00.000
12928,12123,jaclyn12@adventure-works.com,6CFDC7D0-0C15-4D5C-8A6F-52B414AF7D48,2011-07-06 00:00:00.000
12929,12124,jaclyn13@adventure-works.com,D7917CB2-617D-4A5E-B26F-16A79E21D889,2013-03-17 00:00:00.000
12930,12125,aidan21@adventure-works.com,034E445A-7FF3-4F25-A222-5CEEC8ED8A09,2013-10-10 00:00:00.000
12931,12126,robyn3@adventure-works.com,48B1E14C-96D4-4AE8-A04D-1C6810B9557B,2011-08-21 00:00:00.000
12932,12127,jaclyn14@adventure-works.com,A3356E5C-4A5F-4760-9A73-A14B0433E54A,2013-08-01 00:00:00.000
12933,12128,aidan22@adventure-works.com,8A8FD46E-CDC8-4A7C-977D-5CF3738C9375,2013-10-26 00:00:00.000
12934,12129,aidan23@adventure-works.com,C927E4F3-A568-4C82-B03F-DF6D2B0658A9,2012-03-27 00:00:00.000
12935,12130,jaclyn15@adventure-works.com,9FF1CEDD-BC1D-4210-9E6D-66720F240965,2013-08-14 00:00:00.000
12936,12131,aidan24@adventure-works.com,D7896DE4-630D-4284-AAC2-40F6F19E11D7,2014-06-03 00:00:00.000
12937,12132,jaclyn16@adventure-works.com,26D9E315-B154-4C89-A0C8-D7EEECBC694E,2013-09-28 00:00:00.000
12938,12133,deb7@adventure-works.com,776DE597-FCEB-4D4F-86BA-F19934EA18CB,2013-05-08 00:00:00.000
12939,12134,jaclyn17@adventure-works.com,2E51ABBA-A42C-46CD-A79A-EE7C46DDF1CA,2013-12-06 00:00:00.000
12940,12135,dakota0@adventure-works.com,5D6623E1-DAA9-4A8F-90D5-BD6C19895CA3,2013-10-07 00:00:00.000
12941,12136,dakota1@adventure-works.com,AA1B9D9A-CF4A-4075-9D09-1FBC20EF085C,2013-12-22 00:00:00.000
12942,12137,jaclyn18@adventure-works.com,90156758-7040-42EC-AC30-2FE6F5E07FF5,2013-09-09 00:00:00.000
12943,12138,dakota2@adventure-works.com,E775BA2C-CA9D-48F4-BE8E-0F1C47093B70,2014-03-14 00:00:00.000
12944,12139,dakota3@adventure-works.com,A9EACD49-DAA0-4314-BE4D-50B2ADB2CC62,2012-02-21 00:00:00.000
12945,12140,jaclyn19@adventure-works.com,0574EB30-E443-459C-9209-45C529ED3BD6,2012-11-11 00:00:00.000
12946,12141,dakota4@adventure-works.com,EA915751-032E-46A6-A319-D7F869223E88,2012-07-07 00:00:00.000
12947,12142,jaclyn20@adventure-works.com,A92C509F-3B7C-4E9B-980F-BC753F64B88E,2013-10-23 00:00:00.000
12948,12143,dakota5@adventure-works.com,0304596B-668F-495A-8D0F-558484078E8F,2013-08-25 00:00:00.000
12949,12144,jaclyn21@adventure-works.com,3F9C6A4E-DE6B-4D90-80B7-B464BC4427E0,2012-03-10 00:00:00.000
12950,12145,dakota6@adventure-works.com,8B4874BF-65E3-4536-9247-B1D5984D1D06,2014-06-07 00:00:00.000
12951,12146,dakota7@adventure-works.com,D280D8B0-0CDD-4B22-A094-BD030B364229,2014-06-15 00:00:00.000
12952,12147,jaclyn22@adventure-works.com,096671F0-4C5B-4063-B417-E3024011B47B,2014-04-04 00:00:00.000
12953,12148,dakota8@adventure-works.com,29F9415D-F1E0-4749-90B1-85CF79B72BB3,2014-04-18 00:00:00.000
12954,12149,dakota9@adventure-works.com,FEBCAF35-A4AE-45AF-86E8-66D2BE2D949E,2013-07-11 00:00:00.000
12955,12150,robyn4@adventure-works.com,ED973799-9C56-4BB0-8196-B8A774C94FC1,2013-04-21 00:00:00.000
12956,12151,jaclyn23@adventure-works.com,A3C04A30-A81B-4A2C-B88B-3B6BFDCC6934,2014-02-11 00:00:00.000
12957,12152,deb8@adventure-works.com,E31B1782-7653-4293-90F0-71A4B1E46179,2014-06-05 00:00:00.000
12958,12153,dakota10@adventure-works.com,766647E5-84B0-4D29-AD32-E83D7BC9D2D2,2014-02-05 00:00:00.000
12959,12154,jaclyn24@adventure-works.com,672ABC25-D88A-4A2C-8B11-909B2D2403F0,2013-11-08 00:00:00.000
12960,12155,jaclyn25@adventure-works.com,D43E4BFD-A123-4C70-A84C-A02E830366BB,2012-06-16 00:00:00.000
12961,12156,carol19@adventure-works.com,648F91DE-B96E-4D44-B438-9C3CF084EA37,2013-03-25 00:00:00.000
12962,12157,dakota11@adventure-works.com,E08F0020-9A2F-488C-9076-0D6A46300F33,2013-04-17 00:00:00.000
12963,12158,jaclyn26@adventure-works.com,5B2A5327-43BA-448E-88DA-4E2DC597856A,2014-01-25 00:00:00.000
12964,12159,dakota12@adventure-works.com,E232EEA5-C0CA-4F4F-BA8D-0CD2288993F5,2013-09-23 00:00:00.000
12965,12160,jaclyn27@adventure-works.com,A0A56F33-E821-42F6-A6F8-05E925617B0E,2013-03-10 00:00:00.000
12966,12161,deb9@adventure-works.com,BC556060-EC7C-4215-A7E4-5A51C926927B,2013-01-29 00:00:00.000
12967,12162,jaclyn28@adventure-works.com,F7D49139-647A-47FA-A314-9E031D3D1804,2012-06-30 00:00:00.000
12968,12163,dakota13@adventure-works.com,0DE50A59-EC6C-4BE1-84B9-37DDF55073B0,2014-02-25 00:00:00.000
12969,12164,dakota14@adventure-works.com,3E693B8A-6226-4171-90D6-3A5FCCAEB8F4,2014-02-25 00:00:00.000
12970,12165,jaclyn29@adventure-works.com,CB8FDD16-4647-4ADC-ADA0-970348FC56D8,2012-11-27 00:00:00.000
12971,12166,jaclyn30@adventure-works.com,1B9429C5-C332-45F6-877E-5AD015ECA082,2012-09-13 00:00:00.000
12972,12167,dakota15@adventure-works.com,54CF15C3-0188-48F3-A328-D85805736BC9,2013-11-06 00:00:00.000
12973,12168,jaclyn31@adventure-works.com,7A8DAA1D-1D24-494F-86F2-1D862CD9AFA6,2014-01-01 00:00:00.000
12974,12169,dakota16@adventure-works.com,851FF0E1-66A8-4A73-9D99-E8DFB8E19B38,2013-01-18 00:00:00.000
12975,12170,jaclyn32@adventure-works.com,ECA6EC89-4767-4BD8-9709-C95F30C14E3A,2014-03-18 00:00:00.000
12976,12171,dakota17@adventure-works.com,002595D2-5199-49C6-9E69-F355B4E534A2,2012-07-07 00:00:00.000
12977,12172,jaclyn33@adventure-works.com,955BCE12-1C48-4546-AD01-863FDB7CD5D6,2013-10-27 00:00:00.000
12978,12173,dakota18@adventure-works.com,4353BA7D-6E5B-4AC3-80AB-CA53868B2EBF,2013-10-15 00:00:00.000
12979,12174,jaclyn34@adventure-works.com,971DFE59-3D53-44B9-BFB2-51EAC9E22E78,2012-11-05 00:00:00.000
12980,12175,emily25@adventure-works.com,9F03751D-7353-4C1D-888B-EE3B9BE30745,2014-05-25 00:00:00.000
12981,12176,jaclyn35@adventure-works.com,FB8F2DEC-FD5D-4F3B-8A69-B6AB8E425051,2014-05-22 00:00:00.000
12982,12177,jaclyn36@adventure-works.com,12C754DB-570B-48C6-A585-611FE1065D73,2012-07-23 00:00:00.000
12983,12178,jaclyn37@adventure-works.com,CDFDC93D-954A-4E76-A28B-D4CBC1F7BB27,2012-01-08 00:00:00.000
12984,12179,emily26@adventure-works.com,1F54E619-BE4D-46C3-A013-581453266843,2014-02-26 00:00:00.000
12985,12180,emily27@adventure-works.com,47E0D233-92E4-4E75-B566-7EB7436C4578,2013-11-01 00:00:00.000
12986,12181,emily28@adventure-works.com,2126E27A-C3C1-41F7-AC76-C8E32E1E0411,2013-10-15 00:00:00.000
12987,12182,jaclyn38@adventure-works.com,8CCEFF6F-104A-4279-8ED7-28318489C6F2,2011-11-24 00:00:00.000
12988,12183,emily29@adventure-works.com,75461D26-8182-4CCE-A16B-709FB3DBA335,2014-01-19 00:00:00.000
12989,12184,jaclyn39@adventure-works.com,7D7CF006-8923-458A-8CD7-8C67C4638216,2012-03-04 00:00:00.000
12990,12185,jaclyn40@adventure-works.com,11F13A13-385E-4CF2-8622-2B8B8E6202A9,2012-03-15 00:00:00.000
12991,12186,emily30@adventure-works.com,3BD32C0E-2D6E-48E2-9516-04D9885A6DA9,2014-04-18 00:00:00.000
12992,12187,robyn5@adventure-works.com,E4BAEAEE-2EBE-43A5-8DFB-F9FD5FC1DDCF,2013-01-14 00:00:00.000
12993,12188,jaclyn41@adventure-works.com,E6A412F3-6EA1-4F2E-9D4B-B06CAA7CEC3C,2014-06-15 00:00:00.000
12994,12189,emily31@adventure-works.com,2798CDFD-E7F3-49FA-9E3D-194898AF7992,2012-11-11 00:00:00.000
12995,12190,emily32@adventure-works.com,1F51ED57-104E-48F3-AA2C-1FFDCB4F472E,2012-10-30 00:00:00.000
12996,12191,emily33@adventure-works.com,4FA97048-033E-4860-928D-CAC171C148DC,2013-09-05 00:00:00.000
12997,12192,jaclyn42@adventure-works.com,709D631C-F98B-4C68-AC5D-91D0635EEB3C,2014-03-16 00:00:00.000
12998,12193,emily34@adventure-works.com,87EE2CD5-E3CD-4994-97F8-CCD69AEC1BC8,2012-08-22 00:00:00.000
12999,12194,jaclyn43@adventure-works.com,7286A0DF-94C5-43BF-A898-761D6BAE4BC8,2014-03-17 00:00:00.000
13000,12195,emily35@adventure-works.com,12BB8DB4-82B5-45C8-810D-FA03AA831E57,2014-04-10 00:00:00.000
13001,12196,emily36@adventure-works.com,75C9DA7A-6C48-45C7-A21D-FD70EF52918E,2013-08-03 00:00:00.000
13002,12197,jaclyn44@adventure-works.com,E7FA4F4F-03E4-4D1D-A222-6A0897E9DC5F,2011-08-09 00:00:00.000
13003,12198,emily37@adventure-works.com,F08C161D-9A15-42A3-9A7A-BE68C3FBA15B,2013-07-20 00:00:00.000
13004,12199,emily38@adventure-works.com,59BF7652-B52C-4244-A038-D745B432B42D,2014-05-28 00:00:00.000
13005,12200,emily39@adventure-works.com,994718C3-258D-4B4F-B9E4-4D3E7BDD2528,2014-01-30 00:00:00.000
13006,12201,emily40@adventure-works.com,6AB2A246-150A-4F0E-901D-42ABE6FDB269,2013-09-13 00:00:00.000
13007,12202,tamara32@adventure-works.com,64EBE46D-8271-4978-9E76-3F3E5D8619CB,2013-09-28 00:00:00.000
13008,12203,emily41@adventure-works.com,766FE049-665C-4402-8CC9-140E13AC3418,2013-11-30 00:00:00.000
13009,12204,emily42@adventure-works.com,1C4C421B-8B91-452F-8849-A7670DCDD981,2014-04-26 00:00:00.000
13010,12205,emily43@adventure-works.com,C623F738-9D55-407F-B2CE-B5F8E33D4A3C,2013-03-24 00:00:00.000
13011,12206,emily44@adventure-works.com,2A29F0B4-257F-4E96-B7B5-96E0F8E81FF9,2014-03-11 00:00:00.000
13012,12207,tamara33@adventure-works.com,63B593BE-62AA-4576-904F-158C212B0077,2012-11-28 00:00:00.000
13013,12208,emily45@adventure-works.com,D861169F-437F-4B60-AD18-32D15E9DE2CA,2013-10-06 00:00:00.000
13014,12209,tamara34@adventure-works.com,CB8B8B03-F364-46B1-A59E-130E0F5DB938,2013-12-17 00:00:00.000
13015,12210,emily46@adventure-works.com,2DDB1D6E-5347-4C15-8EB3-FF4E7DF3BCA4,2013-11-22 00:00:00.000
13016,12211,emily47@adventure-works.com,ABBF69C0-BBF8-4F6D-A6B2-A3554F1FA8FD,2014-05-05 00:00:00.000
13017,12212,emily48@adventure-works.com,A37AB6E4-30A7-400B-90AD-22DE01135BE2,2013-09-08 00:00:00.000
13018,12213,robyn6@adventure-works.com,93F8994F-C268-4ED2-8F58-FD4DC0953C08,2013-12-17 00:00:00.000
13019,12214,hannah23@adventure-works.com,4841866D-715F-4C96-B3A2-BA50AA9F1D6C,2014-02-26 00:00:00.000
13020,12215,hannah24@adventure-works.com,2389D7F1-62A2-44FC-A4D7-20DEAA8A9FF0,2014-03-18 00:00:00.000
13021,12216,hannah25@adventure-works.com,7DD3277C-342A-476A-B978-25F48D841480,2012-03-22 00:00:00.000
13022,12217,tamara35@adventure-works.com,25F3A3B1-9FE0-4544-917E-DF4A76874CE2,2011-08-16 00:00:00.000
13023,12218,tamara36@adventure-works.com,436BC30D-F9E4-4C2F-85FF-DC34252D9BEC,2013-07-09 00:00:00.000
13024,12219,hannah26@adventure-works.com,9BAD244C-E7E5-43D3-8C59-DFF65C5585CF,2013-04-07 00:00:00.000
13025,12220,tamara37@adventure-works.com,9E171D6B-81B4-4308-8C48-928D137D06AE,2013-11-20 00:00:00.000
13026,12221,tamara38@adventure-works.com,A03BD410-EF11-4B10-8279-2A0EB942DF4E,2014-05-03 00:00:00.000
13027,12222,hannah27@adventure-works.com,0BD83365-2F5A-441D-BF58-1F3BA9D8D2AC,2014-06-06 00:00:00.000
13028,12223,hannah28@adventure-works.com,3EE9DEBB-AC05-4EA1-8DA5-628D746E151B,2013-10-05 00:00:00.000
13029,12224,hannah29@adventure-works.com,792C26A7-7F73-42D6-9F70-B224F0E38F97,2014-02-16 00:00:00.000
13030,12225,tamara39@adventure-works.com,521371E7-5EB8-414B-91E9-E3AAEABF0937,2013-11-09 00:00:00.000
13031,12226,tamara40@adventure-works.com,AFCAF52D-EB03-4AB5-B2D3-1FC68F1BCF87,2013-10-22 00:00:00.000
13032,12227,louis2@adventure-works.com,15D5A3C1-ABE8-4B12-9FA0-0ECB7B76BD8C,2011-09-08 00:00:00.000
13033,12228,louis3@adventure-works.com,D8317BC2-B499-47E4-9CE4-B7206BCC4E2D,2013-01-03 00:00:00.000
13034,12229,hannah30@adventure-works.com,3D655171-587C-4630-BC1F-BEAEF2F6E106,2013-12-23 00:00:00.000
13035,12230,louis4@adventure-works.com,2C3E5A3A-5E0A-4926-B567-68E94F6DC0ED,2014-05-09 00:00:00.000
13036,12231,carol20@adventure-works.com,AF669DAF-AFDB-4E57-8A59-4D47908E8AB2,2013-09-02 00:00:00.000
13037,12232,hannah31@adventure-works.com,0531B5A4-3B7F-4BCC-B3FB-5F451D880F06,2014-04-21 00:00:00.000
13038,12233,hannah32@adventure-works.com,072F68F7-B4B8-496E-89A3-023FD932F981,2013-12-24 00:00:00.000
13039,12234,damien26@adventure-works.com,F2CF8FF3-6F5A-49D1-8AA5-B3799C5248FA,2013-08-29 00:00:00.000
13040,12235,robyn7@adventure-works.com,2A9B0A18-8ED1-4686-A6A0-2E017CAD8D11,2014-02-17 00:00:00.000
13041,12236,louis5@adventure-works.com,D247DF1B-A876-4570-A2D8-545A0B9D8E2F,2014-05-17 00:00:00.000
13042,12237,louis6@adventure-works.com,2BCF7271-5758-4AA6-AB56-26D7DF2B9B21,2013-07-15 00:00:00.000
13043,12238,hannah33@adventure-works.com,84FD1860-FA8E-4D74-970F-DF005E9603B6,2012-03-03 00:00:00.000
13044,12239,louis7@adventure-works.com,53298843-49C4-4D5B-9C4F-508789040698,2013-10-22 00:00:00.000
13045,12240,louis8@adventure-works.com,1CF50244-865B-4220-BE87-B9037AB53F86,2013-08-03 00:00:00.000
13046,12241,hannah34@adventure-works.com,057F8316-68BA-4B1E-8E85-257CF2E65996,2014-02-10 00:00:00.000
13047,12242,hannah35@adventure-works.com,B97B4AA9-6D7E-4CC8-AA97-F057856941DD,2013-07-09 00:00:00.000
13048,12243,louis9@adventure-works.com,791AB173-1DB2-4E89-BCD4-EF6DEB8C68D3,2013-02-10 00:00:00.000
13049,12244,louis10@adventure-works.com,01055A7B-9F15-47FF-94F9-D678834AB35C,2014-03-16 00:00:00.000
13050,12245,hannah36@adventure-works.com,3CCE3CFD-C5F7-48F1-AEBD-6E39CC628399,2012-11-29 00:00:00.000
13051,12246,louis11@adventure-works.com,E184DB3C-3871-4525-8604-2FD3C6102028,2012-09-12 00:00:00.000
13052,12247,carol21@adventure-works.com,B97838AD-98B3-427F-9F38-FDB320958BB0,2013-09-07 00:00:00.000
13053,12248,louis12@adventure-works.com,1EAE5076-BF22-4629-AE39-FF740AFB3223,2013-05-09 00:00:00.000
13054,12249,hannah37@adventure-works.com,C79A1CE1-FE9A-4213-824A-71B73E8463E8,2012-01-20 00:00:00.000
13055,12250,hannah38@adventure-works.com,C78B9414-94F4-464E-BDB9-04479DEA1C92,2013-08-03 00:00:00.000
13056,12251,louis13@adventure-works.com,148694CD-6971-427E-A3D9-AD357D100089,2012-06-15 00:00:00.000
13057,12252,louis14@adventure-works.com,3FEDAC93-854C-4C00-B2E6-B3A669F3E8D6,2014-03-29 00:00:00.000
13058,12253,hannah39@adventure-works.com,0CEDDFCE-DC00-4DA3-A3B1-787CBECBB075,2013-08-04 00:00:00.000
13059,12254,robyn8@adventure-works.com,4A899971-D752-4581-806A-FBC3F10F4943,2013-09-26 00:00:00.000
13060,12255,louis15@adventure-works.com,58D16C58-1706-494E-BC1E-4D4B2AE56D4E,2014-01-08 00:00:00.000
13061,12256,hannah40@adventure-works.com,B7D11096-3766-4B8B-8628-216EBCA40E78,2013-10-07 00:00:00.000
13062,12257,hannah41@adventure-works.com,711C999B-A3A3-4013-9510-C1C69E2259F4,2014-06-03 00:00:00.000
13063,12258,hannah42@adventure-works.com,2D7A1B69-C232-479A-9380-C7E6612B9E6E,2014-02-25 00:00:00.000
13064,12259,hannah43@adventure-works.com,7954C8A8-4BC3-4C69-A70E-C4313B2BCC29,2013-09-14 00:00:00.000
13065,12260,louis16@adventure-works.com,138A375B-F450-4623-BC14-9D78D3DE196D,2011-12-17 00:00:00.000
13066,12261,hannah44@adventure-works.com,0B88C1B7-DA96-4C97-B9A8-190EB60ED7B1,2014-01-16 00:00:00.000
13067,12262,madison35@adventure-works.com,168361B5-3B0A-4ED3-99CE-6E2C86A002A1,2014-04-29 00:00:00.000
13068,12263,louis17@adventure-works.com,9F89E52C-2C6C-49CE-A633-214B70EB5CC1,2013-10-23 00:00:00.000
13069,12264,madison36@adventure-works.com,321489BC-B87B-4A6A-91DC-04B5AF4F1D7D,2013-10-20 00:00:00.000
13070,12265,madison37@adventure-works.com,4332D8B9-BA81-4F9B-B765-AF22C24A6867,2014-02-26 00:00:00.000
13071,12266,madison38@adventure-works.com,750BF4F7-59D1-4E73-BF61-04E6A135A35C,2014-04-18 00:00:00.000
13072,12267,louis18@adventure-works.com,227D3170-63FD-41EF-80D1-B9CE7E6F956D,2013-11-11 00:00:00.000
13073,12268,madison39@adventure-works.com,02F23005-8108-4F2F-957E-558DD41E675B,2014-02-17 00:00:00.000
13074,12269,louis19@adventure-works.com,1EA1EB7F-FBE3-4399-A822-54604B8881AD,2014-03-20 00:00:00.000
13075,12270,madison40@adventure-works.com,B6EDA7DA-9AAF-4103-BA71-30069D5DBE7F,2013-06-14 00:00:00.000
13076,12271,louis20@adventure-works.com,77C9F066-4515-47F6-92AA-26245D0C6A26,2011-06-05 00:00:00.000
13077,12272,louis21@adventure-works.com,25064944-90C2-4CF4-B371-B40523E270A4,2014-01-02 00:00:00.000
13078,12273,madison41@adventure-works.com,85B414D0-5190-415F-B06D-8801E135FF64,2014-04-11 00:00:00.000
13079,12274,madison42@adventure-works.com,B013D077-FA92-4596-861A-A47222FD9D70,2013-12-08 00:00:00.000
13080,12275,louis22@adventure-works.com,FF2E904B-199A-49B1-A07C-B44EEBE91A17,2014-05-05 00:00:00.000
13081,12276,madison43@adventure-works.com,67EDF96D-5A2D-45C5-8284-49C329DDFDCE,2014-05-10 00:00:00.000
13082,12277,madison44@adventure-works.com,4B0B573D-FF22-4EBB-88D9-4015F2DA143D,2013-08-14 00:00:00.000
13083,12278,madison45@adventure-works.com,BD6FA675-DEB4-4D38-AD80-1F44489A9D20,2014-03-28 00:00:00.000
13084,12279,louis23@adventure-works.com,83621AD6-B525-4BEB-81F6-9EB8AFA2F52F,2011-12-14 00:00:00.000
13085,12280,madison46@adventure-works.com,7F7D31A6-3153-4E10-9DA5-5A9F6738A0B5,2013-04-10 00:00:00.000
13086,12281,louis24@adventure-works.com,6B1AC9BE-009E-451D-A003-27B0D4837E76,2011-09-09 00:00:00.000
13087,12282,madison47@adventure-works.com,95F08786-3F3D-4230-916A-F814E5252FE6,2012-02-21 00:00:00.000
13088,12283,louis25@adventure-works.com,1868F1C9-18F1-4984-9AA9-96A789C4DF00,2011-10-11 00:00:00.000
13089,12284,madison48@adventure-works.com,285F4AC9-5473-4AA7-A3AE-6DDD5D866597,2013-10-20 00:00:00.000
13090,12285,wyatt49@adventure-works.com,E2473053-7E9F-40CC-AAC7-2320E51B2065,2011-12-31 00:00:00.000
13091,12286,louis26@adventure-works.com,CB12038F-CDE3-4001-8E58-2F4C19F440B2,2013-09-07 00:00:00.000
13092,12287,wyatt50@adventure-works.com,A6905056-E451-47CD-B927-DBDD629AE796,2014-04-27 00:00:00.000
13093,12288,wyatt51@adventure-works.com,952EC96A-EE7B-4F79-A638-E0D7DD83CEBE,2013-11-04 00:00:00.000
13094,12289,fernando44@adventure-works.com,36F96A9E-424D-44C2-ACFF-60F197134731,2013-09-07 00:00:00.000
13095,12290,louis27@adventure-works.com,53EF6945-253A-4D66-AED8-F25799582486,2013-11-12 00:00:00.000
13096,12291,fernando45@adventure-works.com,AE312DEE-B08E-4D01-AF9C-28FFF7BF9C3E,2014-02-10 00:00:00.000
13097,12292,fernando46@adventure-works.com,1DAB0077-61E2-4653-A381-09E0B0826912,2014-03-11 00:00:00.000
13098,12293,fernando47@adventure-works.com,350E06FF-5170-4CFD-89EB-794DF0C7F8A2,2013-07-03 00:00:00.000
13099,12294,louis28@adventure-works.com,0C724EFE-761B-4129-822C-FE6AB58F336F,2013-11-02 00:00:00.000
13100,12295,fernando48@adventure-works.com,B1E67AB0-A0B8-48BF-B962-D361081AE9C3,2013-10-06 00:00:00.000
13101,12296,louis29@adventure-works.com,F7AA1DA6-9F6C-4780-A067-CE01806CA796,2014-04-14 00:00:00.000
13102,12297,louis30@adventure-works.com,864B1FB6-AF46-4667-8790-62076BD15522,2011-11-18 00:00:00.000
13103,12298,fernando49@adventure-works.com,2B76BBCE-DB6D-4F4D-A70D-C273FA3FD6B6,2013-09-24 00:00:00.000
13104,12299,louis31@adventure-works.com,29C33474-8C81-4AE2-973A-C602B97F1F92,2013-11-29 00:00:00.000
13105,12300,robyn9@adventure-works.com,91FCC756-E8D1-4A5B-A10F-36EC50CC08D1,2014-06-03 00:00:00.000
13106,12301,louis32@adventure-works.com,9CE8BF99-05DF-4ED7-BFB2-9B5BE41D5852,2014-04-23 00:00:00.000
13107,12302,fernando50@adventure-works.com,1624B1B9-99FA-4EE3-A72E-CD1ACFC32283,2013-08-17 00:00:00.000
13108,12303,louis33@adventure-works.com,4CF99A3F-DFFD-4D84-B9A7-65B0E23BA01E,2013-07-31 00:00:00.000
13109,12304,louis34@adventure-works.com,8E73C678-A01B-4469-A45D-9C3419242BA5,2012-02-01 00:00:00.000
13110,12305,fernando51@adventure-works.com,26B5264B-AB86-446F-AA4C-50A10A6E6B15,2014-01-19 00:00:00.000
13111,12306,louis35@adventure-works.com,D3BFF47F-94CD-42B6-B1B5-874CF281E69D,2013-12-21 00:00:00.000
13112,12307,louis36@adventure-works.com,4D8575D0-362B-48A2-92D9-529C970E4358,2014-02-20 00:00:00.000
13113,12308,fernando52@adventure-works.com,8DB4E548-4F66-4508-A3B3-40743AC76916,2014-02-12 00:00:00.000
13114,12309,fernando53@adventure-works.com,CC731C5D-E7D0-4508-9A92-7D6C356DBD18,2012-09-28 00:00:00.000
13115,12310,fernando54@adventure-works.com,0FE05614-19DE-43F7-829E-85E47F1AB0A0,2013-09-09 00:00:00.000
13116,12311,louis37@adventure-works.com,3ACD4BE7-3A90-495C-AECB-156D44BCC8CF,2014-04-09 00:00:00.000
13117,12312,fernando55@adventure-works.com,15D7624B-55C9-44E9-A4B9-0D64C478A159,2012-03-23 00:00:00.000
13118,12313,edwin0@adventure-works.com,F0D6E405-0DF1-4E09-B339-3FFB7D2C5A77,2013-05-01 00:00:00.000
13119,12314,fernando56@adventure-works.com,BBF171AE-1530-4867-8BDC-153339993B45,2014-05-25 00:00:00.000
13120,12315,edwin1@adventure-works.com,B2646175-2E4F-48B0-AB60-A764E5E52479,2014-06-11 00:00:00.000
13121,12316,fernando57@adventure-works.com,9C701760-34F1-440D-B88D-FF5EBBB6A5C8,2014-05-30 00:00:00.000
13122,12317,robyn10@adventure-works.com,6FD01893-90E0-4204-B882-4D771F86CD6D,2013-10-04 00:00:00.000
13123,12318,edwin2@adventure-works.com,A437441E-5F3B-488C-8E76-4A0BB080EBF5,2012-09-12 00:00:00.000
13124,12319,edwin3@adventure-works.com,2069A3F0-9377-4D56-85DB-1143723D3345,2013-03-25 00:00:00.000
13125,12320,fernando58@adventure-works.com,BCC27F9C-D1D8-4656-8A93-60B5356B979A,2013-07-16 00:00:00.000
13126,12321,edwin4@adventure-works.com,EB5AE41C-8159-4D9E-BA0D-CE8B4B65EE3A,2014-06-22 00:00:00.000
13127,12322,edwin5@adventure-works.com,AF67010F-776F-4827-9197-9A0AC8709BD9,2014-03-27 00:00:00.000
13128,12323,fernando59@adventure-works.com,22DBA741-978C-4D02-A390-E2525F19C2AB,2012-04-26 00:00:00.000
13129,12324,fernando60@adventure-works.com,9A8B1C7C-2C06-4053-800C-F2C4528D0823,2013-10-22 00:00:00.000
13130,12325,fernando61@adventure-works.com,08EE98DE-3627-4622-8924-112BAD12DF93,2012-08-30 00:00:00.000
13131,12326,edwin6@adventure-works.com,2D691B37-6F76-4360-9A4E-575D695129C7,2012-06-11 00:00:00.000
13132,12327,fernando62@adventure-works.com,541408AA-C12C-4317-9F70-F8489559BB9E,2014-01-10 00:00:00.000
13133,12328,fernando63@adventure-works.com,67E3C329-8AF8-4483-81C7-3F61C7CE8E8F,2013-07-24 00:00:00.000
13134,12329,fernando64@adventure-works.com,E11A4D3F-AC7D-4870-BA8E-BB9397FD9AE6,2014-04-01 00:00:00.000
13135,12330,edwin7@adventure-works.com,723257D1-A1A3-4B2D-8B4E-5F59396D6F30,2014-06-18 00:00:00.000
13136,12331,spencer1@adventure-works.com,28BBC051-E7C8-472A-A9E9-9270663218B7,2014-01-10 00:00:00.000
13137,12332,spencer2@adventure-works.com,83880BE4-6258-4FA0-99B7-7804233F9D4B,2013-08-27 00:00:00.000
13138,12333,edwin8@adventure-works.com,6BCAA9FF-831D-42EE-8BFB-CBC5743FD687,2012-02-05 00:00:00.000
13139,12334,spencer3@adventure-works.com,A145409A-6320-48DC-90B6-5883397709E5,2014-04-12 00:00:00.000
13140,12335,spencer4@adventure-works.com,2ED31AAB-162B-4A96-9A54-66B0DD0A2476,2014-04-28 00:00:00.000
13141,12336,spencer5@adventure-works.com,94833E75-C744-421F-8299-5D89941EFF51,2014-04-20 00:00:00.000
13142,12337,edwin9@adventure-works.com,0CB58888-315C-41C6-982F-FB1B60EBDF5D,2012-11-18 00:00:00.000
13143,12338,spencer6@adventure-works.com,C8C87F98-AD01-4268-9061-E7DB74430176,2011-09-15 00:00:00.000
13144,12339,edwin10@adventure-works.com,E97D7BD7-E049-48EC-B0EC-F8F4BEE32836,2011-11-06 00:00:00.000
13145,12340,spencer7@adventure-works.com,A6E2A985-4EFE-4110-8EAA-90FD73BCEDAD,2013-10-23 00:00:00.000
13146,12341,edwin11@adventure-works.com,9938CC13-4C76-4783-A210-0A24E8F6DABC,2011-12-19 00:00:00.000
13147,12342,spencer8@adventure-works.com,CB13B79C-A1A7-4FD2-849E-46A7D12A8500,2014-01-27 00:00:00.000
13148,12343,spencer9@adventure-works.com,3FB58959-F117-498E-B276-47A473F3B37A,2013-11-20 00:00:00.000
13149,12344,spencer10@adventure-works.com,0DA1941E-34A5-4DCC-8EC1-641995F9C823,2013-12-15 00:00:00.000
13150,12345,robyn11@adventure-works.com,B2B56D29-F7F9-4FEF-8900-210C5B23AD7F,2013-08-18 00:00:00.000
13151,12346,edwin12@adventure-works.com,43952D84-7899-4AA8-AFF9-889D12CEBCBF,2013-11-01 00:00:00.000
13152,12347,spencer11@adventure-works.com,0B1017E3-78BF-4D6F-9BE1-12284E89A68C,2014-04-19 00:00:00.000
13153,12348,spencer12@adventure-works.com,D05CD676-2319-40CB-9DBE-243B385401EB,2013-09-09 00:00:00.000
13154,12349,edwin13@adventure-works.com,0C5DDBD3-C680-456C-92BE-E347B887ED02,2011-07-24 00:00:00.000
13155,12350,spencer13@adventure-works.com,EC128429-8599-44FA-91D6-B76DF6043DF7,2014-04-29 00:00:00.000
13156,12351,spencer14@adventure-works.com,C430EC23-DBCA-4866-ACD4-7312E97E59C1,2013-02-14 00:00:00.000
13157,12352,spencer15@adventure-works.com,BD02ADC4-EB30-41F5-BAF4-036A3EB455A5,2014-04-22 00:00:00.000
13158,12353,spencer16@adventure-works.com,FA5257C2-2EF0-4730-B961-B0F7C55E7B16,2014-04-28 00:00:00.000
13159,12354,edwin14@adventure-works.com,643B4E95-380E-4788-80C8-F35BB76D6331,2014-03-12 00:00:00.000
13160,12355,edwin15@adventure-works.com,6C5ECDE7-3EBB-44BA-9C7B-E39961183E17,2013-11-30 00:00:00.000
13161,12356,edwin16@adventure-works.com,B1AD23CF-C6D0-4B16-9D3D-8727DEAD0564,2011-12-29 00:00:00.000
13162,12357,spencer17@adventure-works.com,38587D83-B6A5-4DD7-AD1B-4C358B6CF23C,2013-10-10 00:00:00.000
13163,12358,spencer18@adventure-works.com,C86C171B-21BC-4C16-8DEB-6F21FF4997EC,2013-12-15 00:00:00.000
13164,12359,edwin17@adventure-works.com,165C77DA-334F-4E4C-87F5-B1E5B23918B9,2013-07-08 00:00:00.000
13165,12360,spencer19@adventure-works.com,ED8AE711-CC28-41E1-B179-C305B51EEE2F,2012-09-21 00:00:00.000
13166,12361,edwin18@adventure-works.com,493532BD-0648-4578-BC9B-0635E0A6AE44,2014-06-27 00:00:00.000
13167,12362,edwin19@adventure-works.com,7571D6CC-3D93-4B80-B0C0-3C6890F70031,2013-10-21 00:00:00.000
13168,12363,spencer20@adventure-works.com,F508221B-46CD-4DA1-9A2E-F2DF68381345,2013-09-04 00:00:00.000
13169,12364,edwin20@adventure-works.com,E96926B6-6AA4-4D69-B6D4-8BCFF71F46F6,2013-01-07 00:00:00.000
13170,12365,spencer21@adventure-works.com,98250EC3-177A-4975-940C-6ECBF63729BF,2014-04-14 00:00:00.000
13171,12366,giorgio0@adventure-works.com,A20CC02B-EBF2-489A-B197-383FB1997559,2013-09-23 00:00:00.000
13172,12367,edwin21@adventure-works.com,CF3F24E5-E4F9-47BD-918D-5DD6F02D15A6,2014-05-21 00:00:00.000
13173,12368,spencer22@adventure-works.com,09272228-E2EE-40A8-8741-5BA8FBC8DE25,2012-02-06 00:00:00.000
13174,12369,edwin22@adventure-works.com,623060B9-0692-41C9-8311-645AA6E26D91,2014-03-23 00:00:00.000
13175,12370,edwin23@adventure-works.com,02B66C15-870B-4DA8-9DDA-32C3653F8BE2,2012-11-13 00:00:00.000
13176,12371,spencer23@adventure-works.com,DAD1980F-BEF9-4BA2-A400-B5925B9EF47D,2011-08-08 00:00:00.000
13177,12372,spencer24@adventure-works.com,487F5D37-3343-4190-9248-21F04AB91E0D,2013-01-29 00:00:00.000
13178,12373,edwin24@adventure-works.com,E6999B26-BF9E-4FCC-A82F-886901277917,2013-03-28 00:00:00.000
13179,12374,spencer25@adventure-works.com,CC1FA421-3E7E-4B92-8DAA-E19C8D78F253,2013-08-15 00:00:00.000
13180,12375,edwin25@adventure-works.com,6F82DAB3-0BB6-4B46-834D-8FBBE97184A0,2013-12-13 00:00:00.000
13181,12376,antonio0@adventure-works.com,EF43F34B-BC86-405C-AAA4-AD9FA86513F3,2013-08-30 00:00:00.000
13182,12377,antonio1@adventure-works.com,3889FEB6-19BC-436A-8BED-92D5FB27F32B,2013-07-10 00:00:00.000
13183,12378,edwin26@adventure-works.com,BC0FC641-9E19-4118-97D2-5639991E2ECA,2012-04-21 00:00:00.000
13184,12379,antonio2@adventure-works.com,DD349702-0C5F-44F5-A831-DAEA422F5245,2014-06-29 00:00:00.000
13185,12380,edwin27@adventure-works.com,9BA9015B-DB52-463A-A520-340F90F3E630,2014-05-07 00:00:00.000
13186,12381,edwin28@adventure-works.com,8005D6D1-AB44-4C35-BB41-B29D9725FF60,2014-06-14 00:00:00.000
13187,12382,antonio3@adventure-works.com,617C6F1E-4BCC-43EF-8065-6BB9901793DE,2014-01-16 00:00:00.000
13188,12383,robyn12@adventure-works.com,EE0DB79E-FB2F-47BB-B025-459DE84F13DB,2013-03-24 00:00:00.000
13189,12384,edwin29@adventure-works.com,C620E563-E9C5-4478-BAFA-9988438B1C33,2014-04-05 00:00:00.000
13190,12385,antonio4@adventure-works.com,05FBE6DE-815C-4087-B693-07A8E05849C0,2013-09-05 00:00:00.000
13191,12386,edwin30@adventure-works.com,44713A75-7004-4179-B880-1F4B7FE91138,2013-08-24 00:00:00.000
13192,12387,edwin31@adventure-works.com,A397594E-0DF9-46E4-9732-A20BCE672957,2013-03-18 00:00:00.000
13193,12388,edwin32@adventure-works.com,88977224-71D6-4FCA-85EF-5BAFF80309F2,2013-01-05 00:00:00.000
13194,12389,edwin33@adventure-works.com,548085F7-A33B-43FA-B4BF-048275F30CF8,2013-09-16 00:00:00.000
13195,12390,antonio5@adventure-works.com,3FF4052F-88E1-458A-A060-2677F6F495A8,2013-10-11 00:00:00.000
13196,12391,edwin34@adventure-works.com,DACBEE6E-C077-4AF8-891E-783148E0DB2A,2013-10-13 00:00:00.000
13197,12392,edwin35@adventure-works.com,1D611AAD-9A7A-45A0-A515-8132818F1F47,2013-10-13 00:00:00.000
13198,12393,antonio6@adventure-works.com,190FF021-2C06-442C-8737-A22A931C8551,2014-02-24 00:00:00.000
13199,12394,edwin36@adventure-works.com,BFEBA222-14D4-4DB3-A570-64B5338D1A3C,2014-02-07 00:00:00.000
13200,12395,edwin37@adventure-works.com,B3AEEA1B-8DAE-41C7-B8FF-862315786505,2014-06-26 00:00:00.000
13201,12396,antonio7@adventure-works.com,BF634FD3-D6B0-4BDD-B13F-E98EF8D0A795,2012-06-12 00:00:00.000
13202,12397,antonio8@adventure-works.com,5653A22A-B989-41D4-A724-25993485F1AF,2014-03-21 00:00:00.000
13203,12398,antonio9@adventure-works.com,3BD57DA8-E0EC-4BFD-BBD8-33240176922C,2013-05-08 00:00:00.000
13204,12399,edwin38@adventure-works.com,452BD0F9-6CFF-467C-B5BF-8436F78AEB67,2011-09-22 00:00:00.000
13205,12400,edwin39@adventure-works.com,0E87B271-D3D1-4F6E-BA3E-3E210125EE2E,2011-09-04 00:00:00.000
13206,12401,antonio10@adventure-works.com,957EB7F7-0A4B-4D7E-80E6-05D3FAB77758,2012-03-23 00:00:00.000
13207,12402,antonio11@adventure-works.com,6DEDAD96-A45C-4BE4-B66E-8AF5BBD16B7B,2013-08-27 00:00:00.000
13208,12403,antonio12@adventure-works.com,D2E02FAC-C90C-466A-99A8-3E78894C4D4A,2013-02-16 00:00:00.000
13209,12404,edwin40@adventure-works.com,4D1A7DDD-2E5A-4ADD-8395-C6FDDE9FC1ED,2013-09-07 00:00:00.000
13210,12405,antonio13@adventure-works.com,69AB00E5-7B66-41DB-99E1-94DC5C6FC6A2,2012-03-21 00:00:00.000
13211,12406,edwin41@adventure-works.com,B75C0257-F54F-4EC2-8FCA-4F2285542B02,2013-08-07 00:00:00.000
13212,12407,antonio14@adventure-works.com,285FAA21-3F84-4AEF-9B22-89C67E7648A9,2012-05-19 00:00:00.000
13213,12408,edwin42@adventure-works.com,6625A10C-FE7F-4BB7-B2DF-54913E940073,2014-03-25 00:00:00.000
13214,12409,antonio15@adventure-works.com,8F835E4B-B197-4546-8892-B93B341A6892,2012-09-14 00:00:00.000
13215,12410,antonio16@adventure-works.com,43AE6428-8D25-40CD-8466-E5F906BDD974,2013-07-06 00:00:00.000
13216,12411,antonio17@adventure-works.com,48486A1B-B6B7-4E47-9A0F-9D56C3930F8E,2013-11-07 00:00:00.000
13217,12412,edwin43@adventure-works.com,F798A2D6-9002-4A24-9AC0-F2E18165DE15,2012-09-24 00:00:00.000
13218,12413,antonio18@adventure-works.com,96DACC45-D3CA-4A78-9C6D-B67C13793E3D,2012-06-12 00:00:00.000
13219,12414,edwin44@adventure-works.com,5C31233A-A61C-4909-8512-44D48FE24F55,2014-01-09 00:00:00.000
13220,12415,antonio19@adventure-works.com,2994213D-3787-4A2F-B896-737CA7BA9E1D,2014-03-03 00:00:00.000
13221,12416,edwin45@adventure-works.com,C1077154-B40B-439C-A945-00D745BBF932,2013-05-26 00:00:00.000
13222,12417,roger5@adventure-works.com,FB26E16F-00D1-41B3-8ED3-E9A91FF8CE62,2013-12-05 00:00:00.000
13223,12418,roger6@adventure-works.com,26C2A367-DCE2-47D6-AC94-AB0A048F8FF1,2013-05-15 00:00:00.000
13224,12419,robyn13@adventure-works.com,3C939509-7F05-4629-9B22-C59375B96F05,2013-10-02 00:00:00.000
13225,12420,roger7@adventure-works.com,F88193BB-50E0-4745-BF2D-784D771EDFA0,2013-07-05 00:00:00.000
13226,12421,antonio20@adventure-works.com,193F47AC-5158-4458-A6D6-1529C2BEB688,2014-02-12 00:00:00.000
13227,12422,antonio21@adventure-works.com,2848FB55-4E79-4A9E-95ED-253F0B109D44,2014-06-25 00:00:00.000
13228,12423,roger8@adventure-works.com,03E1BCE1-D5C5-40E8-969B-9D994BC12080,2013-10-31 00:00:00.000
13229,12424,antonio22@adventure-works.com,3CF41F48-2F83-4214-A3C7-536C03E4C22A,2014-06-11 00:00:00.000
13230,12425,antonio23@adventure-works.com,FFDDE5ED-CAEC-46F9-87E4-B722F33574C8,2013-11-09 00:00:00.000
13231,12426,roger9@adventure-works.com,AB3ED5C2-74AE-4E76-843A-DC1F125CB8EF,2013-08-07 00:00:00.000
13232,12427,roger10@adventure-works.com,3739E769-E95D-4626-9640-88B856E8A648,2011-10-08 00:00:00.000
13233,12428,carson0@adventure-works.com,FDF6FC51-D07C-4ABB-B74A-6027BE3E8963,2013-11-15 00:00:00.000
13234,12429,roger11@adventure-works.com,C070D9D8-1A28-4C92-9A54-6506B0ED9026,2013-06-21 00:00:00.000
13235,12430,roger12@adventure-works.com,9D299494-A3E3-4090-81BF-BE7288F617F3,2014-05-31 00:00:00.000
13236,12431,carson1@adventure-works.com,DE0ABE38-A60E-4DEA-A738-58E443CCA86B,2013-09-17 00:00:00.000
13237,12432,carson2@adventure-works.com,7D77BACD-167D-44B0-85A5-E05E92E51292,2012-08-31 00:00:00.000
13238,12433,roger13@adventure-works.com,23D911C5-2C90-4151-8D04-D0BE43110136,2014-02-20 00:00:00.000
13239,12434,carson3@adventure-works.com,BE04A92F-C3F0-4402-98A1-C5D0C1DC182E,2013-04-14 00:00:00.000
13240,12435,carson4@adventure-works.com,4CFD068A-62BB-4EC6-B761-7E789A57B5FB,2014-05-15 00:00:00.000
13241,12436,roger14@adventure-works.com,ED70B0E1-0CB7-498D-A5EE-3ED2FC3B4CC7,2013-08-30 00:00:00.000
13242,12437,carson5@adventure-works.com,1B68F205-4F6D-49E2-8B96-6612FE4BCEAC,2012-01-17 00:00:00.000
13243,12438,carson6@adventure-works.com,F6D4D370-18D4-41EA-858F-B4B4E5B2AB6B,2012-06-17 00:00:00.000
13244,12439,roger15@adventure-works.com,34FED8AE-1C00-413E-8638-C11D413126B3,2013-10-03 00:00:00.000
13245,12440,carson7@adventure-works.com,BEF8BFE4-0DAF-4308-B002-512031AA7BB8,2014-05-03 00:00:00.000
13246,12441,damien27@adventure-works.com,E23B0D05-7342-44F8-80C4-B632E1507C3C,2013-09-22 00:00:00.000
13247,12442,robyn14@adventure-works.com,80CE4F29-6EF2-4907-B168-CC4E2101E9CE,2011-09-10 00:00:00.000
13248,12443,roger16@adventure-works.com,13CC8D24-934F-4837-ADFB-5B4A2CCD3DF6,2012-01-30 00:00:00.000
13249,12444,carson8@adventure-works.com,C25AAB80-D89B-4CAD-8BA8-1BBF1700D123,2013-09-13 00:00:00.000
13250,12445,roger17@adventure-works.com,958AEEA1-DA26-4149-9798-B6F08297464E,2013-08-17 00:00:00.000
13251,12446,roger18@adventure-works.com,7B0D6B66-FC58-419B-8D0B-D53C58CA2513,2014-06-19 00:00:00.000
13252,12447,carson9@adventure-works.com,7BBD5477-7415-4F17-AB69-73EF2E0200CB,2014-02-21 00:00:00.000
13253,12448,carson10@adventure-works.com,64A5656D-1190-4A4C-A489-9C869487A56C,2014-03-28 00:00:00.000
13254,12449,roger19@adventure-works.com,13B575D7-A56C-41B7-9968-573BB7EF24B3,2014-04-13 00:00:00.000
13255,12450,carson11@adventure-works.com,9F414143-5EAD-4D91-BB41-9CF11BC0AAEB,2014-06-24 00:00:00.000
13256,12451,carson12@adventure-works.com,A91736FB-A6C2-42ED-AB01-40EFACF4D94B,2013-12-24 00:00:00.000
13257,12452,carson13@adventure-works.com,0CB16083-5AC9-4492-9FDB-8F9BC494C84B,2013-09-16 00:00:00.000
13258,12453,roger20@adventure-works.com,FD1CA5F9-40FB-4F77-9086-2A4E643127BA,2013-03-09 00:00:00.000
13259,12454,roger21@adventure-works.com,9F914F4F-FBF7-495C-B67F-5C4460887D61,2013-12-02 00:00:00.000
13260,12455,roger22@adventure-works.com,CE4529C3-27A0-429D-8B7C-AF4B3BFDED55,2014-01-05 00:00:00.000
13261,12456,carson14@adventure-works.com,DA3A1B17-A1E0-4344-941D-865B227ABE61,2013-09-03 00:00:00.000
13262,12457,carson15@adventure-works.com,190D8C99-B5BF-4508-A8BC-2A827C4A7034,2013-08-07 00:00:00.000
13263,12458,carson16@adventure-works.com,4035117A-B8F4-4F11-92C3-858F1E735876,2013-07-03 00:00:00.000
13264,12459,roger23@adventure-works.com,27738686-E87F-4850-9A5C-CEBD70AC9FD0,2013-10-25 00:00:00.000
13265,12460,carson17@adventure-works.com,463E6927-C564-4881-9F03-23E7110CC40E,2014-01-28 00:00:00.000
13266,12461,robyn15@adventure-works.com,796C964B-EEE3-4CF6-8AE2-0841AA5D1139,2013-09-28 00:00:00.000
13267,12462,roger24@adventure-works.com,2A3F32F2-DE09-4590-8512-42B889376C91,2014-01-17 00:00:00.000
13268,12463,carson18@adventure-works.com,2C38FDFA-7778-4104-9DFC-2FB57D4922A8,2013-09-21 00:00:00.000
13269,12464,roger25@adventure-works.com,8ABDC434-E585-41AE-9E5F-F5B8E3E04752,2013-07-28 00:00:00.000
13270,12465,carson19@adventure-works.com,B712ABD2-99D2-45F0-9490-04BB8B93670C,2014-03-30 00:00:00.000
13271,12466,carson20@adventure-works.com,0CE662EB-73DA-48F0-8136-1DEE4870E016,2013-10-10 00:00:00.000
13272,12467,carson21@adventure-works.com,6DBB9B05-6EA9-42B8-8371-1F50BF7F9461,2014-04-26 00:00:00.000
13273,12468,carson22@adventure-works.com,CECA70CB-828E-475B-BE5E-4AB48A5F960D,2013-10-03 00:00:00.000
13274,12469,gavin0@adventure-works.com,DF2189D5-6492-471C-9459-6D222532C041,2014-06-10 00:00:00.000
13275,12470,roger26@adventure-works.com,83CD7B9B-5BCC-4446-94DD-94289538A442,2014-03-15 00:00:00.000
13276,12471,gavin1@adventure-works.com,FCE19655-2414-474F-A761-1285D17E9006,2014-04-13 00:00:00.000
13277,12472,gavin2@adventure-works.com,86A36640-F9E4-4F74-88D7-124460524062,2013-07-04 00:00:00.000
13278,12473,roger27@adventure-works.com,A29B6B82-64BB-40E9-89DA-D061E878CA36,2013-04-06 00:00:00.000
13279,12474,roger28@adventure-works.com,F69DFB48-D016-4F15-A8C1-800FBB0F7367,2014-06-23 00:00:00.000
13280,12475,mason1@adventure-works.com,B1B8C680-F3ED-4E2D-88B7-CB0356D3DC2E,2013-11-04 00:00:00.000
13281,12476,gavin3@adventure-works.com,B432F5CA-0BB2-4CA3-99DB-94E0B87A4CFB,2014-03-19 00:00:00.000
13282,12477,roger29@adventure-works.com,AADBD3AF-A6DC-4122-8918-2704550F9C3A,2013-01-06 00:00:00.000
13283,12478,gavin4@adventure-works.com,269F3964-8C54-4C27-86E3-6C1FCCC5A942,2014-06-04 00:00:00.000
13284,12479,roger30@adventure-works.com,FF8E2DA9-6513-4FCA-B6CD-67C2539D6A6B,2014-05-14 00:00:00.000
13285,12480,roger31@adventure-works.com,525BFFF1-5F94-4C3B-B593-2063E89BB758,2013-04-29 00:00:00.000
13286,12481,gavin5@adventure-works.com,D31620F8-DA47-4E10-9482-D078734A021D,2013-07-30 00:00:00.000
13287,12482,gavin6@adventure-works.com,D4B235E9-7A07-45F4-9C21-BF7107DC0A62,2014-04-01 00:00:00.000
13288,12483,gavin7@adventure-works.com,117A32E8-53B8-4C94-BC78-C1F3238A389D,2012-07-16 00:00:00.000
13289,12484,roger32@adventure-works.com,23B82063-8921-4508-9F7C-F7FC5CA9214E,2013-07-05 00:00:00.000
13290,12485,gavin8@adventure-works.com,D4870A1E-D695-465F-9D10-AD18AF7B8BB4,2014-05-01 00:00:00.000
13291,12486,roger33@adventure-works.com,23E3E553-B745-409C-8A77-CB83DFE41AC6,2014-01-21 00:00:00.000
13292,12487,robyn16@adventure-works.com,A2C59178-924C-46E7-A042-2AC697E25466,2013-11-18 00:00:00.000
13293,12488,roger34@adventure-works.com,2514C98B-6084-4564-9E20-09A809C8C872,2013-11-05 00:00:00.000
13294,12489,roger35@adventure-works.com,A2EA2F89-58BE-44F5-8E10-A73280B95392,2013-07-19 00:00:00.000
13295,12490,gavin9@adventure-works.com,3E907672-D01F-41A0-BE97-0C28F2EF8F04,2013-08-27 00:00:00.000
13296,12491,roger36@adventure-works.com,388948FB-4D7C-4B38-9613-AB85287CB054,2014-03-14 00:00:00.000
13297,12492,gavin10@adventure-works.com,3A4CFFE2-863D-41D4-B164-FF8F994E020C,2014-06-06 00:00:00.000
13298,12493,gavin11@adventure-works.com,3E0DC93E-3E41-4FBC-A0BA-001E87B48E97,2013-09-20 00:00:00.000
13299,12494,gavin12@adventure-works.com,A08FCEDD-EE94-4D8E-9C43-CB607CE5C281,2013-12-07 00:00:00.000
13300,12495,roger37@adventure-works.com,EECB829B-3C74-4A24-A8C2-F4F636A3F4B3,2012-03-23 00:00:00.000
13301,12496,gavin13@adventure-works.com,5A109ED6-DAAF-490E-9E7B-A393BED4013B,2013-09-18 00:00:00.000
13302,12497,roger38@adventure-works.com,2F87FB15-2BFF-4D43-87BB-ABE53050CCEE,2014-02-03 00:00:00.000
13303,12498,gavin14@adventure-works.com,BB354767-851F-4D6F-98F6-5C9F45E7E1C5,2014-04-20 00:00:00.000
13304,12499,gavin15@adventure-works.com,24C157E1-96EE-4A68-BAEE-67CB44C51ADB,2014-05-24 00:00:00.000
13305,12500,gavin16@adventure-works.com,02CA71E4-4E67-4F49-BC28-40DF9976E3D7,2014-03-09 00:00:00.000
13306,12501,roger39@adventure-works.com,7E340B91-91DF-4C67-BC83-D0D6775E8E4D,2014-05-04 00:00:00.000
13307,12502,roger40@adventure-works.com,A44071E2-062E-4B81-939C-28FE6F488840,2013-07-19 00:00:00.000
13308,12503,gavin17@adventure-works.com,BA485F3A-4E0F-4F79-A426-F2F511445A70,2014-05-21 00:00:00.000
13309,12504,roger41@adventure-works.com,A498D2ED-D21A-4ED4-9C0A-24F3F15E3827,2014-03-03 00:00:00.000
13310,12505,gavin18@adventure-works.com,8F2AFADF-983A-4EC0-A230-F213CAFD7367,2013-12-04 00:00:00.000
13311,12506,gavin19@adventure-works.com,6B07CFB1-8F04-4940-93D2-96CE62D9BA5C,2014-01-22 00:00:00.000
13312,12507,roger42@adventure-works.com,07309112-7EC2-4B18-B6E2-4FD0F7AFD7AA,2013-04-03 00:00:00.000
13313,12508,gavin20@adventure-works.com,830F6A7D-F1C0-46A6-A7D2-89A4CE680245,2012-03-24 00:00:00.000
13314,12509,robyn17@adventure-works.com,5CCAF67F-A224-4F7A-9AC3-FA6A1D3073A6,2011-11-22 00:00:00.000
13315,12510,roger43@adventure-works.com,9BE4DE22-CFAA-45D7-B836-620770B42C7A,2013-04-29 00:00:00.000
13316,12511,gavin21@adventure-works.com,E36E8834-D3CC-4690-9876-6020B55B4B02,2013-11-16 00:00:00.000
13317,12512,julian2@adventure-works.com,AB509964-FB30-4E3E-ACEA-CD875A8A28D9,2014-03-18 00:00:00.000
13318,12513,roger44@adventure-works.com,37E84B54-81E8-4EDC-B207-354FE1C6E0E6,2013-11-04 00:00:00.000
13319,12514,julian3@adventure-works.com,B1474F78-1449-4D1A-B56D-737DF2DE9662,2013-04-11 00:00:00.000
13320,12515,roger45@adventure-works.com,99080F6B-3AF5-434B-A14B-762BA00BF32F,2014-02-14 00:00:00.000
13321,12516,julian4@adventure-works.com,BEC4F9EC-EFF0-4C61-BFFB-534971216669,2013-07-28 00:00:00.000
13322,12517,roger46@adventure-works.com,4F2653AE-CFF6-4A76-9DA7-BDA9FE2D52D6,2013-08-06 00:00:00.000
13323,12518,julian5@adventure-works.com,37025782-21EC-4F1C-94EC-EB33BBF389AA,2011-11-08 00:00:00.000
13324,12519,julian6@adventure-works.com,5BA24F09-3FB4-41E8-B159-113B09B919F0,2012-05-28 00:00:00.000
13325,12520,roger47@adventure-works.com,F7A08214-9A3F-48E8-B5A4-62062D9344C3,2013-02-27 00:00:00.000
13326,12521,julian7@adventure-works.com,99BF7F88-A908-4B81-A345-EDCE62DCADD5,2014-01-12 00:00:00.000
13327,12522,roger48@adventure-works.com,D7CB2539-BDC1-4B46-B356-0097FABAD531,2013-10-30 00:00:00.000
13328,12523,julian8@adventure-works.com,A0AAB59F-05CD-40F3-9FC4-E96B6DDE6D6A,2014-05-01 00:00:00.000
13329,12524,roger49@adventure-works.com,DBB53FE4-B27C-4FAF-8416-8F6CECF59A02,2013-06-17 00:00:00.000
13330,12525,julian9@adventure-works.com,2D7DA80D-7F0D-4840-8579-B0218F842D5B,2014-05-04 00:00:00.000
13331,12526,roger50@adventure-works.com,1941A085-B26B-4A84-93DB-BB99EA53209D,2012-05-07 00:00:00.000
13332,12527,willie1@adventure-works.com,A2D5C218-6C8C-4338-9712-74DA5EA101B1,2013-09-12 00:00:00.000
13333,12528,willie2@adventure-works.com,38C40DC1-AC68-41E2-9B99-6A0165734885,2013-09-02 00:00:00.000
13334,12529,julian10@adventure-works.com,532EBEDE-4E7A-48A4-B8A7-6B3FFCFA7743,2012-08-09 00:00:00.000
13335,12530,julian11@adventure-works.com,98C8D6F4-E7E8-4DA1-9506-B2A5BAA637F4,2014-02-23 00:00:00.000
13336,12531,julian12@adventure-works.com,3F66AB6C-7D90-4E63-B049-EC47FFA26A06,2013-09-30 00:00:00.000
13337,12532,julian13@adventure-works.com,15941614-BE95-4C95-AF32-B118173F7579,2013-12-30 00:00:00.000
13338,12533,robyn18@adventure-works.com,6FBD99D3-099A-45A1-9693-5CD75969B813,2014-01-27 00:00:00.000
13339,12534,willie3@adventure-works.com,B70631EF-08AD-416C-A401-489D613D94E2,2013-09-04 00:00:00.000
13340,12535,julian14@adventure-works.com,9A51436F-7EE5-4D07-8433-DEA6AD793F68,2013-12-11 00:00:00.000
13341,12536,julian15@adventure-works.com,F7DBA1DA-0F99-4C61-ADB3-3B08E4B1A0A6,2013-11-15 00:00:00.000
13342,12537,julian16@adventure-works.com,34DA7D7B-0B8D-4BFE-9450-EC3342B44881,2014-01-26 00:00:00.000
13343,12538,willie4@adventure-works.com,C7DBE323-55CE-4220-85E6-8ACBD0C200F3,2012-01-04 00:00:00.000
13344,12539,julian17@adventure-works.com,C49DEDFE-ABCA-470B-B605-A8FD262A9724,2014-05-15 00:00:00.000
13345,12540,willie5@adventure-works.com,5DB9A4ED-4AE0-4705-8502-F82D7445E7A3,2014-05-02 00:00:00.000
13346,12541,julian18@adventure-works.com,F3A82856-DFF6-4633-89FE-450B9236AF71,2014-02-17 00:00:00.000
13347,12542,julian19@adventure-works.com,6204BE69-35E9-493E-A1F9-D6C5477CBFDD,2014-01-19 00:00:00.000
13348,12543,willie6@adventure-works.com,B0DF2E33-4F49-476B-9BDD-4EF68DA5A2F9,2011-08-26 00:00:00.000
13349,12544,willie7@adventure-works.com,96890FF9-2059-4155-9DD0-E339D5E8045A,2013-08-23 00:00:00.000
13350,12545,willie8@adventure-works.com,9576071B-191D-42E6-B3C7-E0F0E66E0D35,2013-08-29 00:00:00.000
13351,12546,briana0@adventure-works.com,1335A118-8BC7-427E-AA26-1CFC7F76F596,2013-03-06 00:00:00.000
13352,12547,willie9@adventure-works.com,93746E31-3A1B-4FF0-9175-90A60BC0ECC4,2012-06-04 00:00:00.000
13353,12548,julian20@adventure-works.com,DF3B82B6-61E2-4667-BD7B-2498DE4716B8,2013-06-07 00:00:00.000
13354,12549,julian21@adventure-works.com,B95B6B69-93AF-415D-A85D-2C1AF4C23F0B,2014-02-12 00:00:00.000
13355,12550,willie10@adventure-works.com,EF893DC3-9DCD-43C2-8B86-ACC5C5B76C35,2011-09-10 00:00:00.000
13356,12551,willie11@adventure-works.com,6C13E16A-88A9-4E34-8F59-C6C6532921AF,2012-08-08 00:00:00.000
13357,12552,willie12@adventure-works.com,5B3FF999-08DB-4E72-A4E3-CFA8685D7259,2013-02-14 00:00:00.000
13358,12553,willie13@adventure-works.com,C3A74957-724F-456E-AFED-1A34A062543A,2012-07-27 00:00:00.000
13359,12554,julian22@adventure-works.com,65305A05-C901-4C9F-A323-C5E8A56E48DC,2014-01-30 00:00:00.000
13360,12555,willie14@adventure-works.com,E1EDDA51-715E-4026-8013-F519CFFF3FA8,2013-11-14 00:00:00.000
13361,12556,oscar9@adventure-works.com,0822C2EF-5BB7-4EF4-8BB9-2573C4352A00,2013-11-12 00:00:00.000
13362,12557,willie15@adventure-works.com,2832E045-B6F1-4324-990D-A1181EF4E2F2,2014-04-19 00:00:00.000
13363,12558,oscar10@adventure-works.com,1D46A4C7-AC49-43B9-9AF8-6774B1321DC6,2014-05-04 00:00:00.000
13364,12559,willie16@adventure-works.com,B309C49A-70AB-432C-B5C4-7BE5CEEBA55D,2014-03-05 00:00:00.000
13365,12560,willie17@adventure-works.com,5B39335B-0023-4498-8F82-EFB9FE8BF6A3,2013-08-19 00:00:00.000
13366,12561,oscar11@adventure-works.com,264395E7-3F87-4EF0-BDFA-7F2EE4DAF0E7,2014-02-15 00:00:00.000
13367,12562,willie18@adventure-works.com,1E13AD7D-3C63-4D29-9AA6-786924E10C73,2014-02-03 00:00:00.000
13368,12563,briana1@adventure-works.com,4549FA15-EE68-4FB6-A009-F002D8AAEF21,2014-05-23 00:00:00.000
13369,12564,willie19@adventure-works.com,BA220587-301F-4AD9-8654-E18213221CF3,2012-06-23 00:00:00.000
13370,12565,oscar12@adventure-works.com,7185507C-F841-4B30-9639-90F1C6BFC47E,2013-12-20 00:00:00.000
13371,12566,oscar13@adventure-works.com,6D199B57-B942-42C6-9905-81D67E77ED6D,2013-03-20 00:00:00.000
13372,12567,willie20@adventure-works.com,02427309-C682-4015-A6E1-7A315189B58A,2011-08-04 00:00:00.000
13373,12568,oscar14@adventure-works.com,D644732F-D381-43E3-B0FA-3A6AFA156793,2013-09-10 00:00:00.000
13374,12569,oscar15@adventure-works.com,BDE19EFE-F657-466E-8885-62FC259F483A,2014-01-29 00:00:00.000
13375,12570,oscar16@adventure-works.com,C3C6F93C-9597-4FB9-A9C3-B2ED2A2532A0,2011-12-03 00:00:00.000
13376,12571,willie21@adventure-works.com,1831A6F1-337D-4A6E-B725-6C8CDD3059C5,2013-11-27 00:00:00.000
13377,12572,oscar17@adventure-works.com,ACD07BDE-C343-4946-9761-9C01A0E443EE,2014-04-13 00:00:00.000
13378,12573,willie22@adventure-works.com,AA714FDB-1746-4FA9-B204-AC292ED77740,2014-03-31 00:00:00.000
13379,12574,oscar18@adventure-works.com,BAB50B87-8A90-4750-8220-68E7FF992F43,2014-02-08 00:00:00.000
13380,12575,willie23@adventure-works.com,192F0EBF-C151-43B5-AAE8-BB2D1BA55985,2012-05-12 00:00:00.000
13381,12576,oscar19@adventure-works.com,CB17AB4B-3A97-4017-84A0-3F63DE17B21A,2013-10-13 00:00:00.000
13382,12577,willie24@adventure-works.com,636DF6BE-29E5-4E17-8AD5-FF8FB01D99A6,2012-11-24 00:00:00.000
13383,12578,oscar20@adventure-works.com,71C54DE8-6ED8-42F6-BFC4-77978DECFB41,2013-01-02 00:00:00.000
13384,12579,willie25@adventure-works.com,8311DAA3-6826-4BBD-A358-C9E2DEB95518,2014-06-19 00:00:00.000
13385,12580,briana2@adventure-works.com,67F3131A-F1D1-416C-979B-35F1C5AC3A29,2014-05-08 00:00:00.000
13386,12581,willie26@adventure-works.com,B4F66BDC-C47F-4FBC-8B14-AB624A5AA394,2012-12-03 00:00:00.000
13387,12582,oscar21@adventure-works.com,54968893-0B5A-4F94-95E3-6FD0542310B9,2013-07-08 00:00:00.000
13388,12583,willie27@adventure-works.com,29608999-36AA-48CE-97E5-54CE88600248,2013-10-10 00:00:00.000
13389,12584,oscar22@adventure-works.com,E81431C8-69FD-42A1-B8C7-E04F6524A4E9,2013-11-01 00:00:00.000
13390,12585,oscar23@adventure-works.com,0AE828EF-E5F6-4B08-BE0A-0ADD96EDF0CE,2013-10-21 00:00:00.000
13391,12586,brian10@adventure-works.com,28EDB121-E6A5-4233-A774-5044ECCA1925,2013-11-13 00:00:00.000
13392,12587,xavier43@adventure-works.com,40459F61-8837-44F8-9759-0374E55F77DD,2013-09-05 00:00:00.000
13393,12588,xavier44@adventure-works.com,B7ED9777-878C-4AB3-A501-44D3F6D5AB43,2014-01-29 00:00:00.000
13394,12589,willie28@adventure-works.com,3EF83626-FEFE-4328-9351-DE4697A279D7,2014-01-29 00:00:00.000
13395,12590,xavier45@adventure-works.com,23659C28-9A1D-4D23-AF22-B1A30CC5101A,2013-07-08 00:00:00.000
13396,12591,willie29@adventure-works.com,4B59C64F-8349-46D8-878A-5E5CE17EE87F,2012-11-05 00:00:00.000
13397,12592,xavier46@adventure-works.com,0561F8FB-6CAF-4A70-BDEE-AE73512A170B,2013-09-05 00:00:00.000
13398,12593,willie30@adventure-works.com,55FC2024-6D9B-45A5-887D-BC05F3EF17A7,2013-04-28 00:00:00.000
13399,12594,willie31@adventure-works.com,41279AC2-2820-4D25-82EC-150815E37E59,2013-10-31 00:00:00.000
13400,12595,willie32@adventure-works.com,BD31020D-1A53-47BF-B65C-C0C9058B4A48,2013-09-04 00:00:00.000
13401,12596,willie33@adventure-works.com,C6B8EE7C-652B-414F-A31F-8781583CE731,2014-05-04 00:00:00.000
13402,12597,willie34@adventure-works.com,CAA353BA-C9A1-400D-B4A3-42179AC6FF2F,2013-05-08 00:00:00.000
13403,12598,xavier47@adventure-works.com,79D86FD1-3AAE-4372-842D-DE6C154036D6,2013-10-19 00:00:00.000
13404,12599,xavier48@adventure-works.com,B36EF0AD-E19C-4C1A-A1C4-6839C4074832,2014-05-16 00:00:00.000
13405,12600,xavier49@adventure-works.com,877A2C3A-928A-4B80-971C-44C3291D8179,2013-11-09 00:00:00.000
13406,12601,briana3@adventure-works.com,B4C7CA4F-03C6-42B9-A1E0-D45FD3D3244D,2012-11-23 00:00:00.000
13407,12602,willie35@adventure-works.com,78FDB236-1956-4ED5-9590-7086200C9256,2013-10-02 00:00:00.000
13408,12603,willie36@adventure-works.com,F5B1C3CF-9FD8-4432-816C-F456B4A22DE3,2013-04-19 00:00:00.000
13409,12604,willie37@adventure-works.com,6CAD70DA-6CF5-404A-A882-5E080A1B4C3B,2013-02-09 00:00:00.000
13410,12605,xavier50@adventure-works.com,9EA4F65B-5510-40FD-A537-B6065699ABC2,2011-12-17 00:00:00.000
13411,12606,xavier51@adventure-works.com,634EA370-A0A7-46FF-930B-A46CC0954AE6,2014-03-20 00:00:00.000
13412,12607,simon3@adventure-works.com,68F3F7FF-630F-4C56-B201-5D690E238875,2013-11-24 00:00:00.000
13413,12608,dave2@adventure-works.com,4C3CACCB-CB87-40D7-9B6E-06CDA6AD6CFF,2013-11-14 00:00:00.000
13414,12609,willie38@adventure-works.com,4FF05910-222E-4E7C-AC82-7EAC0FBFF943,2013-08-22 00:00:00.000
13415,12610,begoña0@adventure-works.com,4BD84F5A-600C-4BEB-9FD3-9002AE0210C4,2014-03-27 00:00:00.000
13416,12611,willie39@adventure-works.com,BDFFB5A8-D8B1-44A3-A813-D1E0CD1BFD13,2014-03-22 00:00:00.000
13417,12612,willie40@adventure-works.com,63EDCC11-F76A-4634-AFC3-AFB6F19F328D,2011-09-28 00:00:00.000
13418,12613,willie41@adventure-works.com,0F2DC68D-19EA-4CD9-9047-363F9B6CA03B,2013-11-11 00:00:00.000
13419,12614,xavier52@adventure-works.com,513A221C-A5A6-4D80-9830-E5DF6D3FB301,2012-04-14 00:00:00.000
13420,12615,colin1@adventure-works.com,E5A2F28D-99CF-46BE-B7A8-13320097CE11,2014-06-21 00:00:00.000
13421,12616,joan15@adventure-works.com,614BAD41-F81B-4B23-AB42-2756AFE84D20,2012-08-08 00:00:00.000
13422,12617,colin2@adventure-works.com,6C1776E6-F76E-47D7-AF62-09D375069243,2013-11-03 00:00:00.000
13423,12618,xavier53@adventure-works.com,D729C21D-520D-42BF-9CEE-C085B8AB2988,2013-07-16 00:00:00.000
13424,12619,xavier54@adventure-works.com,D93C4735-8AF2-42F2-AD05-84092CBFE4B6,2013-10-04 00:00:00.000
13425,12620,colin3@adventure-works.com,F786E81C-F733-4515-8AB0-4492941A2401,2013-11-11 00:00:00.000
13426,12621,xavier55@adventure-works.com,73AF1DD0-83D5-4626-9D5D-AB580845A005,2012-04-04 00:00:00.000
13427,12622,xavier56@adventure-works.com,6004D847-43FD-44AD-97BA-0A2D2B480FC3,2013-10-21 00:00:00.000
13428,12623,xavier57@adventure-works.com,22B3E821-03B6-4589-8CDD-E8D29F3C6DAF,2013-12-10 00:00:00.000
13429,12624,colin4@adventure-works.com,E961F9DE-2FA9-422E-9347-F34D4C30764D,2014-03-01 00:00:00.000
13430,12625,colin5@adventure-works.com,A5E6FD36-B473-447C-ACE3-20A4799A9E88,2012-04-21 00:00:00.000
13431,12626,colin6@adventure-works.com,BF4CF7C6-86A7-4A8B-A84B-07BE42DAF83F,2012-07-19 00:00:00.000
13432,12627,xavier58@adventure-works.com,86D2A5D0-5432-47A6-91DE-03DE4839B64E,2013-10-09 00:00:00.000
13433,12628,xavier59@adventure-works.com,08D01D2F-93C6-4389-9246-1A6B19ACC9CC,2014-01-19 00:00:00.000
13434,12629,xavier60@adventure-works.com,77F99C31-E5F6-4D5B-90E4-655281915357,2013-09-13 00:00:00.000
13435,12630,colin7@adventure-works.com,46A2CAC4-7C7C-4900-9FBD-F1E68467221A,2013-02-26 00:00:00.000
13436,12631,colin8@adventure-works.com,0B39D7CB-74F8-4E16-9949-83D938D4B380,2013-07-26 00:00:00.000
13437,12632,xavier61@adventure-works.com,DE7F7EA1-9CCA-433F-A0A6-4FC1BAA274E5,2011-12-30 00:00:00.000
13438,12633,xavier62@adventure-works.com,3C284D45-6912-4F46-BFBF-4A179E66FCF1,2014-04-06 00:00:00.000
13439,12634,xavier63@adventure-works.com,2988FB15-2142-4870-A151-6C5B2132A915,2014-03-31 00:00:00.000
13440,12635,colin9@adventure-works.com,5BA997EC-B8BE-45D0-99BA-EF48F194577F,2013-02-14 00:00:00.000
13441,12636,colin10@adventure-works.com,B2CF661C-E947-4A8A-A716-A1CF290964DA,2013-11-19 00:00:00.000
13442,12637,colin11@adventure-works.com,4AF79D07-C085-456F-8E3D-BC8020A48A78,2013-03-06 00:00:00.000
13443,12638,warren39@adventure-works.com,7E06157B-8177-422B-AD71-95AC0FCC2627,2014-04-11 00:00:00.000
13444,12639,damien28@adventure-works.com,4345B501-AB23-458E-A32A-2468308E84BA,2014-04-28 00:00:00.000
13445,12640,briana4@adventure-works.com,6EF90FEE-B5BD-4CA6-AC7F-3379BC055384,2012-10-30 00:00:00.000
13446,12641,colin12@adventure-works.com,A7AF3972-BA61-4990-B6C8-4997A7DA7403,2014-04-17 00:00:00.000
13447,12642,dalton46@adventure-works.com,61529560-E06E-4CF3-B7C6-B7F8FD403476,2013-07-26 00:00:00.000
13448,12643,dalton47@adventure-works.com,0CD6D34E-C5DF-4713-9209-1ABBFDA6BA84,2013-08-27 00:00:00.000
13449,12644,colin13@adventure-works.com,EDF613B0-065D-42FE-8B77-5ED9FD02083F,2013-05-14 00:00:00.000
13450,12645,dalton48@adventure-works.com,BB01D47C-AE89-4BA5-AF0D-8858D0334026,2014-04-21 00:00:00.000
13451,12646,dalton49@adventure-works.com,2B2BA854-5679-46E8-92B5-52268F061AAE,2013-09-11 00:00:00.000
13452,12647,colin14@adventure-works.com,50986724-F625-4A5C-9CE3-EFF274B5A718,2014-06-26 00:00:00.000
13453,12648,dalton50@adventure-works.com,1D36619E-E503-4F52-9D4E-AF838902A1DD,2013-08-03 00:00:00.000
13454,12649,colin15@adventure-works.com,FA20D2E6-707B-4467-BB00-3529A44DF59D,2013-08-25 00:00:00.000
13455,12650,dalton51@adventure-works.com,7FD97EEE-C595-4D73-B57B-1B3C70275227,2012-12-14 00:00:00.000
13456,12651,colin16@adventure-works.com,5A4472E2-F448-4EB3-877E-6D70511D2156,2014-02-01 00:00:00.000
13457,12652,colin17@adventure-works.com,130A94C3-B75A-4FD1-B450-70DDCF16AFF2,2014-02-16 00:00:00.000
13458,12653,dalton52@adventure-works.com,004077AA-48CB-4759-B7A4-7C99BDDB29B9,2014-03-26 00:00:00.000
13459,12654,colin18@adventure-works.com,F535C396-B3EB-498D-92E7-A03974DCED0D,2013-07-17 00:00:00.000
13460,12655,dalton53@adventure-works.com,3C281A6E-ED74-46D0-B3CB-31BD74E478E4,2013-10-30 00:00:00.000
13461,12656,dalton54@adventure-works.com,D8FEB293-F7BF-4B05-A8F8-D13CFB07472B,2014-03-23 00:00:00.000
13462,12657,dalton55@adventure-works.com,5DC3E022-6AB7-4CC2-85B8-9178E55353E9,2013-10-29 00:00:00.000
13463,12658,dalton56@adventure-works.com,DEE9CC13-3D70-4318-A6DE-E4F8B4CF1A21,2014-04-28 00:00:00.000
13464,12659,colin19@adventure-works.com,D1D6D239-3EA5-47A0-A0E7-30003A7EE657,2013-02-14 00:00:00.000
13465,12660,dalton57@adventure-works.com,E2BFE846-2236-4E9E-8B25-16B60B249DAE,2013-09-08 00:00:00.000
13466,12661,dalton58@adventure-works.com,0E14C201-3EF1-4986-AC74-85E6CF2FA22D,2014-05-31 00:00:00.000
13467,12662,colin20@adventure-works.com,F3F0EDF8-1866-44BE-8621-396993505A92,2013-09-21 00:00:00.000
13468,12663,dalton59@adventure-works.com,854ED7D8-B225-4639-B25C-93B1E45D55D3,2013-10-17 00:00:00.000
13469,12664,dalton60@adventure-works.com,0F75EF69-B71B-4D3A-A20C-9AA2FED98A7F,2013-10-22 00:00:00.000
13470,12665,briana5@adventure-works.com,E0F3C37D-5D2A-4412-8C10-D3D9445964A5,2014-05-24 00:00:00.000
13471,12666,dalton61@adventure-works.com,264CFA2D-1B9F-49E8-AEF5-C5D846B79AFE,2012-08-19 00:00:00.000
13472,12667,colin21@adventure-works.com,495ACEEB-3638-47CF-A228-02B829DE3322,2012-12-22 00:00:00.000
13473,12668,dalton62@adventure-works.com,D85161B4-3A7D-48A1-9CA3-3C17B448E992,2014-05-03 00:00:00.000
13474,12669,colin22@adventure-works.com,8E3BD6B8-C721-4A2B-A4B7-E321C218EF33,2014-01-30 00:00:00.000
13475,12670,dalton63@adventure-works.com,ACFB47F2-5903-4989-8D79-B9A1F3AFD2AB,2013-10-07 00:00:00.000
13476,12671,dalton64@adventure-works.com,9284C229-8AE5-4EA6-B8ED-8312DBB6CF33,2014-04-24 00:00:00.000
13477,12672,colin23@adventure-works.com,96C40BA2-2F37-4CC8-99A5-FF3FC1DF6A4A,2013-08-19 00:00:00.000
13478,12673,dalton65@adventure-works.com,5D9692B6-C5D0-4086-BF45-E562F8816995,2014-03-11 00:00:00.000
13479,12674,dalton66@adventure-works.com,DB579E88-EBA7-4241-AC06-1E143F75D5BA,2013-08-25 00:00:00.000
13480,12675,colin24@adventure-works.com,9DE0BE36-7831-401C-8EB7-6FF055BBA499,2013-12-25 00:00:00.000
13481,12676,colin25@adventure-works.com,6E99F175-CFFD-4079-B6F8-5C8CC94492B0,2012-07-26 00:00:00.000
13482,12677,colin26@adventure-works.com,8BBC5595-1DE0-46FD-A030-BEF6D4B63E3D,2014-04-03 00:00:00.000
13483,12678,dalton67@adventure-works.com,004E3144-A597-4BA2-9FBD-963F46BB7AF6,2013-11-24 00:00:00.000
13484,12679,colin27@adventure-works.com,E81AF9A0-22F1-4204-ACB0-4896EDDE33CA,2013-02-13 00:00:00.000
13485,12680,dalton68@adventure-works.com,4629E6A7-23DF-4541-85A5-9A564AC0E73E,2014-04-28 00:00:00.000
13486,12681,colin28@adventure-works.com,CF82B718-FD0B-490F-A523-7E8174D8650F,2014-03-21 00:00:00.000
13487,12682,jeremy21@adventure-works.com,B48D3604-435A-4DA6-BCE5-D6DC3DCD0B6C,2012-09-20 00:00:00.000
13488,12683,colin29@adventure-works.com,9667F978-54E6-449C-9736-72069CC647A4,2013-08-24 00:00:00.000
13489,12684,briana6@adventure-works.com,562D5B87-0AF3-4CAE-8E9B-0EDE4B378639,2014-03-01 00:00:00.000
13490,12685,colin30@adventure-works.com,AAB3A9BE-34AC-4305-973B-E6B0B67E22D4,2013-08-30 00:00:00.000
13491,12686,colin31@adventure-works.com,0A002807-9B1B-4DAE-BC35-20468A042FEA,2013-12-04 00:00:00.000
13492,12687,jeremy22@adventure-works.com,E72EE8EA-CF7D-496C-A115-826F86CE502A,2014-02-22 00:00:00.000
13493,12688,jeremy23@adventure-works.com,3F29A035-679C-4387-9CF8-CD1BAC92B1C4,2013-04-27 00:00:00.000
13494,12689,colin32@adventure-works.com,7EC59381-4E3F-4DCE-A649-FB2E466C0017,2013-09-18 00:00:00.000
13495,12690,colin33@adventure-works.com,A89096BA-4898-447B-A53D-557349966FFA,2012-03-22 00:00:00.000
13496,12691,colin34@adventure-works.com,4ED6899E-A454-4052-A3F3-C04026634139,2014-01-28 00:00:00.000
13497,12692,jeremy24@adventure-works.com,FC114259-569C-4FE9-B67F-6DF9B74F4911,2013-10-09 00:00:00.000
13498,12693,jeremiah27@adventure-works.com,D460A18C-1B61-4E39-B400-37F50CED30F7,2013-11-22 00:00:00.000
13499,12694,colin35@adventure-works.com,1B1E1350-E7CA-41C6-914B-D478D3C82447,2014-05-17 00:00:00.000
13500,12695,jeremiah28@adventure-works.com,5A89BFFD-10A6-4E98-82FF-9AFD5A7E91FA,2014-04-18 00:00:00.000
13501,12696,colin36@adventure-works.com,90DCE287-BAFF-4E90-B2CC-F7865E87CACB,2013-02-04 00:00:00.000
13502,12697,colin37@adventure-works.com,325F7FB5-6917-4C01-A50D-74C3C69FD2D5,2014-03-23 00:00:00.000
13503,12698,colin38@adventure-works.com,724D7161-806B-48E9-9589-53E7B3652E82,2013-07-26 00:00:00.000
13504,12699,briana7@adventure-works.com,3BA7DB8B-BB00-4B8C-963F-F4E4441C178B,2014-03-14 00:00:00.000
13505,12700,colin39@adventure-works.com,56F8B0EF-96C3-49C2-B0B9-61ACB0C6A4B0,2013-11-26 00:00:00.000
13506,12701,colin40@adventure-works.com,B42BF922-DFAE-4578-A5CC-5C15C8DE61A8,2013-10-20 00:00:00.000
13507,12702,colin41@adventure-works.com,53709884-6255-4F24-A57E-A5602B12D0CB,2011-12-03 00:00:00.000
13508,12703,colin42@adventure-works.com,99310A1F-581A-4725-A3DC-3A19808A8232,2012-11-17 00:00:00.000
13509,12704,jeremiah29@adventure-works.com,DAFDB0FC-5B9A-4059-9F55-FBF932209726,2014-06-07 00:00:00.000
13510,12705,colin43@adventure-works.com,40578F0E-6854-4720-A0BC-E93725621578,2013-10-27 00:00:00.000
13511,12706,jeremy25@adventure-works.com,597341E1-08B1-46A9-A67B-3A4DABB98E21,2014-01-15 00:00:00.000
13512,12707,colin44@adventure-works.com,31787C54-4020-43E0-9AB8-561F4152404F,2013-07-03 00:00:00.000
13513,12708,jeremy26@adventure-works.com,339291A1-995C-499D-88A4-CB251F6D6438,2011-07-13 00:00:00.000
13514,12709,colin45@adventure-works.com,041B64D9-B0F3-40B8-9447-0A4116321C57,2011-06-01 00:00:00.000
13515,12710,jeremiah30@adventure-works.com,8D5209EA-BACE-43E5-9F51-612977E7A436,2014-04-25 00:00:00.000
13516,12711,jeremy27@adventure-works.com,6760CD73-E887-4B04-A182-A6DE39189B98,2014-01-11 00:00:00.000
13517,12712,jon19@adventure-works.com,0F63CDB7-41B1-4129-9340-81559FEE1CE9,2013-08-27 00:00:00.000
13518,12713,jeremiah31@adventure-works.com,9C80DF2C-E6C0-4417-998F-457545A53823,2013-10-01 00:00:00.000
13519,12714,jeremiah32@adventure-works.com,26EFA9C8-2CDF-454A-BCAA-49FC42FE5655,2014-02-09 00:00:00.000
13520,12715,jeremy28@adventure-works.com,9AD708B8-50FA-460A-BA72-5D6F7AF124E3,2013-10-18 00:00:00.000
13521,12716,jeremy29@adventure-works.com,EBABF59F-F922-418D-A8FE-C7C0B3740C04,2014-03-05 00:00:00.000
13522,12717,jon20@adventure-works.com,9986690A-E174-42A9-8E49-713D75D78696,2012-09-28 00:00:00.000
13523,12718,jeremiah33@adventure-works.com,E47DC163-8B47-4574-A8CD-35A857C35B68,2013-12-12 00:00:00.000
13524,12719,jeremiah34@adventure-works.com,9790F4EA-3F04-458D-AD9C-7663DB04702B,2014-05-16 00:00:00.000
13525,12720,briana8@adventure-works.com,74C4A243-B339-49F4-99AC-919988DBA733,2013-11-10 00:00:00.000
13526,12721,jon21@adventure-works.com,DA6C6F77-D7DD-4F89-9684-46B373D75548,2013-03-24 00:00:00.000
13527,12722,jon22@adventure-works.com,A1D373B9-D3E7-49DC-9D52-6099FACC8C9C,2013-11-10 00:00:00.000
13528,12723,jon23@adventure-works.com,44E488B0-C810-40D6-8770-FAAA654B75D4,2014-03-28 00:00:00.000
13529,12724,jeremy30@adventure-works.com,C9AF525B-9F30-440A-B6CC-EBCA8F84508B,2014-04-18 00:00:00.000
13530,12725,jeremy31@adventure-works.com,3EDE6F2E-C6A8-4984-927D-B3FF2B290D55,2014-05-22 00:00:00.000
13531,12726,jon24@adventure-works.com,B657F16B-1B13-4082-A4B1-8D1204EA2217,2011-06-21 00:00:00.000
13532,12727,jeremiah35@adventure-works.com,61B5F45A-15C0-424C-9A4B-1C384F7F0F61,2014-03-21 00:00:00.000
13533,12728,jeremiah36@adventure-works.com,59AD2924-44AD-4D7B-910F-316890764B21,2013-03-30 00:00:00.000
13534,12729,jeremiah37@adventure-works.com,79289EA0-25E0-4E34-BCFD-705CE176F9F8,2012-07-03 00:00:00.000
13535,12730,jon25@adventure-works.com,FA13DC50-0390-4670-88AF-0E1034D0C6EA,2014-04-14 00:00:00.000
13536,12731,jeremiah38@adventure-works.com,C07A7734-8396-4141-A181-E83D466D38E5,2013-08-18 00:00:00.000
13537,12732,miguel46@adventure-works.com,4934C499-CC65-4808-9A7D-BEDCBA3EB77D,2014-03-27 00:00:00.000
13538,12733,jon26@adventure-works.com,E2A0055E-31D5-4987-867B-1F362836D50D,2013-07-06 00:00:00.000
13539,12734,jon27@adventure-works.com,4B0646A1-7249-469B-A1BA-EA60D0C01FFA,2014-03-28 00:00:00.000
13540,12735,miguel47@adventure-works.com,AD0CFE28-74F3-47C5-87F7-BCB60295BCCD,2012-10-01 00:00:00.000
13541,12736,miguel48@adventure-works.com,C06C7655-E7A5-4044-8240-6D11062A769A,2014-05-28 00:00:00.000
13542,12737,jon28@adventure-works.com,520149E6-C89C-4B15-A136-D4EA9F1CBDA7,2011-08-19 00:00:00.000
13543,12738,miguel49@adventure-works.com,D4CF2F6A-8B28-4E0B-9BCA-83E8FF8EA1AF,2013-08-13 00:00:00.000
13544,12739,jon29@adventure-works.com,8A20368C-386C-457F-9BCA-D60CE0BB5794,2012-02-11 00:00:00.000
13545,12740,miguel50@adventure-works.com,D3DBD448-9C74-4DC9-8F27-3DFDC7BAC36E,2013-09-29 00:00:00.000
13546,12741,miguel51@adventure-works.com,C1195C38-C7B8-4E90-AC3F-0418FF1F8983,2013-09-21 00:00:00.000
13547,12742,jon30@adventure-works.com,56651BB6-3D99-46AF-805D-85F9147053F2,2011-08-19 00:00:00.000
13548,12743,miguel52@adventure-works.com,9831676E-C578-42A1-9A13-BF6614977062,2013-07-06 00:00:00.000
13549,12744,briana9@adventure-works.com,C27061EE-EF4F-4B9E-96DD-497060EDE905,2013-03-24 00:00:00.000
13550,12745,jon31@adventure-works.com,C19F13DC-700B-4401-8D9E-8731694F87EA,2014-03-02 00:00:00.000
13551,12746,miguel53@adventure-works.com,9537EA7A-9F34-4F6A-989B-4EBB165DE306,2014-02-25 00:00:00.000
13552,12747,jon32@adventure-works.com,F7638154-8CEB-4170-9027-2FF309E1FFAC,2014-05-21 00:00:00.000
13553,12748,miguel54@adventure-works.com,13751BCE-B62D-4D00-BA98-6241B47A22AC,2014-06-19 00:00:00.000
13554,12749,miguel55@adventure-works.com,DFD1EA90-D9FF-4FCB-81D2-90AFB223F3EB,2013-11-04 00:00:00.000
13555,12750,jon33@adventure-works.com,195096FB-FCB1-4E34-AC21-52E91BDB5B7A,2014-01-13 00:00:00.000
13556,12751,jon34@adventure-works.com,E33CDB08-4609-4510-AF51-D97A8B74CD9F,2014-02-15 00:00:00.000
13557,12752,miguel56@adventure-works.com,58F47AE0-0B98-43DA-83A6-F03A9EF25429,2014-01-17 00:00:00.000
13558,12753,miguel57@adventure-works.com,1A804E25-48A1-4F97-9600-23437652AEE3,2013-10-28 00:00:00.000
13559,12754,jon35@adventure-works.com,775193C6-728E-4F52-9882-E3D102B746F3,2011-12-17 00:00:00.000
13560,12755,jon36@adventure-works.com,8E4FEE31-51BA-4CF1-A9DF-B71720EB1608,2013-09-18 00:00:00.000
13561,12756,jon37@adventure-works.com,D3DE71F9-685D-4B97-A745-8C76888480F5,2014-03-31 00:00:00.000
13562,12757,jon38@adventure-works.com,7B9C33D4-2823-4D5D-B6A0-F4D457CB5D55,2012-10-30 00:00:00.000
13563,12758,miguel58@adventure-works.com,55A3DCDA-6E1B-4E1E-88D4-17027490C3AF,2014-02-08 00:00:00.000
13564,12759,jon39@adventure-works.com,72FB21C6-0CA5-426B-8E79-495418DD9A59,2013-02-03 00:00:00.000
13565,12760,miguel59@adventure-works.com,718724A9-951D-4241-A19F-AC10FC36AC79,2014-02-22 00:00:00.000
13566,12761,miguel60@adventure-works.com,0D4D3C28-153D-4846-9361-B9C59A46394B,2014-01-12 00:00:00.000
13567,12762,joan16@adventure-works.com,45FECD94-F9D0-4761-8E49-BDA10797ECD9,2014-03-07 00:00:00.000
13568,12763,jon40@adventure-works.com,ABC66BD4-D631-46FC-8790-6AEF9D9DA0F1,2014-03-21 00:00:00.000
13569,12764,miguel61@adventure-works.com,060A1BCD-0303-48B7-BA9D-E85C5B8FF5F6,2013-07-17 00:00:00.000
13570,12765,miguel62@adventure-works.com,B6ACF53B-2E7D-4D71-A903-4813DA5A381F,2014-01-05 00:00:00.000
13571,12766,jon41@adventure-works.com,99AABBFD-97E2-4D59-B5D1-6C3DE16B95AE,2013-08-31 00:00:00.000
13572,12767,miguel63@adventure-works.com,EA84DF13-E829-498D-8EFE-3BE046E9BB83,2013-09-23 00:00:00.000
13573,12768,miguel64@adventure-works.com,370EC9DD-C8DE-4F99-A210-9D4C027BFC0D,2014-01-23 00:00:00.000
13574,12769,jon42@adventure-works.com,39704963-B11F-494C-9DC9-9D156DBE89C9,2013-02-17 00:00:00.000
13575,12770,miguel65@adventure-works.com,8474C4F8-5A9C-4C95-905A-88F50860E86B,2012-10-29 00:00:00.000
13576,12771,miguel66@adventure-works.com,8311BE73-9BF8-4C1E-A29A-BA7B9A54F076,2013-10-08 00:00:00.000
13577,12772,miguel67@adventure-works.com,07E5588B-4DD1-459D-9084-9508893CEC5F,2014-04-23 00:00:00.000
13578,12773,jon43@adventure-works.com,FEC51DBE-B7AB-4BC6-8D6D-6714D6F983D5,2013-07-05 00:00:00.000
13579,12774,miguel68@adventure-works.com,84A89F91-7487-496B-B81A-4794BD6C6123,2014-02-13 00:00:00.000
13580,12775,miguel69@adventure-works.com,6863E330-6113-43EB-9330-6B25DCDDF322,2013-07-26 00:00:00.000
13581,12776,blake48@adventure-works.com,86D43A6B-A2FC-4582-BEB5-7102761E6989,2014-01-13 00:00:00.000
13582,12777,jon44@adventure-works.com,7DA0BFDE-2194-4028-A754-0033FDB6F7FB,2013-04-01 00:00:00.000
13583,12778,jon45@adventure-works.com,A10E5DF9-3A1D-4CA1-992C-6AEE39D68509,2012-12-27 00:00:00.000
13584,12779,blake49@adventure-works.com,B6BAB246-C273-47C1-939F-168C09657101,2014-04-01 00:00:00.000
13585,12780,y0@adventure-works.com,7F744A4D-8077-406C-A6EA-9A66975A8165,2012-07-17 00:00:00.000
13586,12781,blake50@adventure-works.com,FA0F0DFB-9C34-48FD-9C34-3501C66895BC,2014-04-30 00:00:00.000
13587,12782,blake51@adventure-works.com,939799DB-D913-4FE5-9B4E-423967F28E1B,2014-04-20 00:00:00.000
13588,12783,jon46@adventure-works.com,229B70D6-941E-49B6-BEB4-B69A107CB6C1,2012-02-12 00:00:00.000
13589,12784,blake52@adventure-works.com,D5964921-E3E7-4676-819C-F029EEED5183,2014-04-09 00:00:00.000
13590,12785,briana10@adventure-works.com,5A0357E5-939C-4868-9FDC-F705FE4A9462,2014-01-25 00:00:00.000
13591,12786,jon47@adventure-works.com,3E6D5AEB-38DD-4703-B874-B2AD634D3477,2012-04-08 00:00:00.000
13592,12787,walter3@adventure-works.com,88315FE1-E89C-48B8-A072-B63B7AB51DCC,2013-01-26 00:00:00.000
13593,12788,blake53@adventure-works.com,CB8843C8-17E5-43F3-B737-E5FF19F54F89,2014-03-26 00:00:00.000
13594,12789,blake54@adventure-works.com,C2AC798D-3AEC-4AB8-ABA1-32D2FB6F41B1,2014-02-22 00:00:00.000
13595,12790,walter4@adventure-works.com,AB041690-14B0-436C-95E6-69CE54A67BED,2013-10-10 00:00:00.000
13596,12791,blake55@adventure-works.com,D4A15CE8-8050-4520-BFB3-9FE4253FCF74,2014-05-09 00:00:00.000
13597,12792,blake56@adventure-works.com,EC13F748-7152-446E-AEB5-7FECA524D5A1,2013-12-28 00:00:00.000
13598,12793,walter5@adventure-works.com,3E0897ED-73A9-4F28-95A6-5DBF98F66269,2013-08-18 00:00:00.000
13599,12794,walter6@adventure-works.com,428F0846-0BC5-4FD8-8AAB-D8F64A4709A4,2012-06-05 00:00:00.000
13600,12795,blake57@adventure-works.com,EF5E4AF1-FF6F-4821-B4BD-EC7F2B87A0E5,2014-06-01 00:00:00.000
13601,12796,blake58@adventure-works.com,49C90C96-732B-4230-A764-E71114E7B4D8,2013-07-26 00:00:00.000
13602,12797,blake59@adventure-works.com,9B8D6E21-DAB6-4A4A-8611-8D807E8A6CDF,2013-10-18 00:00:00.000
13603,12798,walter7@adventure-works.com,7BDF5178-9F71-4DA8-8BE7-A81174B936D2,2014-04-08 00:00:00.000
13604,12799,blake60@adventure-works.com,121C76AF-FBDB-4775-963A-3907E1E81402,2013-10-11 00:00:00.000
13605,12800,blake61@adventure-works.com,DABCC223-4C2F-4B2F-B37D-8FC92F5A7C52,2014-01-03 00:00:00.000
13606,12801,blake62@adventure-works.com,8CC829BF-CA07-40BB-80FC-C0BD469115CB,2011-06-23 00:00:00.000
13607,12802,walter8@adventure-works.com,B9E407D0-648C-447E-B744-1EAF3A4EFD3C,2013-07-26 00:00:00.000
13608,12803,blake63@adventure-works.com,D2255177-AA5E-4B0A-AB9B-40E542EF75ED,2013-08-29 00:00:00.000
13609,12804,walter9@adventure-works.com,44420135-476B-42C3-914B-7475B495690D,2012-10-09 00:00:00.000
13610,12805,blake64@adventure-works.com,B768919F-A467-41A3-A9B3-1D5CAB549A92,2014-01-31 00:00:00.000
13611,12806,blake65@adventure-works.com,3547E38A-C4B2-437F-A1E5-CE0BA606B028,2012-07-07 00:00:00.000
13612,12807,walter10@adventure-works.com,872D9DF8-4847-4F07-A22F-50AA2CD43197,2013-01-08 00:00:00.000
13613,12808,blake66@adventure-works.com,5FFA60F2-EA8A-408C-9DE7-9E20B0C73CA1,2013-12-29 00:00:00.000
13614,12809,briana11@adventure-works.com,C1B07072-F516-4224-AFBD-02B35D7BA576,2011-09-29 00:00:00.000
13615,12810,walter11@adventure-works.com,58C42F36-B0BC-4987-9C43-B1460ECF2530,2013-05-27 00:00:00.000
13616,12811,walter12@adventure-works.com,0418E400-D726-493E-A670-3F1E56DEF107,2012-10-30 00:00:00.000
13617,12812,walter13@adventure-works.com,AE528B8D-FC69-4850-9C97-80D04B182DE1,2013-09-21 00:00:00.000
13618,12813,blake67@adventure-works.com,1A3EE506-5B6E-47D8-BE2B-168C2FF92296,2014-01-19 00:00:00.000
13619,12814,walter14@adventure-works.com,CFED1961-684A-456C-9682-8AF99996D450,2013-11-27 00:00:00.000
13620,12815,walter15@adventure-works.com,8F5800B6-42BD-45F2-810E-0CD45A4BA3D5,2013-10-07 00:00:00.000
13621,12816,blake68@adventure-works.com,DBCA797A-0FD8-4E32-812F-E459A82F9A3F,2011-11-22 00:00:00.000
13622,12817,javier0@adventure-works.com,216BE240-4210-4C85-B4BA-5C0BF41915E8,2013-05-29 00:00:00.000
13623,12818,javier1@adventure-works.com,B8DB72B9-5E24-48E5-A89D-15382B0E8766,2013-08-19 00:00:00.000
13624,12819,javier2@adventure-works.com,B3793C6A-F632-434E-AE94-7F55C628FE63,2013-05-31 00:00:00.000
13625,12820,blake69@adventure-works.com,B430F8D7-19BC-48E5-AA88-072909D4999E,2013-04-06 00:00:00.000
13626,12821,blake70@adventure-works.com,8C62EEAD-D9F3-4C6D-9BDE-1881641DE361,2014-03-29 00:00:00.000
13627,12822,edward49@adventure-works.com,663716EE-8BDC-4F8E-AA59-5D1227BF7845,2013-06-12 00:00:00.000
13628,12823,edward50@adventure-works.com,2C41653F-CD06-42FD-BA28-82DC605EAA08,2013-10-06 00:00:00.000
13629,12824,javier3@adventure-works.com,8354F80E-D4DD-4C1C-9CD4-92DDFC57D289,2014-04-27 00:00:00.000
13630,12825,briana12@adventure-works.com,1858F3D2-2381-42E4-ADD2-5D46C1D6921C,2012-07-21 00:00:00.000
13631,12826,edward51@adventure-works.com,2C0C1CBC-9403-4118-BBB1-F6053D907E5A,2014-03-16 00:00:00.000
13632,12827,edward52@adventure-works.com,B3A2737C-473C-4718-87A4-0659FC2EF3A7,2013-08-22 00:00:00.000
13633,12828,edward53@adventure-works.com,DFC2BD8C-471F-41D0-8FD3-A7BCAAD1B06A,2014-05-03 00:00:00.000
13634,12829,javier4@adventure-works.com,589FE03D-352D-4B15-80F7-3F4DDC7800B5,2013-01-08 00:00:00.000
13635,12830,javier5@adventure-works.com,8B139350-2E29-443F-808A-420BE78B9E02,2013-12-09 00:00:00.000
13636,12831,edward54@adventure-works.com,81CDCC2A-D25E-421B-8BB5-FEF531E9CBAA,2013-11-27 00:00:00.000
13637,12832,edward55@adventure-works.com,0481C2B4-784E-4BCE-A96C-C46BF9DC8F16,2013-09-26 00:00:00.000
13638,12833,edward56@adventure-works.com,9B7B76BE-AC9E-4DCF-9E49-C2AB3038A373,2014-02-03 00:00:00.000
13639,12834,javier6@adventure-works.com,29887DDD-94F8-4178-BB67-2BD0A8FEA6E6,2014-03-09 00:00:00.000
13640,12835,edward57@adventure-works.com,E3CB7EF5-D99A-43ED-AE92-4D77C2D88BE9,2013-10-11 00:00:00.000
13641,12836,javier7@adventure-works.com,A440AE60-6316-40E3-B41D-1D399C771FC7,2014-04-23 00:00:00.000
13642,12837,javier8@adventure-works.com,2604FE37-20E4-46D4-A919-7B4E16F42115,2013-04-04 00:00:00.000
13643,12838,edward58@adventure-works.com,ADADE817-01B8-4C4A-AE9B-584766E329C3,2013-07-27 00:00:00.000
13644,12839,edward59@adventure-works.com,C8D8AEFF-116E-47AB-AC5F-DE5E7394753D,2013-04-05 00:00:00.000
13645,12840,javier9@adventure-works.com,11B517B1-D2A3-4298-A563-21C1AFA28F28,2013-09-23 00:00:00.000
13646,12841,edward60@adventure-works.com,47AFA525-DF2D-40CF-8A1F-456FCA035007,2012-04-12 00:00:00.000
13647,12842,edward61@adventure-works.com,34934464-D968-422E-BBBB-73E6556CA020,2014-02-24 00:00:00.000
13648,12843,javier10@adventure-works.com,8668543B-80B5-4FB0-B144-DC595D32A9A3,2012-12-03 00:00:00.000
13649,12844,edward62@adventure-works.com,5078CFD5-8A5A-4BD6-9380-492707B1B78B,2014-03-29 00:00:00.000
13650,12845,javier11@adventure-works.com,9008F188-7AB1-4A63-A991-6A810E936F95,2012-04-11 00:00:00.000
13651,12846,edward63@adventure-works.com,2AB2AF92-7BE2-4792-9D38-A55B89322159,2014-02-01 00:00:00.000
13652,12847,damien29@adventure-works.com,91AE2CB7-76E9-42BC-B106-FBE16DA10D7A,2014-03-03 00:00:00.000
13653,12848,briana13@adventure-works.com,28CA9152-8997-4705-A423-64D95365EA2C,2013-07-26 00:00:00.000
13654,12849,javier12@adventure-works.com,B2BA93DA-2181-4F14-A9EA-460443C4D2C3,2014-03-25 00:00:00.000
13655,12850,edward64@adventure-works.com,8DF60480-597C-43DE-9227-0EA7D2022107,2014-01-09 00:00:00.000
13656,12851,edward65@adventure-works.com,901B6387-F542-4A0D-BC77-3F29F3A6F766,2013-11-04 00:00:00.000
13657,12852,edward66@adventure-works.com,68640ED7-C5D1-44B7-8B44-8FC687510E44,2014-02-25 00:00:00.000
13658,12853,edward67@adventure-works.com,ED91F26E-A5A5-49FF-937D-A6A727E10FC4,2014-01-19 00:00:00.000
13659,12854,javier13@adventure-works.com,7A32F9C6-8FEF-44C9-A6D0-5835942BF1EC,2014-06-16 00:00:00.000
13660,12855,edward68@adventure-works.com,59D63853-20CD-4C16-BE97-E05CEBFBABE2,2014-01-29 00:00:00.000
13661,12856,edward69@adventure-works.com,5CBB3B76-6CF3-4CC7-AD3F-FC49CE86A589,2013-08-22 00:00:00.000
13662,12857,javier14@adventure-works.com,55262857-E088-411D-B35D-76CC7A782B4A,2013-07-17 00:00:00.000
13663,12858,edward70@adventure-works.com,EBFF8A9A-412C-4C17-B21F-858D81BE120F,2013-10-21 00:00:00.000
13664,12859,javier15@adventure-works.com,72D31C2F-C284-4EAA-B0D5-9455B75AEBA5,2013-12-28 00:00:00.000
13665,12860,edward71@adventure-works.com,9EECE7B9-CB8B-43BF-9DF4-DE9EC3573968,2014-05-26 00:00:00.000
13666,12861,rodney0@adventure-works.com,DFF41CC6-6686-4238-9B1B-B062C51C2731,2013-08-24 00:00:00.000
13667,12862,rodney1@adventure-works.com,D258639A-B153-41E2-B1D6-FD47F91014E1,2014-03-11 00:00:00.000
13668,12863,wyatt52@adventure-works.com,A421A772-040E-4124-A86B-C5D88FE9099A,2013-07-26 00:00:00.000
13669,12864,wyatt53@adventure-works.com,35EA1D91-CA27-4C36-929F-FB5E3A4183A7,2012-10-13 00:00:00.000
13670,12865,wyatt54@adventure-works.com,BCADC5A6-9D4E-4755-AD98-7F3CE5554DA7,2013-04-02 00:00:00.000
13671,12866,rodney2@adventure-works.com,EE01D853-A30D-4C43-8CA7-7A49629BDB79,2013-10-15 00:00:00.000
13672,12867,wyatt55@adventure-works.com,BC2FAC24-AEE8-456E-B78B-D4B1E9DB038F,2014-04-19 00:00:00.000
13673,12868,wyatt56@adventure-works.com,19BE92BC-C709-4D4A-8343-0540A023F0EE,2013-07-28 00:00:00.000
13674,12869,wyatt57@adventure-works.com,95C6D0D3-9606-4400-88DF-27984741A0BA,2013-12-23 00:00:00.000
13675,12870,wyatt58@adventure-works.com,14A5E939-CAAF-407B-A2A1-7AB2E60E112D,2014-05-06 00:00:00.000
13676,12871,joan17@adventure-works.com,41BCF86B-0B4E-4346-8532-13256EA68622,2014-02-23 00:00:00.000
13677,12872,rodney3@adventure-works.com,A4DDB534-3715-4C1F-B52F-1765F9BEA39E,2013-11-10 00:00:00.000
13678,12873,wyatt59@adventure-works.com,75A01E9A-BB7C-4BC5-AB97-76BBBF968B5E,2014-05-06 00:00:00.000
13679,12874,rodney4@adventure-works.com,EFC39EA6-AC31-4574-B48B-7EB0E6F582C2,2013-11-13 00:00:00.000
13680,12875,wyatt60@adventure-works.com,943889D8-5048-4B4B-ABF1-6E17065615EB,2013-08-01 00:00:00.000
13681,12876,rodney5@adventure-works.com,A1537103-FD50-4739-85F7-4A87546E49C7,2013-12-18 00:00:00.000
13682,12877,rodney6@adventure-works.com,71A55FB8-F583-49D8-9682-0C5CBD9AA2BE,2013-10-21 00:00:00.000
13683,12878,wyatt61@adventure-works.com,2CB17148-BE26-4489-B1C2-BA6AF67B7A25,2014-01-17 00:00:00.000
13684,12879,rodney7@adventure-works.com,2ECDF9E9-B810-4620-A1D0-8F0019CC622F,2012-05-14 00:00:00.000
13685,12880,wyatt62@adventure-works.com,15DF9482-19A7-4265-AA89-4B4EA50FB9AB,2013-09-02 00:00:00.000
13686,12881,wyatt63@adventure-works.com,B9156AFF-86DA-47DD-A8FA-7E6B321F2D3E,2012-12-10 00:00:00.000
13687,12882,wyatt64@adventure-works.com,E7FB2234-1B96-4FF4-B242-61964D78BDCC,2014-04-10 00:00:00.000
13688,12883,wyatt65@adventure-works.com,425CFD2C-1E0F-4B01-9474-F7915F1AB312,2014-05-14 00:00:00.000
13689,12884,wyatt66@adventure-works.com,31D4A6F6-03EF-41E2-8179-3E70B1221C16,2013-11-02 00:00:00.000
13690,12885,rodney8@adventure-works.com,1E73E73D-5716-44E2-AD04-236D0B642174,2014-03-16 00:00:00.000
13691,12886,rodney9@adventure-works.com,C914AF1D-B8D4-4B7D-9731-54A9D375F479,2013-11-13 00:00:00.000
13692,12887,wyatt67@adventure-works.com,AF26FD1D-3F53-4FB3-BF7B-3AC88034A713,2014-04-04 00:00:00.000
13693,12888,wyatt68@adventure-works.com,2AAF21C4-956C-4621-949E-CF4121E0C394,2014-03-24 00:00:00.000
13694,12889,rodney10@adventure-works.com,05ECB459-9342-44B0-AE05-BBB429824CAF,2014-01-25 00:00:00.000
13695,12890,wyatt69@adventure-works.com,02463233-C096-432F-87AA-FDEE90A6D39B,2011-09-02 00:00:00.000
13696,12891,devin43@adventure-works.com,8C66DABA-0FC1-407B-9762-AE084DB66159,2012-03-30 00:00:00.000
13697,12892,devin44@adventure-works.com,509CB43F-A15E-48E7-93F3-794C92F43D80,2012-03-15 00:00:00.000
13698,12893,rodney11@adventure-works.com,A639FC79-512D-4729-B1E8-9E670B2324C4,2012-03-02 00:00:00.000
13699,12894,devin45@adventure-works.com,ACAE22B6-2941-4558-ADAC-086BB17AA4DB,2014-01-01 00:00:00.000
13700,12895,devin46@adventure-works.com,0E2D0403-F3FD-4B1E-B53F-05E2A4A5DE51,2014-04-30 00:00:00.000
13701,12896,rodney12@adventure-works.com,0E964FC5-B05D-4E02-92A5-D41C5C24876F,2012-05-11 00:00:00.000
13702,12897,rodney13@adventure-works.com,53EF80A0-0EAC-4075-9CE0-C95BC5B0CF89,2013-08-17 00:00:00.000
13703,12898,devin47@adventure-works.com,8BF018CB-3664-4289-893C-673EA5F26C46,2013-09-24 00:00:00.000
13704,12899,devin48@adventure-works.com,11C14835-044D-4F3C-8B22-9EB577556144,2013-07-21 00:00:00.000
13705,12900,devin49@adventure-works.com,7AC6FE3E-80B9-400E-8224-C73837BADC7F,2014-05-28 00:00:00.000
13706,12901,devin50@adventure-works.com,F65587C9-B4F1-43C3-91E3-173BDAB14B4C,2013-12-24 00:00:00.000
13707,12902,rodney14@adventure-works.com,61A431EF-5469-431F-9990-ADCDBCE87A00,2013-10-13 00:00:00.000
13708,12903,rodney15@adventure-works.com,6ED68E06-4856-407F-8576-2B9D5A12D406,2014-04-29 00:00:00.000
13709,12904,devin51@adventure-works.com,1210983C-CD48-49DA-A44E-120403F9072D,2013-07-15 00:00:00.000
13710,12905,rodney16@adventure-works.com,47CBAD88-C8B3-4657-A3C4-AB2B98C8EF19,2013-12-07 00:00:00.000
13711,12906,robin1@adventure-works.com,E15A5190-9B6C-4B0B-8333-15F755A195BC,2014-05-14 00:00:00.000
13712,12907,robin2@adventure-works.com,8F57A482-1571-4DC7-A063-7DDF6868BDAE,2011-07-24 00:00:00.000
13713,12908,devin52@adventure-works.com,B518FAA8-F16B-4C22-9DCB-B33693FE0336,2013-11-17 00:00:00.000
13714,12909,devin53@adventure-works.com,AF1AF5A8-700B-4488-BA2D-8AACF7EF4EC4,2012-04-08 00:00:00.000
13715,12910,robin3@adventure-works.com,3E7D737D-2B8F-4426-A909-8E4EC62968BD,2012-01-23 00:00:00.000
13716,12911,devin54@adventure-works.com,87736977-9D32-468B-96FF-08C9C04015D1,2014-04-13 00:00:00.000
13717,12912,devin55@adventure-works.com,BC0C41D2-ECCD-4D33-A940-0778E216C622,2013-12-31 00:00:00.000
13718,12913,devin56@adventure-works.com,474C1E18-1F0C-4007-8979-675B96DAA2A5,2014-05-20 00:00:00.000
13719,12914,devin57@adventure-works.com,25C89BD7-7DA5-47E3-9047-AE99A390341A,2013-08-31 00:00:00.000
13720,12915,robin4@adventure-works.com,5F965B90-8E93-4688-8474-44D65F1F37D6,2013-10-25 00:00:00.000
13721,12916,devin58@adventure-works.com,96ADBF04-9025-4FBB-9762-4BC4D5C2EDD0,2012-03-11 00:00:00.000
13722,12917,robin5@adventure-works.com,973D75D1-E5AC-4DC6-A730-847142387FFA,2014-06-06 00:00:00.000
13723,12918,devin59@adventure-works.com,11D085C0-3D9C-4896-9EA0-6DB1BE6F60BA,2013-10-03 00:00:00.000
13724,12919,devin60@adventure-works.com,EAE8AD0C-90D6-49B2-9606-E8A11408D391,2014-04-15 00:00:00.000
13725,12920,eduardo44@adventure-works.com,B6DE0453-80C7-4B39-9539-B40A8ACEA09E,2014-02-18 00:00:00.000
13726,12921,eduardo45@adventure-works.com,5CC21BB4-5F59-47CB-B525-32144CA28E3F,2012-09-25 00:00:00.000
13727,12922,robin6@adventure-works.com,9C4D9C0A-C3D9-4C2C-83F4-7A119DFCD598,2014-01-07 00:00:00.000
13728,12923,eduardo46@adventure-works.com,7875137B-D098-4F52-87C5-1C2C1E138EC6,2011-11-30 00:00:00.000
13729,12924,eduardo47@adventure-works.com,B6608AA5-8533-4CFA-B840-18922F8FA42A,2014-06-22 00:00:00.000
13730,12925,robin7@adventure-works.com,23E3E18D-CA41-4D39-9652-6325B704096A,2013-04-09 00:00:00.000
13731,12926,eduardo48@adventure-works.com,1D0E2B50-B042-48AB-8A7E-ED67782002D7,2013-12-30 00:00:00.000
13732,12927,eduardo49@adventure-works.com,F5A31232-E646-4DBD-8679-823304F79F8D,2013-07-13 00:00:00.000
13733,12928,eduardo50@adventure-works.com,0EDCFC60-746A-43CD-AA17-345AF96862F6,2014-03-09 00:00:00.000
13734,12929,eduardo51@adventure-works.com,13062774-CA02-445B-8880-703C8D1E059A,2013-11-06 00:00:00.000
13735,12930,robin8@adventure-works.com,1DF0AFA0-57E9-4E81-A458-D0698AB5F0B6,2013-12-06 00:00:00.000
13736,12931,eduardo52@adventure-works.com,1159A4F7-1848-4C7A-A474-2DA4CE860511,2013-11-15 00:00:00.000
13737,12932,eduardo53@adventure-works.com,47D58FBE-81C0-4315-B24B-865EE1C29B2E,2013-09-18 00:00:00.000
13738,12933,robin9@adventure-works.com,9C13A86B-7B19-4B9A-9379-5264BBF5AD56,2011-07-10 00:00:00.000
13739,12934,robin10@adventure-works.com,837FCDE8-1A37-467D-91E3-4C121462C808,2014-05-11 00:00:00.000
13740,12935,eduardo54@adventure-works.com,6F4F2FA5-E91C-45BF-9ABB-94DD24CACCD9,2014-01-23 00:00:00.000
13741,12936,robin11@adventure-works.com,508A952D-4BEF-4DD3-91A4-8658D7B6B99E,2012-08-25 00:00:00.000
13742,12937,eduardo55@adventure-works.com,C9CE3982-7B73-4131-B9E9-D3A73008956A,2013-07-16 00:00:00.000
13743,12938,eduardo56@adventure-works.com,20F209F1-B23E-444C-B9B8-B36D622601A3,2013-10-28 00:00:00.000
13744,12939,eduardo57@adventure-works.com,1928E693-9FA9-45E4-8376-4B4F4688001A,2013-10-12 00:00:00.000
13745,12940,briana14@adventure-works.com,39373575-ED52-4E7B-AC04-C90EB766F4B1,2013-02-19 00:00:00.000
13746,12941,robin12@adventure-works.com,CA8D6DA0-39E1-4A6A-A86D-15208D6BC358,2014-03-20 00:00:00.000
13747,12942,eduardo58@adventure-works.com,103A48CB-54D3-49EF-9AA1-BC69D96447E3,2013-09-09 00:00:00.000
13748,12943,robin13@adventure-works.com,827282AD-4D70-4FAE-87B8-767ABC61505A,2013-03-24 00:00:00.000
13749,12944,eduardo59@adventure-works.com,87D31CBA-64D8-4CC7-8475-82B83F4B8ADA,2013-10-03 00:00:00.000
13750,12945,robin14@adventure-works.com,F370F261-6183-4D69-A3C9-65C87E49E15D,2012-02-22 00:00:00.000
13751,12946,eduardo60@adventure-works.com,B7FCCBB8-9E36-473C-B17B-45C9696F5D9C,2013-10-04 00:00:00.000
13752,12947,eduardo61@adventure-works.com,4599A777-74FD-41B5-9982-ED02F7CA9683,2014-04-10 00:00:00.000
13753,12948,robin15@adventure-works.com,1B3A9E20-C2AE-4A12-BDC7-0F05FEDE77D3,2012-02-21 00:00:00.000
13754,12949,robin16@adventure-works.com,AE3EEA1C-D683-4962-B56D-456BA01F2DC9,2014-02-12 00:00:00.000
13755,12950,robin17@adventure-works.com,DCBF7708-8051-412F-B77E-DD0BA87B0EFF,2013-01-24 00:00:00.000
13756,12951,monique0@adventure-works.com,FF3BCD02-78A3-414B-A423-5C5162336E03,2013-06-30 00:00:00.000
13757,12952,eduardo62@adventure-works.com,E25791E1-65E3-4D45-9439-721ADC495359,2012-04-21 00:00:00.000
13758,12953,eduardo63@adventure-works.com,5F67A346-4EFE-4E3A-AD0D-3D34A3BAEF8F,2014-06-20 00:00:00.000
13759,12954,briana15@adventure-works.com,2D174D69-5B41-455A-9E81-AA87092F14BC,2012-10-05 00:00:00.000
13760,12955,monique1@adventure-works.com,F5009047-C320-4A51-A057-5D0E76106C72,2013-07-18 00:00:00.000
13761,12956,monique2@adventure-works.com,A2828133-7B8A-4F26-BA1A-8FD526D77A01,2012-12-04 00:00:00.000
13762,12957,eduardo64@adventure-works.com,643DD76E-7F20-4CCB-A764-B8A9B7B154AD,2012-09-16 00:00:00.000
13763,12958,eduardo65@adventure-works.com,D72BF010-6594-4F49-A3AC-F03BA0DDD34A,2013-11-29 00:00:00.000
13764,12959,monique3@adventure-works.com,6BB5A2D2-7A58-43BE-882A-B4DCF094A26E,2013-02-12 00:00:00.000
13765,12960,richard56@adventure-works.com,46E57B02-8E41-4E74-851C-A064B92ED489,2013-08-29 00:00:00.000
13766,12961,monique4@adventure-works.com,19EEC886-E94E-4559-9607-8664BB36ED14,2013-11-16 00:00:00.000
13767,12962,richard57@adventure-works.com,CD19918E-7D1B-432A-9786-1E1BA7837EDE,2013-09-27 00:00:00.000
13768,12963,monique5@adventure-works.com,C10F0947-24D1-40FC-AE85-DA8397FAB910,2014-03-22 00:00:00.000
13769,12964,richard58@adventure-works.com,C47CD578-5E7B-4370-B0C7-1325B17FCB6A,2013-04-18 00:00:00.000
13770,12965,monique6@adventure-works.com,CB790C1B-040E-4492-9425-73D1D6593252,2013-12-15 00:00:00.000
13771,12966,richard59@adventure-works.com,BF087DFC-1BF9-45EE-936E-D0DA8E9D0050,2013-10-05 00:00:00.000
13772,12967,richard60@adventure-works.com,33ADEE51-8CBB-40B9-A2CA-2D4F14413772,2014-02-18 00:00:00.000
13773,12968,monique7@adventure-works.com,8B611442-D25D-4C95-B6E8-36128733E3DA,2012-08-13 00:00:00.000
13774,12969,richard61@adventure-works.com,256E7A49-9728-48FE-B224-73E478BF03CA,2012-07-21 00:00:00.000
13775,12970,monique8@adventure-works.com,EEFC7BBD-0705-432E-AC68-13D1F13AFBDE,2013-05-12 00:00:00.000
13776,12971,monique9@adventure-works.com,6C462705-19AD-4B63-8D2D-56CE8E7D3187,2013-09-24 00:00:00.000
13777,12972,richard62@adventure-works.com,D5082FA0-B173-4FCE-B63D-E25E95965DE9,2013-07-29 00:00:00.000
13778,12973,monique10@adventure-works.com,141A1A34-EF66-48FA-ABA6-EB9A14F42A01,2013-09-05 00:00:00.000
13779,12974,briana16@adventure-works.com,0245D566-9CF8-433A-A2BC-7DA5CEC9A5DA,2013-04-24 00:00:00.000
13780,12975,monique11@adventure-works.com,FC9A2AC1-4A3E-4865-9EBB-95FBA0700B6E,2013-11-01 00:00:00.000
13781,12976,richard63@adventure-works.com,59E8A53B-3A82-4D9C-928D-5296D5B50F35,2013-12-10 00:00:00.000
13782,12977,richard64@adventure-works.com,50A3DE20-A479-4FEB-8B4C-F303C33FA76B,2014-03-15 00:00:00.000
13783,12978,monique12@adventure-works.com,68AD9481-8965-4F60-97C2-A29DB0D0FB7B,2013-01-03 00:00:00.000
13784,12979,monique13@adventure-works.com,86AB6039-A0EC-4BFA-9984-297386410352,2014-03-01 00:00:00.000
13785,12980,richard65@adventure-works.com,10101FE0-4A73-4D88-99A1-0F8584627FC7,2014-05-01 00:00:00.000
13786,12981,richard66@adventure-works.com,764310DB-E131-4DC2-8C12-B4A3B3354479,2013-08-30 00:00:00.000
13787,12982,monique14@adventure-works.com,1E93102A-ECAE-4DDF-9A5C-E3A1B83A1C58,2011-06-20 00:00:00.000
13788,12983,richard67@adventure-works.com,D50CEF39-8292-4D04-9EF4-6B5264FE38A5,2012-12-08 00:00:00.000
13789,12984,richard68@adventure-works.com,B56D6352-9712-40DC-9AA9-7935521E3E87,2013-09-28 00:00:00.000
13790,12985,monique15@adventure-works.com,242B1264-59CC-456D-B9DD-3945EC18AA60,2013-03-12 00:00:00.000
13791,12986,monique16@adventure-works.com,E7D267AC-74D8-4C5E-A6EE-B576FEC36863,2013-03-12 00:00:00.000
13792,12987,richard69@adventure-works.com,8604C28C-1B80-42D1-8FED-D58E3DE1E2A9,2014-04-06 00:00:00.000
13793,12988,richard70@adventure-works.com,5C8A0BFE-6B65-4BE1-812C-E821342859BD,2014-02-14 00:00:00.000
13794,12989,monique17@adventure-works.com,C2212D06-C605-4941-9B76-22FED75D7E17,2014-04-02 00:00:00.000
13795,12990,richard71@adventure-works.com,20563D73-37A3-4065-94A3-820940F5ED6A,2013-02-20 00:00:00.000
13796,12991,monique18@adventure-works.com,E4C0990A-F55E-46B0-87DD-8704ECC56F0D,2012-05-30 00:00:00.000
13797,12992,linda18@adventure-works.com,3E38CAC8-6D09-4E39-8F1B-47A396F68528,2013-11-20 00:00:00.000
13798,12993,richard72@adventure-works.com,BDA71C0B-95E3-4617-840A-526C3682194B,2014-01-03 00:00:00.000
13799,12994,richard73@adventure-works.com,E9D28FA8-E283-43A4-AC3A-D68E7C1F95E7,2012-12-16 00:00:00.000
13800,12995,briana17@adventure-works.com,67A86EEA-9FF2-4254-840B-82C1AA157168,2013-03-15 00:00:00.000
13801,12996,linda19@adventure-works.com,A98D6AD4-C805-4AD6-80E5-AAF7F620685B,2012-12-31 00:00:00.000
13802,12997,richard74@adventure-works.com,F2E812DF-02B7-4BD9-9457-AEEB737BF6BD,2013-11-29 00:00:00.000
13803,12998,linda20@adventure-works.com,288E2FF9-1CFC-486B-9EF6-6E56F5694224,2011-09-10 00:00:00.000
13804,12999,richard75@adventure-works.com,A994EE17-14A2-4E19-A1C0-452B5F97EDE8,2013-12-12 00:00:00.000
13805,13000,richard76@adventure-works.com,BAA92981-53FE-4FFA-99F7-60B88C3148B9,2014-02-21 00:00:00.000
13806,13001,linda21@adventure-works.com,76D24D09-DDF8-4698-A802-9564AFB5E591,2012-12-29 00:00:00.000
13807,13002,linda22@adventure-works.com,262BFEC7-48E2-446E-9E51-FEB97E17A9FB,2012-12-09 00:00:00.000
13808,13003,richard77@adventure-works.com,FCD47FA5-5711-4D5F-A83C-EE1D63CDA00A,2014-01-16 00:00:00.000
13809,13004,richard78@adventure-works.com,719E2293-C612-4C61-A122-3189C8856DEC,2013-11-24 00:00:00.000
13810,13005,marcus49@adventure-works.com,6D05A753-3991-4141-ABF9-1AF6D9039B11,2013-06-25 00:00:00.000
13811,13006,linda23@adventure-works.com,5A9715E4-3B66-470D-B3A8-A024C25908EC,2013-09-07 00:00:00.000
13812,13007,linda24@adventure-works.com,7BDE8B3F-C36D-4DCE-A814-13507C92A4BA,2014-05-17 00:00:00.000
13813,13008,marcus50@adventure-works.com,9914F939-5953-4382-8A76-3C960073D22F,2014-04-24 00:00:00.000
13814,13009,linda25@adventure-works.com,4D9D3363-E98D-46CE-AD0F-E41898B88DDF,2013-03-30 00:00:00.000
13815,13010,marcus51@adventure-works.com,5FC329CB-116C-4231-8055-76F1F7974CCD,2014-05-14 00:00:00.000
13816,13011,linda26@adventure-works.com,5463F62E-6516-448D-B8E9-852C0ACC59E1,2014-02-08 00:00:00.000
13817,13012,marcus52@adventure-works.com,DE90CDDE-81A3-4F60-B6E2-3F8E26178E8C,2012-10-31 00:00:00.000
13818,13013,linda27@adventure-works.com,C1661CA9-3FB6-49F3-8860-6E9E1E89EF97,2014-02-16 00:00:00.000
13819,13014,marcus53@adventure-works.com,C6F54905-7C80-47C7-80DF-D95DCA363C51,2013-10-10 00:00:00.000
13820,13015,marcus54@adventure-works.com,FE21A351-4E88-4916-A63A-68451B963433,2013-09-13 00:00:00.000
13821,13016,linda28@adventure-works.com,5294348B-568C-461A-B7F8-E726A6F87095,2012-07-15 00:00:00.000
13822,13017,linda29@adventure-works.com,BFA49D70-6A51-4D2C-A8BA-96CD086F3DDD,2013-12-26 00:00:00.000
13823,13018,marcus55@adventure-works.com,B57E8858-A5C0-430E-A273-6A728DA8711E,2012-06-04 00:00:00.000
13824,13019,linda30@adventure-works.com,E86E0EBA-6E34-42A2-AE2A-E00E10595E9F,2013-10-10 00:00:00.000
13825,13020,marcus56@adventure-works.com,1485D7E5-C91C-4EFE-8FD3-B1A38DD1A03A,2014-05-16 00:00:00.000
13826,13021,marcus57@adventure-works.com,F8B4E3E6-1907-4819-AF2A-78B07E641A34,2012-11-09 00:00:00.000
13827,13022,linda31@adventure-works.com,06A428DB-0A3B-4B91-8CA9-D6418DA5151A,2013-08-01 00:00:00.000
13828,13023,marcus58@adventure-works.com,FA5F91F2-496D-491D-A7EA-81C562A3F3F5,2013-07-27 00:00:00.000
13829,13024,linda32@adventure-works.com,1B6778C3-98FD-4D23-A9A7-367A3E3E1EA9,2014-02-10 00:00:00.000
13830,13025,marcus59@adventure-works.com,627F01A8-2E64-41D5-B9AA-4968B834794C,2014-01-29 00:00:00.000
13831,13026,marcus60@adventure-works.com,42A59817-49E4-40F5-A06D-375BA58FB761,2014-04-20 00:00:00.000
13832,13027,linda33@adventure-works.com,7E4E0DE2-4215-40A9-869C-069D3BD8157B,2013-01-08 00:00:00.000
13833,13028,linda34@adventure-works.com,130AC65E-0DDE-4796-8E77-BB4455A59BF4,2014-02-19 00:00:00.000
13834,13029,marcus61@adventure-works.com,CA4C2BD9-D691-4427-AB0D-5FBF12B91BFF,2014-02-28 00:00:00.000
13835,13030,linda35@adventure-works.com,2A3815F6-2A4E-4989-B2D3-243ADDC108B2,2013-08-20 00:00:00.000
13836,13031,marcus62@adventure-works.com,D66C8790-A199-42BE-B3DF-E591E090B049,2014-01-23 00:00:00.000
13837,13032,linda36@adventure-works.com,CE3245FB-D8FF-4748-8452-9DE57D509345,2013-10-06 00:00:00.000
13838,13033,linda37@adventure-works.com,07CA8471-2028-494E-8093-AA7687027072,2011-12-28 00:00:00.000
13839,13034,briana18@adventure-works.com,0B5DF770-9B1F-49EA-95CD-374CA101EC0C,2014-05-01 00:00:00.000
13840,13035,marcus63@adventure-works.com,54993B81-813F-411B-9B66-59E279987BA2,2014-02-10 00:00:00.000
13841,13036,marcus64@adventure-works.com,A125758B-BB29-40D0-AFD8-BF0D78E6E61D,2013-09-12 00:00:00.000
13842,13037,desiree0@adventure-works.com,6DB63A99-9407-4119-92B8-49C3FDEFAE71,2014-01-15 00:00:00.000
13843,13038,marcus65@adventure-works.com,9395562C-6407-45B8-BBF7-071D7767A705,2014-03-09 00:00:00.000
13844,13039,desiree1@adventure-works.com,72D758C3-4DCF-45F3-897D-F94366C08A2E,2014-04-13 00:00:00.000
13845,13040,desirée2@adventure-works.com,4ABAFA9C-3546-4A93-BB27-6C8303001349,2014-06-19 00:00:00.000
13846,13041,marcus66@adventure-works.com,DDECA27F-A81B-4C67-89CB-A5F1B0E66E7F,2014-03-10 00:00:00.000
13847,13042,desiree3@adventure-works.com,8A95F063-C5A0-4AC2-A799-EAFDE2498EAD,2014-03-09 00:00:00.000
13848,13043,desiree4@adventure-works.com,E04AFC76-2598-4781-9099-E611F76A8953,2014-04-14 00:00:00.000
13849,13044,marcus67@adventure-works.com,CAE6ED9B-C7C6-4D67-AD32-729E84F60434,2013-11-04 00:00:00.000
13850,13045,desiree5@adventure-works.com,7C5CF016-6EBE-40F9-BADC-CAD29738DDB2,2014-02-13 00:00:00.000
13851,13046,marcus68@adventure-works.com,46E5ABCB-DFEB-4950-902C-9979E872489C,2014-02-20 00:00:00.000
13852,13047,marcus69@adventure-works.com,51BE3B8F-2AF8-4014-BC47-FFD92EDF9F92,2014-05-18 00:00:00.000
13853,13048,marcus70@adventure-works.com,FFE65B29-243C-4813-BEAD-43C983C1A45F,2014-02-03 00:00:00.000
13854,13049,desiree6@adventure-works.com,1BBE99BF-15FC-4B7D-8F54-91DC7253D78D,2012-12-07 00:00:00.000
13855,13050,desiree7@adventure-works.com,53E65608-0222-4BF9-818B-30BB894B9977,2013-07-14 00:00:00.000
13856,13051,marcus71@adventure-works.com,94B3E398-D484-4228-9882-DEA340DAADD3,2012-09-03 00:00:00.000
13857,13052,marcus72@adventure-works.com,C7A56012-71EA-4740-B983-049CEC2E8B9A,2012-04-06 00:00:00.000
13858,13053,desiree8@adventure-works.com,C48906CC-B9E3-4FC3-AC53-FB781EE4EF42,2014-04-15 00:00:00.000
13859,13054,damien30@adventure-works.com,D3C153FE-58B4-43B3-B4F8-0FC698EEDE6F,2014-02-04 00:00:00.000
13860,13055,joy1@adventure-works.com,6CF0593A-C79C-41A3-9D15-90EBF4E0AF55,2013-09-19 00:00:00.000
13861,13056,desiree9@adventure-works.com,A2612395-8E5E-4B72-8F6A-1EC9FEC5B0E7,2012-05-21 00:00:00.000
13862,13057,ian40@adventure-works.com,5D047023-6CC0-41F8-AD53-9307450E4ECE,2012-10-17 00:00:00.000
13863,13058,ian41@adventure-works.com,2184B619-CD7A-4C08-BD1D-22C481FD9819,2012-06-29 00:00:00.000
13864,13059,ian42@adventure-works.com,ADAC6BBD-CA4B-4C70-A5B1-197F948C9C5C,2012-07-01 00:00:00.000
13865,13060,ian43@adventure-works.com,6AD84484-2E17-432B-8779-F5989F9EC83C,2013-11-04 00:00:00.000
13866,13061,desiree10@adventure-works.com,0555F627-0ABB-4866-9884-0C8CD42196B2,2011-09-18 00:00:00.000
13867,13062,desiree11@adventure-works.com,497C1799-4871-4C37-B553-4E96FB78CBE6,2014-01-11 00:00:00.000
13868,13063,ian44@adventure-works.com,E96B37A0-B118-467A-8586-FBF3B91266E2,2013-09-03 00:00:00.000
13869,13064,ian45@adventure-works.com,94114233-5715-47DA-8319-BE7D55940BB0,2011-12-08 00:00:00.000
13870,13065,desiree12@adventure-works.com,0BCFA000-3285-464F-BACD-A00017590A00,2013-12-27 00:00:00.000
13871,13066,desiree13@adventure-works.com,9A3F8B06-829B-4C2E-A2A1-6281B31FA737,2014-05-22 00:00:00.000
13872,13067,ian46@adventure-works.com,DF9A87CD-1FFF-4D95-A48F-F75990BA70B7,2014-03-14 00:00:00.000
13873,13068,ian47@adventure-works.com,0B3BD997-4965-4D7D-9147-17E6A82DC972,2013-09-13 00:00:00.000
13874,13069,ian48@adventure-works.com,13520038-FFF0-4DF5-9555-43BD61833523,2014-04-20 00:00:00.000
13875,13070,desiree14@adventure-works.com,D7F52A39-9CB5-41F7-9ADC-DF3649579F13,2014-03-10 00:00:00.000
13876,13071,ian49@adventure-works.com,6A17EE38-4F3E-4C47-B8FA-A5626CAEAEB1,2013-11-17 00:00:00.000
13877,13072,desiree15@adventure-works.com,9F448B47-996E-4342-A8B8-E666BFF6F680,2013-07-13 00:00:00.000
13878,13073,ian50@adventure-works.com,7D25EEED-BEF4-4E11-86E3-0A6A56611919,2012-03-27 00:00:00.000
13879,13074,ian51@adventure-works.com,2A688C7A-7ECB-40A6-8D24-490D076E2B73,2013-10-27 00:00:00.000
13880,13075,ian52@adventure-works.com,25BA126C-4286-442E-A813-AC262B3EADB8,2014-03-31 00:00:00.000
13881,13076,desiree16@adventure-works.com,75F10B4B-B716-4D7C-B25F-AD242472451C,2014-01-14 00:00:00.000
13882,13077,ian53@adventure-works.com,A3A1F25C-15A5-4861-A601-7008A6117C5D,2012-12-07 00:00:00.000
13883,13078,desiree17@adventure-works.com,68A1BCE7-3B69-4F0C-BBDD-C169CD81D0AC,2012-06-27 00:00:00.000
13884,13079,ian54@adventure-works.com,4C51ACF7-5E64-4DFE-A518-6473F899721F,2012-05-28 00:00:00.000
13885,13080,joy2@adventure-works.com,A6EA2636-09A2-4CB5-BC57-7CF61EAFCB7E,2013-02-10 00:00:00.000
13886,13081,desiree18@adventure-works.com,399D1C72-3075-42C1-8B35-8D85E16CA7F4,2012-10-05 00:00:00.000
13887,13082,theresa0@adventure-works.com,2F46846A-84AF-4A65-AAAB-17376B0709E9,2014-04-20 00:00:00.000
13888,13083,ian55@adventure-works.com,812797F4-C56C-4276-91B0-AE274A5027D8,2014-05-17 00:00:00.000
13889,13084,ian56@adventure-works.com,012E4ED3-4512-4DF9-AF1D-27456904CDEA,2014-03-14 00:00:00.000
13890,13085,theresa1@adventure-works.com,9DF9017C-644F-46EA-B51E-A0EBECA0F30F,2011-10-13 00:00:00.000
13891,13086,theresa2@adventure-works.com,E28F15FE-5B53-4A0E-B9E6-8B48FA833ECF,2013-06-23 00:00:00.000
13892,13087,ian57@adventure-works.com,D4977BFF-AC03-4537-AC39-88813C24F50F,2014-02-07 00:00:00.000
13893,13088,ian58@adventure-works.com,DD4058C6-DF99-44B1-AC84-6571682CAF8C,2014-05-27 00:00:00.000
13894,13089,theresa3@adventure-works.com,70F2BA5F-7F1F-4910-ACDA-DEA0ED80C318,2013-10-22 00:00:00.000
13895,13090,theresa4@adventure-works.com,36D7CC23-D6D0-4DD1-B18A-19B03910CD9C,2012-12-13 00:00:00.000
13896,13091,theresa5@adventure-works.com,781D00FF-BBE1-43A4-9822-D2E50E9B9394,2013-10-29 00:00:00.000
13897,13092,theresa6@adventure-works.com,E2E68231-EFAA-4DD2-9768-96235EEED442,2013-09-29 00:00:00.000
13898,13093,theresa7@adventure-works.com,72ED918E-818C-467A-93B7-D5C8EE926707,2012-05-16 00:00:00.000
13899,13094,ian59@adventure-works.com,0D59F7B8-2146-43C3-B635-6CBE5213D2C3,2012-07-12 00:00:00.000
13900,13095,ian60@adventure-works.com,201D39D9-28B7-4BAD-8640-EF723F30C9E2,2013-07-06 00:00:00.000
13901,13096,ian61@adventure-works.com,042BFAD4-FC02-4A59-B895-594F11255FB1,2014-04-20 00:00:00.000
13902,13097,ian62@adventure-works.com,A023D156-6BD3-45E0-9679-E0E999210FA1,2014-01-26 00:00:00.000
13903,13098,joy3@adventure-works.com,6013E0AC-41F8-4ED6-8C78-2E6234E94939,2011-11-27 00:00:00.000
13904,13099,theresa8@adventure-works.com,0444BE30-2664-4BA9-936A-156CBB1B53BC,2012-06-28 00:00:00.000
13905,13100,theresa9@adventure-works.com,B4CAD904-5B5C-4A08-BF69-7CEBF7939EFE,2011-12-18 00:00:00.000
13906,13101,ian63@adventure-works.com,BB866483-CC28-41BE-8E1E-54C5F641D9AB,2013-09-10 00:00:00.000
13907,13102,lucas49@adventure-works.com,473C3092-FB20-4158-BC86-F1F9FF0F7B39,2011-10-28 00:00:00.000
13908,13103,lucas50@adventure-works.com,2CC4277F-FD85-4330-AE6C-085DAB9F53D4,2013-11-24 00:00:00.000
13909,13104,lucas51@adventure-works.com,6862BB4B-9A0A-4200-8465-40B41403678E,2014-06-23 00:00:00.000
13910,13105,lucas52@adventure-works.com,146FF256-35E9-4EAD-9AEC-4D29ED84087B,2013-09-13 00:00:00.000
13911,13106,theresa10@adventure-works.com,2DD67D18-2579-417C-B7B4-831511CFC555,2012-10-10 00:00:00.000
13912,13107,theresa11@adventure-works.com,1B828FCC-420C-40E8-94BB-0C78F6B760CE,2013-10-19 00:00:00.000
13913,13108,lucas53@adventure-works.com,C0E9C174-5A74-47F9-A4A4-66DC64BAE03B,2013-09-11 00:00:00.000
13914,13109,theresa12@adventure-works.com,53F100BA-F9CB-40AE-BDE3-63513524342B,2013-07-09 00:00:00.000
13915,13110,lucas54@adventure-works.com,E56984CD-98F1-4173-BFAE-C0511B505EE2,2013-08-06 00:00:00.000
13916,13111,lucas55@adventure-works.com,7BA2CCCA-5A6A-49BB-9764-AC9E0B9B489F,2012-08-25 00:00:00.000
13917,13112,theresa13@adventure-works.com,62488E48-945C-4321-9D49-70507E82F772,2011-07-04 00:00:00.000
13918,13113,lucas56@adventure-works.com,87D4CF8E-857D-41B8-9B39-BC42F6A289AC,2014-01-17 00:00:00.000
13919,13114,theresa14@adventure-works.com,9D81675A-48F9-4B3A-8355-58588E9EC55B,2013-09-01 00:00:00.000
13920,13115,lucas57@adventure-works.com,DB31C900-8987-48C4-860F-E6A02EA21801,2014-01-23 00:00:00.000
13921,13116,theresa15@adventure-works.com,B32F79D7-8DCB-4C1D-8B42-A58DE3047801,2013-10-13 00:00:00.000
13922,13117,lucas58@adventure-works.com,9342D341-9A48-44BC-BF19-3F503A17034A,2013-09-09 00:00:00.000
13923,13118,theresa16@adventure-works.com,4767D512-4ED4-4CB5-8654-0CDDEF2CE569,2014-04-01 00:00:00.000
13924,13119,theresa17@adventure-works.com,0CC37518-1E15-41B7-B13C-DDBD907437FC,2013-09-29 00:00:00.000
13925,13120,lucas59@adventure-works.com,FA9394AB-A1FE-493A-A2E7-B5E80F1B781D,2012-12-09 00:00:00.000
13926,13121,lucas60@adventure-works.com,89933A09-DC36-4F37-8F7C-98DD1C79CD64,2012-04-23 00:00:00.000
13927,13122,wendy4@adventure-works.com,AC1E59C5-309D-43B1-A2E1-7A919028B837,2013-10-22 00:00:00.000
13928,13123,lucas61@adventure-works.com,7E458004-30F2-4B48-8858-FDABAC01B86A,2014-04-23 00:00:00.000
13929,13124,lucas62@adventure-works.com,8614EB68-D4DD-4266-A169-836F7E41513E,2011-09-17 00:00:00.000
13930,13125,wendy5@adventure-works.com,5B4273EE-DA0A-4E1C-AC42-199FA194570A,2012-10-25 00:00:00.000
13931,13126,lucas63@adventure-works.com,A31C9712-102F-4D16-916B-7FA847C2D14A,2013-11-07 00:00:00.000
13932,13127,lucas64@adventure-works.com,883B1EC5-82B7-4929-8A7A-FCA038E2D4A3,2012-11-26 00:00:00.000
13933,13128,lucas65@adventure-works.com,3772DBD5-8882-4D85-98E6-3A71561F90E6,2014-03-11 00:00:00.000
13934,13129,wendy6@adventure-works.com,357AB356-EBBF-43E5-B385-4A79F2B49AD2,2014-03-18 00:00:00.000
13935,13130,wendy7@adventure-works.com,1A792157-B0C6-408E-90BE-4337C5D2CDFB,2013-11-07 00:00:00.000
13936,13131,lucas66@adventure-works.com,32F838B5-B30B-4CB8-9139-591AE8EEFF11,2013-10-28 00:00:00.000
13937,13132,lucas67@adventure-works.com,5B47436D-3FF3-4BBB-BDC0-8390AA22B639,2013-09-15 00:00:00.000
13938,13133,wendy8@adventure-works.com,C83775CE-5BE2-4532-9F20-C80DE66A6A0F,2011-11-07 00:00:00.000
13939,13134,lucas68@adventure-works.com,93ECF553-F478-4B20-9527-5B33BDCFF2D3,2013-10-08 00:00:00.000
13940,13135,lucas69@adventure-works.com,C5875662-E68F-4A0F-BD43-28063B62BBC7,2014-05-18 00:00:00.000
13941,13136,lucas70@adventure-works.com,074AFD58-CE79-4103-B62F-F02869D732BE,2014-03-30 00:00:00.000
13942,13137,wendy9@adventure-works.com,C80D2CE2-39F1-4063-B587-CD0EB05D9E98,2014-03-06 00:00:00.000
13943,13138,seth48@adventure-works.com,CA5819BE-202D-4975-9745-A16EF85373E4,2014-01-24 00:00:00.000
13944,13139,joy4@adventure-works.com,E6750073-2B5C-42A7-BA39-CED2F123E8D3,2014-04-12 00:00:00.000
13945,13140,wendy10@adventure-works.com,5A9ADCE5-BAB2-4BA2-A237-3970A04F5AA5,2013-12-08 00:00:00.000
13946,13141,seth49@adventure-works.com,1EB7C1B4-84B8-433B-8845-4677C16251A2,2012-05-03 00:00:00.000
13947,13142,wendy11@adventure-works.com,0BDC7622-13FD-4D4B-AC79-7177127FBC4F,2011-10-20 00:00:00.000
13948,13143,wendy12@adventure-works.com,B86836FE-CBE4-4B5D-B17E-FE55D057488D,2011-07-09 00:00:00.000
13949,13144,wendy13@adventure-works.com,80E6C034-F800-477F-B44B-C622725B01ED,2013-11-25 00:00:00.000
13950,13145,elena0@adventure-works.com,2005B0DB-6983-4BF3-B50D-EE115ABAD366,2014-01-12 00:00:00.000
13951,13146,wendy14@adventure-works.com,92A14222-ED3B-413C-9F53-517AB83DB099,2013-08-30 00:00:00.000
13952,13147,seth50@adventure-works.com,C7EFF99B-29AC-4369-8F79-C54BE9F43352,2014-04-22 00:00:00.000
13953,13148,wendy15@adventure-works.com,30FCD856-6170-4D77-88A8-9B3C7825CB5B,2013-08-10 00:00:00.000
13954,13149,seth51@adventure-works.com,E6BAF43B-63C0-4A88-8754-5D0C2B6033EC,2013-07-06 00:00:00.000
13955,13150,seth52@adventure-works.com,82E0158E-C15C-45C1-AFFC-11BF96B2E4C0,2014-03-14 00:00:00.000
13956,13151,seth53@adventure-works.com,DD948ED8-950C-4977-9F71-DD680F764D23,2013-12-14 00:00:00.000
13957,13152,wendy16@adventure-works.com,DACF4AC6-4604-4E65-9AF0-3B465792F3BF,2011-08-30 00:00:00.000
13958,13153,seth54@adventure-works.com,7908E868-6D83-442B-AD50-75322B1DCAB9,2013-09-14 00:00:00.000
13959,13154,seth55@adventure-works.com,0B5BB27F-000A-49FF-B5B9-1F24CE5EDAFE,2013-10-02 00:00:00.000
13960,13155,wendy17@adventure-works.com,A64867CE-ECEA-445C-86F7-FA9E7D7BA934,2012-03-28 00:00:00.000
13961,13156,seth56@adventure-works.com,BE3B0E92-5C81-4050-A170-CB8A77887ED5,2011-12-17 00:00:00.000
13962,13157,wendy18@adventure-works.com,9C1AFD60-BF95-4592-A751-956D028AFDCF,2013-12-29 00:00:00.000
13963,13158,joy5@adventure-works.com,5F9FC0DD-5899-4425-8733-ED2841D3C967,2013-08-05 00:00:00.000
13964,13159,wendy19@adventure-works.com,5788960E-E323-42B8-B3ED-5E0CA68B95EA,2013-10-16 00:00:00.000
13965,13160,seth57@adventure-works.com,D4779E77-0D96-46A7-8DCE-55439BF90BDE,2013-08-07 00:00:00.000
13966,13161,wendy20@adventure-works.com,C4B72402-CCB8-45E5-9F90-A6CB8AD2DBF8,2012-11-30 00:00:00.000
13967,13162,joanna2@adventure-works.com,748A7B76-C052-43C3-9088-5E2E49CDD487,2012-11-18 00:00:00.000
13968,13163,seth58@adventure-works.com,D90EC4DE-F8F3-4948-A4EE-ADCF8066BEA0,2014-03-05 00:00:00.000
13969,13164,seth59@adventure-works.com,E4D66B69-F3B1-4B9B-A1C9-FF717E91DAD2,2014-01-27 00:00:00.000
13970,13165,joanna3@adventure-works.com,E81341D0-51C1-472A-AEE8-DDFBDFFC3F3A,2012-06-19 00:00:00.000
13971,13166,seth60@adventure-works.com,9C0E8834-1FD2-4D4D-B8FF-076836E1397A,2013-10-26 00:00:00.000
13972,13167,joanna4@adventure-works.com,387711B5-8B09-4C19-8BE0-B47CD3DC5B8B,2014-01-27 00:00:00.000
13973,13168,seth61@adventure-works.com,0C94C27E-FE3C-4A12-891D-784F136E2537,2014-05-06 00:00:00.000
13974,13169,joanna5@adventure-works.com,2D48B1E0-479B-44BB-B74F-C361F22CE41A,2014-02-21 00:00:00.000
13975,13170,joanna6@adventure-works.com,B82B6A71-41AC-47F5-958D-350A75473E18,2012-07-12 00:00:00.000
13976,13171,seth62@adventure-works.com,876CAFDC-A451-4104-812C-333D07536E27,2014-06-28 00:00:00.000
13977,13172,joanna7@adventure-works.com,A9B54729-4B1D-47F6-AB5B-92F2DAD5A6F7,2014-05-23 00:00:00.000
13978,13173,joanna8@adventure-works.com,C0BFC6BA-D918-4252-BCEF-379CD2B8F927,2014-01-16 00:00:00.000
13979,13174,seth63@adventure-works.com,C113E061-A715-483B-8709-49B045B806D5,2012-11-21 00:00:00.000
13980,13175,seth64@adventure-works.com,3F0977E8-A80A-4B0A-B477-25A869A8D883,2014-04-29 00:00:00.000
13981,13176,joy6@adventure-works.com,3F825816-128A-4223-9C55-8BE014862977,2013-10-13 00:00:00.000
13982,13177,joanna9@adventure-works.com,52E099F5-5C3B-47D0-843B-F6061F211BD8,2013-09-05 00:00:00.000
13983,13178,seth65@adventure-works.com,1C2BFB83-052F-45C1-8C22-0B79172E8974,2013-09-17 00:00:00.000
13984,13179,joanna10@adventure-works.com,CA9FC2C8-A8F6-48FB-A18F-3442699FF004,2013-11-14 00:00:00.000
13985,13180,seth66@adventure-works.com,4F775566-439E-4390-A82A-74A0D95D798C,2014-01-16 00:00:00.000
13986,13181,joanna11@adventure-works.com,A9AC03C4-B296-41EF-B44D-E271D560C481,2014-03-31 00:00:00.000
13987,13182,seth67@adventure-works.com,7D489216-C16D-429F-825E-D8B2EEE33600,2013-08-07 00:00:00.000
13988,13183,joanna12@adventure-works.com,2147C802-21C0-400F-961F-53B6A5D7B2AD,2014-04-22 00:00:00.000
13989,13184,seth68@adventure-works.com,ED0C9814-6F64-4518-AF2A-536E91DEC36E,2013-04-12 00:00:00.000
13990,13185,seth69@adventure-works.com,B730BD2D-D514-464A-B3E4-D51473F0EDCE,2013-08-11 00:00:00.000
13991,13186,joanna13@adventure-works.com,177A1120-950A-44F4-90C9-9BF7FC2D0C32,2012-04-14 00:00:00.000
13992,13187,seth70@adventure-works.com,711903EB-A096-43EA-8AFF-38467BC8D85F,2014-01-20 00:00:00.000
13993,13188,joanna14@adventure-works.com,19D7206B-43F3-4170-B23E-1BF4673C03FA,2013-12-31 00:00:00.000
13994,13189,joanna15@adventure-works.com,A9F35433-9D21-4265-816A-2EDA7A5157C1,2013-01-19 00:00:00.000
13995,13190,seth71@adventure-works.com,E3665545-578B-4D14-BFCF-29ABC96D5501,2014-03-03 00:00:00.000
13996,13191,joanna16@adventure-works.com,17BC8E5E-B7B5-4E52-975E-132384C68D08,2013-01-31 00:00:00.000
13997,13192,joanna17@adventure-works.com,0F005B42-06F7-4C35-83BC-D2D028CE3D8B,2014-05-26 00:00:00.000
13998,13193,brad24@adventure-works.com,93818341-26FB-4A47-A827-612809FA724B,2014-01-11 00:00:00.000
13999,13194,xavier64@adventure-works.com,8070B59D-AC9C-421B-A53A-DAE380310F64,2013-12-27 00:00:00.000
14000,13195,joy7@adventure-works.com,ABD9DDE1-5CA2-4346-BD32-B57CE65DA874,2014-05-23 00:00:00.000
14001,13196,joanna18@adventure-works.com,1DDFDC7B-DF92-4CD6-88E7-E43F8A6A424F,2014-06-17 00:00:00.000
14002,13197,joanna19@adventure-works.com,AC8F190E-F8F7-4E9D-B6EE-6C15DD70CC79,2013-08-07 00:00:00.000
14003,13198,patrick5@adventure-works.com,59E75E22-3F94-4143-ABD5-FF2F50195FF8,2013-09-24 00:00:00.000
14004,13199,brian11@adventure-works.com,EC5C9C7D-EF00-4655-8EDD-6EF852A9E8D0,2014-05-14 00:00:00.000
14005,13200,bryce0@adventure-works.com,107A2FE6-F7B6-476C-8D37-F3B687A16416,2014-02-16 00:00:00.000
14006,13201,joanna20@adventure-works.com,D487E2B5-803A-4B47-8896-76E298520DBC,2011-09-21 00:00:00.000
14007,13202,nathaniel0@adventure-works.com,3D516E6B-60B3-44AC-A541-35A6DA7B0A83,2013-11-04 00:00:00.000
14008,13203,chase0@adventure-works.com,6D39B3F8-A63B-4784-8F32-DA82708FB0BA,2011-10-24 00:00:00.000
14009,13204,juan9@adventure-works.com,DDDC8F9A-DA89-4E20-803D-D7C15CA8B294,2012-01-24 00:00:00.000
14010,13205,sebastian0@adventure-works.com,70FBC2D8-CE0D-4590-84D8-0342E7EF443A,2011-10-13 00:00:00.000
14011,13206,tanya0@adventure-works.com,DA1DD8AE-BC82-4874-9BD9-221B1D8698AA,2011-08-27 00:00:00.000
14012,13207,tanya1@adventure-works.com,15238782-7442-4359-89C3-569F4C331245,2012-03-20 00:00:00.000
14013,13208,cole0@adventure-works.com,2CFC5F7A-B16B-418A-8A1B-0F125CE52289,2013-10-14 00:00:00.000
14014,13209,jared1@adventure-works.com,5C648741-5C75-4764-9CAF-4E7F7C0C5EC0,2013-10-19 00:00:00.000
14015,13210,bryan4@adventure-works.com,0188E0D8-A24F-4B5D-A035-FA20774F402E,2012-08-14 00:00:00.000
14016,13211,garrett3@adventure-works.com,C6DC68FC-45E2-4B36-8B2F-27D5C407C1C1,2014-06-20 00:00:00.000
14017,13212,tanya2@adventure-works.com,6CB457B3-24F6-4A2A-A723-13D3C09D083A,2014-02-14 00:00:00.000
14018,13213,steven9@adventure-works.com,704D0ADA-1A76-4490-B5EE-F96ED2E87931,2014-03-31 00:00:00.000
14019,13214,tanya3@adventure-works.com,C054141B-07FF-4F01-BC1C-F15E64A12543,2013-01-11 00:00:00.000
14020,13215,adrian1@adventure-works.com,67F583F2-85DF-45A4-A827-856D44B83D66,2014-04-20 00:00:00.000
14021,13216,tanya4@adventure-works.com,E93BAEC1-4A21-42A1-BDB2-2081A0C74884,2013-11-24 00:00:00.000
14022,13217,cody0@adventure-works.com,5CA5EC28-A963-402D-9551-DA6096406421,2013-07-05 00:00:00.000
14023,13218,joy8@adventure-works.com,480B80AB-7028-48BD-B2E7-3279EDC76B71,2014-05-19 00:00:00.000
14024,13219,tanya5@adventure-works.com,6E76E3A5-9E34-45E4-98E5-ADDA04023BF0,2014-05-06 00:00:00.000
14025,13220,charles46@adventure-works.com,FD8AFBD6-B208-4CAF-812D-C8565766A49E,2013-11-16 00:00:00.000
14026,13221,devin61@adventure-works.com,9BB82349-B5EA-4429-B0F5-DEE1824745C1,2013-10-11 00:00:00.000
14027,13222,eduardo66@adventure-works.com,5E9E9A31-69E2-4F14-AD35-893803889BE6,2014-06-24 00:00:00.000
14028,13223,tanya6@adventure-works.com,C39D3F0B-D007-4533-8DC0-7A7A01214D7A,2013-11-09 00:00:00.000
14029,13224,tanya7@adventure-works.com,BDDA5F63-E32D-45D4-AFB8-22B1C33C9357,2012-12-12 00:00:00.000
14030,13225,richard79@adventure-works.com,E5CC9907-4A40-4251-AB98-39F6DC53FC69,2013-08-23 00:00:00.000
14031,13226,marcus73@adventure-works.com,134A1D9A-6555-49CB-86DE-3FC3FDF30C02,2014-06-15 00:00:00.000
14032,13227,tanya8@adventure-works.com,2009A462-EBDE-4292-B96D-7B04D461B287,2013-10-16 00:00:00.000
14033,13228,tanya9@adventure-works.com,D6BE4867-1283-47F9-97C4-7876F05E7116,2014-06-05 00:00:00.000
14034,13229,ian64@adventure-works.com,DFBC1577-549E-48B2-8E1C-766BB82165B5,2013-04-22 00:00:00.000
14035,13230,tanya10@adventure-works.com,6CFF6381-2D94-4061-8310-07991C3633BA,2013-08-16 00:00:00.000
14036,13231,tanya11@adventure-works.com,2F9C665C-C9B8-401B-BAF1-10E447C79AD5,2013-10-13 00:00:00.000
14037,13232,tanya12@adventure-works.com,D9CA3EBF-1152-4A50-8125-542416A1512B,2013-01-11 00:00:00.000
14038,13233,seth72@adventure-works.com,B66D2D8A-C09E-4C0F-A573-FD932AC6C56F,2014-02-24 00:00:00.000
14039,13234,xavier65@adventure-works.com,EA0F32FD-DD92-448C-AF06-4BA4FEF52FEA,2013-09-09 00:00:00.000
14040,13235,tanya13@adventure-works.com,83F2CDA8-6A43-466E-8038-72FCD698D485,2013-07-10 00:00:00.000
14041,13236,tanya14@adventure-works.com,C35B8A9F-87DB-49DF-A311-5E77BA727CA3,2013-01-10 00:00:00.000
14042,13237,dalton69@adventure-works.com,11332E1C-F5FE-4B42-B80B-62AF464CB718,2014-05-14 00:00:00.000
14043,13238,joy9@adventure-works.com,C6972B1D-1959-4231-B53D-16F07A4C1AD4,2013-05-07 00:00:00.000
14044,13239,tanya15@adventure-works.com,71A2FDA2-78CF-4D2B-8A30-DB08F70F6F74,2013-10-09 00:00:00.000
14045,13240,tanya16@adventure-works.com,1802297A-40ED-4C79-8B38-0D45377C1D51,2013-11-10 00:00:00.000
14046,13241,tanya17@adventure-works.com,542E5125-C3E3-4537-96A7-E0C61D7B1834,2013-10-24 00:00:00.000
14047,13242,jeremiah39@adventure-works.com,A8C9F6F8-5C83-44D3-8F51-C69D6D0B35F2,2013-09-06 00:00:00.000
14048,13243,carlos2@adventure-works.com,A76D5821-20D8-44FF-98AF-3DF64DE72B6C,2014-04-22 00:00:00.000
14049,13244,tanya18@adventure-works.com,4081FE05-56EF-42A5-A5D9-12CCD606A54B,2014-02-19 00:00:00.000
14050,13245,isaiah0@adventure-works.com,3FE38B8A-9F26-49DE-8D13-8663BC863142,2013-08-18 00:00:00.000
14051,13246,melinda0@adventure-works.com,76A80FA1-43DE-410F-B473-67BD9EFE1ACD,2013-09-03 00:00:00.000
14052,13247,melinda1@adventure-works.com,F0DD34FA-E044-4ED6-AFA7-71918CD81255,2014-03-13 00:00:00.000
14053,13248,melinda2@adventure-works.com,0BDD55AF-EAD2-48D1-92C2-F96EFA1BCA7A,2012-07-12 00:00:00.000
14054,13249,alex3@adventure-works.com,C1AABF55-68CF-495E-8236-9038664E3C7A,2013-12-07 00:00:00.000
14055,13250,melinda3@adventure-works.com,B67AA12A-4382-485B-9828-C146D519D8C9,2013-10-23 00:00:00.000
14056,13251,evan0@adventure-works.com,C56A20ED-85A1-424A-8462-F2353F192ACD,2013-04-24 00:00:00.000
14057,13252,mason2@adventure-works.com,CE25393A-CD80-418B-8F2E-A80B714C2488,2014-06-14 00:00:00.000
14058,13253,damien31@adventure-works.com,11D9C8D2-91E7-413D-B2B5-7A4AB5A6AECA,2013-09-16 00:00:00.000
14059,13254,joy10@adventure-works.com,F8A841C1-DB4C-4F28-AB98-D09C7FE4DBE8,2013-11-29 00:00:00.000
14060,13255,melinda4@adventure-works.com,4E3EDA74-4984-471B-8796-4B530F8EE726,2013-07-16 00:00:00.000
14061,13256,isaac0@adventure-works.com,54F47B3E-FE50-4AF7-980F-58A77BAC86C3,2012-06-13 00:00:00.000
14062,13257,jesse0@adventure-works.com,43519321-F120-4742-9C37-705C019E3A3C,2014-05-21 00:00:00.000
14063,13258,sean7@adventure-works.com,05FF2388-A4C0-4B83-9286-9B351BD8B533,2013-11-15 00:00:00.000
14064,13259,timothy2@adventure-works.com,86F92F61-AAF8-4EDF-85D2-62EFEFB07C5A,2013-10-03 00:00:00.000
14065,13260,melinda5@adventure-works.com,FAA5E94D-2515-44FE-B342-47913BE0BEC9,2011-12-31 00:00:00.000
14066,13261,patrick6@adventure-works.com,595C436F-2339-47AF-BB91-5DB741A2E308,2014-02-13 00:00:00.000
14067,13262,brian12@adventure-works.com,4C742F9A-E2EA-444F-A57A-DEED3159A91F,2011-11-25 00:00:00.000
14068,13263,melinda6@adventure-works.com,0BCE2D3D-E4F4-43EA-895F-F734EED51A6A,2013-01-09 00:00:00.000
14069,13264,bryce1@adventure-works.com,7989A877-AD4E-4CE4-B04A-19B40A45CFA9,2013-06-20 00:00:00.000
14070,13265,melinda7@adventure-works.com,97BA2F06-C60D-43C8-AED1-F4B69735CEBA,2013-01-17 00:00:00.000
14071,13266,nathaniel1@adventure-works.com,DA433C63-F6AE-4A54-96A2-8EDB4F945651,2012-02-09 00:00:00.000
14072,13267,melinda8@adventure-works.com,68508AD5-70A2-4017-A5F9-D5E343B313D7,2014-05-14 00:00:00.000
14073,13268,chase1@adventure-works.com,160121FD-EEEE-4233-8282-647C072E01AD,2013-02-27 00:00:00.000
14074,13269,juan10@adventure-works.com,2B1E3C59-2D38-4B44-8203-31B291A06247,2012-05-16 00:00:00.000
14075,13270,sebastian1@adventure-works.com,1270D27E-DD63-4D2E-B310-E6A886EFCBA0,2012-11-29 00:00:00.000
14076,13271,melinda9@adventure-works.com,E9539966-78B5-45C8-8A01-CC190ADC806D,2011-10-15 00:00:00.000
14077,13272,melinda10@adventure-works.com,BEC84227-F31A-4DEB-9A1B-CD7572749782,2013-12-06 00:00:00.000
14078,13273,cole1@adventure-works.com,9B9496E7-D019-4A8E-84B0-1CE0F8157BF6,2011-05-31 00:00:00.000
14079,13274,melinda11@adventure-works.com,737A2216-A85C-426F-8D36-53444CE0958C,2013-07-31 00:00:00.000
14080,13275,joy11@adventure-works.com,BB470E85-4FA9-48BF-AF65-2F44E2BF6F5E,2012-07-22 00:00:00.000
14081,13276,melinda12@adventure-works.com,E422E169-C122-4834-B117-B0478F655496,2014-01-05 00:00:00.000
14082,13277,jared2@adventure-works.com,9EF8A733-6A66-4204-A481-A375E7FA4B15,2013-10-08 00:00:00.000
14083,13278,melinda13@adventure-works.com,E20C7A4F-4D8D-4B33-8704-0C6732B397E5,2013-01-25 00:00:00.000
14084,13279,garrett4@adventure-works.com,942B9F9E-7B52-4641-9FB4-A41140100084,2013-08-09 00:00:00.000
14085,13280,melinda14@adventure-works.com,C2CFD3C7-5FE3-4513-B821-8E1CD7ABF258,2014-02-23 00:00:00.000
14086,13281,steven10@adventure-works.com,C3AB126A-6985-4458-ABF9-63145DF86C71,2013-04-04 00:00:00.000
14087,13282,miguel70@adventure-works.com,7EB9034F-2CAD-4CC5-AD00-33D08A1CC2B3,2014-04-20 00:00:00.000
14088,13283,melinda15@adventure-works.com,3BF3A219-FCBB-4F8F-B1FE-C168D26BAACA,2013-03-12 00:00:00.000
14089,13284,adrian2@adventure-works.com,015DEFF8-6870-4CEE-B334-5D22740915B3,2013-08-17 00:00:00.000
14090,13285,melinda16@adventure-works.com,1597CE90-CFEB-4198-A2CD-A7026A02C941,2014-03-08 00:00:00.000
14091,13286,cody1@adventure-works.com,20A9AC8E-5D2B-4DBB-BD6D-4989A244373A,2014-04-08 00:00:00.000
14092,13287,charles47@adventure-works.com,45ECF7F8-0036-4FDC-8461-D0C90A76A309,2014-03-30 00:00:00.000
14093,13288,devin62@adventure-works.com,7241762B-0B9A-4B5D-A328-BCA06BB90C73,2014-02-03 00:00:00.000
14094,13289,eduardo67@adventure-works.com,EFC29816-3D12-4E48-B1DA-ABB09F866418,2013-07-07 00:00:00.000
14095,13290,lori6@adventure-works.com,136916C5-114D-4D7D-8CEF-18A02C525EFF,2013-09-13 00:00:00.000
14096,13291,richard80@adventure-works.com,7F127774-630D-4D1D-A925-2DFBA6BCA0A4,2013-08-20 00:00:00.000
14097,13292,lori7@adventure-works.com,F48D802F-C878-40E1-9F3E-200F3222F702,2013-01-02 00:00:00.000
14098,13293,marcus74@adventure-works.com,968FB9EE-67A6-4151-A531-8E07F6BBE073,2013-10-16 00:00:00.000
14099,13294,ian65@adventure-works.com,B67387E2-D86B-41E9-AEAE-A01A677F957B,2014-01-30 00:00:00.000
14100,13295,lori8@adventure-works.com,C98031EA-6B6A-40F4-8A05-71E771224972,2013-07-20 00:00:00.000
14101,13296,lori9@adventure-works.com,63124CC7-50B0-4080-BD41-6FD0953B3839,2013-04-13 00:00:00.000
14102,13297,joy12@adventure-works.com,E2DCA609-13E2-4935-B6BD-249AE4D04EB6,2014-04-13 00:00:00.000
14103,13298,lori10@adventure-works.com,5E56DAEC-C40F-441F-8051-7864860CA75B,2013-07-23 00:00:00.000
14104,13299,lucas71@adventure-works.com,E82C87AA-B652-419A-9293-9645F34B5FA9,2013-08-31 00:00:00.000
14105,13300,seth73@adventure-works.com,08CC9E2B-2EBA-4EE3-9463-73E31709A610,2014-01-08 00:00:00.000
14106,13301,xavier66@adventure-works.com,54327BF1-4D7B-4B34-8F8C-0FD6958C03FA,2014-01-31 00:00:00.000
14107,13302,dalton70@adventure-works.com,C0B5D866-99A9-4292-A916-C52A347BD8AC,2012-06-11 00:00:00.000
14108,13303,jeremy32@adventure-works.com,87BE1F58-25B3-4D89-8DC6-52D679967531,2013-06-02 00:00:00.000
14109,13304,lori11@adventure-works.com,10072DAF-6057-4CF1-A48C-89B90DA0E49F,2014-01-26 00:00:00.000
14110,13305,carlos3@adventure-works.com,87984C78-B37C-4561-8F1B-3E9CC8625B9F,2014-03-11 00:00:00.000
14111,13306,angel0@adventure-works.com,DF55D41E-F623-4869-B2AB-BB3A852B215E,2013-01-17 00:00:00.000
14112,13307,lori12@adventure-works.com,16A523C6-90D5-4ED0-B02D-A2FADED3A2A4,2014-05-07 00:00:00.000
14113,13308,isaiah1@adventure-works.com,FD15BBF6-1491-4174-A271-567E6A3601EE,2013-12-01 00:00:00.000
14114,13309,alex4@adventure-works.com,25C2D918-2472-42A0-8F0D-6BB2248C3696,2014-04-08 00:00:00.000
14115,13310,evan1@adventure-works.com,2B608622-0093-45D9-8E2A-9A7BA9A11C8F,2014-02-12 00:00:00.000
14116,13311,lori13@adventure-works.com,11FCA03C-7749-4E26-B4CD-2E19C6B5A053,2014-01-21 00:00:00.000
14117,13312,lori14@adventure-works.com,5E169E0C-DCD1-481B-AC62-ABDEE1F38830,2013-02-23 00:00:00.000
14118,13313,mason3@adventure-works.com,6E21A2D0-9DF8-4D85-8C6E-62E5B0A6318F,2014-05-24 00:00:00.000
14119,13314,isaac1@adventure-works.com,F413FDDF-6151-4F84-AE4F-20ED6A18A991,2012-02-03 00:00:00.000
14120,13315,lori15@adventure-works.com,93D426E5-9E7A-4C20-812F-647FDC63B1FC,2014-03-04 00:00:00.000
14121,13316,jesse1@adventure-works.com,89FD396B-E482-4545-923F-5BB536EF1359,2013-12-18 00:00:00.000
14122,13317,lori16@adventure-works.com,84B0801E-DD85-4231-93AC-A7EFC4FAD982,2013-11-21 00:00:00.000
14123,13318,sean8@adventure-works.com,01E6B1CC-49E2-4092-9BFE-409796501BDC,2012-02-10 00:00:00.000
14124,13319,joy13@adventure-works.com,BDF512F6-BFB2-460A-99F6-0C373C6F6930,2014-03-18 00:00:00.000
14125,13320,lori17@adventure-works.com,E2505D1D-DD59-435B-A862-387B04ACA56C,2014-01-05 00:00:00.000
14126,13321,timothy3@adventure-works.com,07CAB6A4-5B05-4644-ABAB-71B57D69B26E,2014-01-10 00:00:00.000
14127,13322,lori18@adventure-works.com,AA19502D-66B4-4F6A-B97F-7FF546F0EE8B,2011-07-29 00:00:00.000
14128,13323,patrick7@adventure-works.com,5507802F-6E5F-445A-AF75-B7B5EC38CE2F,2014-03-31 00:00:00.000
14129,13324,brian13@adventure-works.com,4E8B7F1A-2195-43DE-82E9-3EE2C8437C29,2013-11-30 00:00:00.000
14130,13325,bryce2@adventure-works.com,6E895EDA-FF34-4662-9186-5CBC5F6C12E9,2013-07-01 00:00:00.000
14131,13326,nathaniel2@adventure-works.com,96B1F699-D2B4-4AEF-9D52-86500DCCEB36,2013-08-11 00:00:00.000
14132,13327,chase2@adventure-works.com,8E7F7B4F-1035-45A1-B4CE-02DE23443287,2014-02-03 00:00:00.000
14133,13328,juan11@adventure-works.com,1FBEB133-DBD5-4AC8-AA8C-88485EEBAD2E,2014-05-28 00:00:00.000
14134,13329,lori19@adventure-works.com,DFEFC157-036D-47F2-9AA1-F90B959033D5,2013-02-24 00:00:00.000
14135,13330,sebastian2@adventure-works.com,B1F87FE4-639B-4BE2-9F49-6980471BE305,2014-03-06 00:00:00.000
14136,13331,lori20@adventure-works.com,515ED5F4-74B2-4B73-BA9F-02EF78EEC650,2012-04-02 00:00:00.000
14137,13332,cole2@adventure-works.com,FEA2654B-A812-4087-958A-95673D00B8FF,2013-10-01 00:00:00.000
14138,13333,lori21@adventure-works.com,0428C468-7339-4404-BD16-5F67FAEF5F3F,2014-01-26 00:00:00.000
14139,13334,jared3@adventure-works.com,65537AB8-E98A-496B-8911-B0DE4911FE19,2013-04-30 00:00:00.000
14140,13335,lori22@adventure-works.com,08DDEA69-518F-41AF-95EC-6261183891E0,2013-11-24 00:00:00.000
14141,13336,louis38@adventure-works.com,FC29C4D1-19B7-458D-8695-C52B838DC56B,2012-03-22 00:00:00.000
14142,13337,garrett5@adventure-works.com,ADA60692-F77D-4CEF-AC5D-69F524D396CD,2014-02-11 00:00:00.000
14143,13338,steven11@adventure-works.com,CB7EC7BB-FD21-4F12-BD2F-4C770E474BDA,2014-02-07 00:00:00.000
14144,13339,louis39@adventure-works.com,02308F87-DAAD-46DC-8B71-3C95F762FB75,2013-11-24 00:00:00.000
14145,13340,adrian3@adventure-works.com,D76119E8-2E33-4DED-89ED-F60B5029928B,2014-05-27 00:00:00.000
14146,13341,louis40@adventure-works.com,95B859B9-1D78-4EA3-906D-F331CFFB5D57,2013-11-11 00:00:00.000
14147,13342,charles48@adventure-works.com,7BE05167-B910-4850-AE55-90A6ACE94913,2013-06-29 00:00:00.000
14148,13343,joy14@adventure-works.com,20741DD7-12ED-41EF-A0F5-817A51B18C10,2012-09-12 00:00:00.000
14149,13344,louis41@adventure-works.com,1F5C0D9E-759C-4944-87D7-CD26EA36F525,2013-09-21 00:00:00.000
14150,13345,louis42@adventure-works.com,1E01EA16-8131-4024-A7EF-56AA352376B9,2014-06-09 00:00:00.000
14151,13346,devin63@adventure-works.com,6AD0082C-130C-41A4-BC3A-0CCCC210EBD6,2013-09-27 00:00:00.000
14152,13347,louis43@adventure-works.com,40A74677-5A42-405F-A8B0-0B9AF99B8ABD,2013-11-20 00:00:00.000
14153,13348,eduardo68@adventure-works.com,E6DD8CEF-DE79-48D1-9695-A0C745F84A8D,2012-08-18 00:00:00.000
14154,13349,richard81@adventure-works.com,D6A0A8EF-74B1-4A48-950A-9AECB5C59E63,2011-06-09 00:00:00.000
14155,13350,louis44@adventure-works.com,FE4F0D5C-1021-44D6-957B-EA228E1CBDD5,2014-03-25 00:00:00.000
14156,13351,marcus75@adventure-works.com,ABF3D6A8-EC46-4E24-966F-EE00FA704C3F,2013-11-02 00:00:00.000
14157,13352,louis45@adventure-works.com,9473818B-FC04-48E2-90AE-84E00A2AB3B0,2014-01-16 00:00:00.000
14158,13353,ian66@adventure-works.com,B66BF4D7-948C-4540-9788-CC28A2C1DCA8,2013-10-12 00:00:00.000
14159,13354,sabrina0@adventure-works.com,4813FA7E-36A2-48D6-81EC-1A59A77D8BBA,2014-01-28 00:00:00.000
14160,13355,sabrina1@adventure-works.com,D2224C96-CEFD-41E9-94B3-E8A6B61C17CB,2014-02-26 00:00:00.000
14161,13356,lucas72@adventure-works.com,3F7E8B9F-7C28-4609-A16B-0391FD8E1D62,2013-10-20 00:00:00.000
14162,13357,sabrina2@adventure-works.com,80FA8239-ECCA-4E20-9940-5B63C292CDEF,2013-09-19 00:00:00.000
14163,13358,seth74@adventure-works.com,F8E48CC2-7B9E-452F-94E6-29B8B605A0AD,2013-06-30 00:00:00.000
14164,13359,xavier67@adventure-works.com,49DB501F-8AED-4541-B101-5E140AB33943,2013-03-14 00:00:00.000
14165,13360,dalton71@adventure-works.com,FB90F292-D2F3-48A8-B2D0-DA3F5EB4091F,2012-06-10 00:00:00.000
14166,13361,jeremy33@adventure-works.com,4FCEF415-1E49-4C77-8451-39CBE8C7298F,2013-07-30 00:00:00.000
14167,13362,sabrina3@adventure-works.com,154F39BC-1A2B-479D-ADB2-2FD6E0F3FD9F,2014-02-03 00:00:00.000
14168,13363,sabrina4@adventure-works.com,EF89A269-DA09-4F6A-90C3-9444D373DA9F,2013-08-15 00:00:00.000
14169,13364,carlos4@adventure-works.com,DF6CCDB0-8E7B-4DDC-B9E3-216FD3314BE7,2014-04-25 00:00:00.000
14170,13365,angel1@adventure-works.com,3FD3EE0C-9674-4579-9732-EAC94C451450,2013-09-17 00:00:00.000
14171,13366,sabrina5@adventure-works.com,06A60E48-8391-4CB9-A6D1-7DE68F20AF52,2014-04-15 00:00:00.000
14172,13367,alex5@adventure-works.com,47D833EE-C90E-48C6-9CA3-4E003EB97C8A,2014-02-27 00:00:00.000
14173,13368,evan2@adventure-works.com,6DA5962D-FBA0-452F-A673-D7AC434CC97D,2013-10-31 00:00:00.000
14174,13369,sabrina6@adventure-works.com,CE8BE61F-32A1-4928-BBC6-3AC6083FC1FA,2013-12-17 00:00:00.000
14175,13370,mason4@adventure-works.com,6D4BAEB2-5E96-4E98-B7A9-D3F50F5C87E1,2014-03-03 00:00:00.000
14176,13371,isaac2@adventure-works.com,472C28BE-6E6E-47A1-9C34-21CA9B3DC98B,2011-11-24 00:00:00.000
14177,13372,jesse2@adventure-works.com,36449F7B-0762-49A4-95B8-08D8D0BDE569,2013-08-02 00:00:00.000
14178,13373,sean9@adventure-works.com,8238CC35-1A43-4784-AD91-C19F659362C9,2013-02-21 00:00:00.000
14179,13374,sabrina7@adventure-works.com,51257CBA-7424-4597-A959-61CA2561AF40,2012-04-20 00:00:00.000
14180,13375,timothy4@adventure-works.com,8E76C69E-DAFA-4D4D-BD56-F88F067938A0,2014-03-14 00:00:00.000
14181,13376,patrick8@adventure-works.com,89D1D063-1A97-4E85-B750-C1120F96B7A1,2014-03-17 00:00:00.000
14182,13377,sabrina8@adventure-works.com,B5981029-8374-45C6-B350-F4BCB8906218,2013-09-23 00:00:00.000
14183,13378,brian14@adventure-works.com,C75E1134-4AAF-49CE-800A-DA4E59CF2610,2013-08-03 00:00:00.000
14184,13379,nathaniel3@adventure-works.com,85B4D98C-F50A-442D-990A-FFF760262DC1,2013-11-08 00:00:00.000
14185,13380,chase3@adventure-works.com,49115B56-B1DE-44CF-AAA2-5E455A3FDBDE,2012-03-26 00:00:00.000
14186,13381,sabrina9@adventure-works.com,D7A23645-310F-41B6-B192-7DFB11D8443A,2012-05-06 00:00:00.000
14187,13382,juan12@adventure-works.com,1865A089-192C-421E-AD9A-D8EB9A23637A,2014-01-01 00:00:00.000
14188,13383,sabrina10@adventure-works.com,10CB3E03-332B-494B-AE79-253C8A36F7A8,2012-08-12 00:00:00.000
14189,13384,sabrina11@adventure-works.com,5DB1352F-759D-4F65-BC2D-5CBAA9770AAE,2013-11-30 00:00:00.000
14190,13385,sabrina12@adventure-works.com,216A265F-1679-4966-A0A3-A38BC0D5E207,2014-01-09 00:00:00.000
14191,13386,sabrina13@adventure-works.com,A428FED7-FD05-4554-A7B0-821AECF3BBF0,2014-04-14 00:00:00.000
14192,13387,cole3@adventure-works.com,887537A8-FC81-47A1-93EF-F4485C9B457E,2014-04-14 00:00:00.000
14193,13388,sabrina14@adventure-works.com,7C02A013-6638-42DB-8174-2959CE2F1615,2014-05-17 00:00:00.000
14194,13389,jared4@adventure-works.com,75D876AB-5818-4846-BCCD-181D68AF597D,2012-01-25 00:00:00.000
14195,13390,sabrina15@adventure-works.com,94227CC4-8B4C-4052-9A00-F239EFDD4660,2012-05-08 00:00:00.000
14196,13391,bryan5@adventure-works.com,0776A1E5-179A-4A5A-842E-7A20FAA43931,2013-02-25 00:00:00.000
14197,13392,garrett6@adventure-works.com,5A2A2329-AC66-4679-9EA3-3A970BC76DC6,2012-03-31 00:00:00.000
14198,13393,steven12@adventure-works.com,FFB1E8D2-5486-419C-8FBE-286D99B3458B,2012-04-15 00:00:00.000
14199,13394,krista0@adventure-works.com,F25B2B9F-376C-4C80-9180-A60FFF8B84B2,2012-01-17 00:00:00.000
14200,13395,krista1@adventure-works.com,85F6192F-52B7-447F-92A0-EF96A7AA572F,2013-08-22 00:00:00.000
14201,13396,masato0@adventure-works.com,A019DC1E-6C2D-4E92-A83D-2B61ABFF8FF0,2014-01-13 00:00:00.000
14202,13397,krista2@adventure-works.com,16278226-C995-49A9-B9D9-D3704C3418B4,2012-10-27 00:00:00.000
14203,13398,cody2@adventure-works.com,7D65B3E2-2CBA-4397-8542-3207AFE1ACA0,2013-09-14 00:00:00.000
14204,13399,charles49@adventure-works.com,08E4605C-9425-4CD7-8EEA-58EEBC523256,2014-05-05 00:00:00.000
14205,13400,krista3@adventure-works.com,BEFA743C-5CDD-455D-82A8-D9416906E9A8,2014-03-24 00:00:00.000
14206,13401,devin64@adventure-works.com,5C83C650-DBD3-4DF4-A0AD-930FAA32FCAB,2012-12-25 00:00:00.000
14207,13402,eduardo69@adventure-works.com,E5D0948B-50D1-461B-9E8B-B3A3F7A50158,2013-08-22 00:00:00.000
14208,13403,richard82@adventure-works.com,A707E5CC-52EC-48CA-96A1-BA7ED2F6C6BC,2013-12-24 00:00:00.000
14209,13404,krista4@adventure-works.com,583F653C-965A-4698-A480-51E5CD850339,2013-03-26 00:00:00.000
14210,13405,marcus76@adventure-works.com,BA7B4931-561E-4DC1-A418-102DAC98CA1B,2013-11-06 00:00:00.000
14211,13406,ian67@adventure-works.com,61ECB189-B563-49DE-9708-50A042D25493,2013-11-01 00:00:00.000
14212,13407,lucas73@adventure-works.com,FCCACF61-02A1-4824-A622-962E286F8BF9,2014-04-04 00:00:00.000
14213,13408,seth75@adventure-works.com,6BD4B4CB-1E75-4ACA-8149-0EC8981D33E8,2013-06-28 00:00:00.000
14214,13409,krista5@adventure-works.com,90A78DF5-7BBD-4F75-9591-30B213A8434D,2013-03-27 00:00:00.000
14215,13410,xavier68@adventure-works.com,CA18C0D3-D9BC-4670-B203-0860C9F6104E,2013-06-30 00:00:00.000
14216,13411,krista6@adventure-works.com,BA47D340-B594-4529-B39D-ECCF948442EE,2013-08-16 00:00:00.000
14217,13412,krista7@adventure-works.com,F5C86663-9E07-4F25-8A27-139240271196,2011-07-10 00:00:00.000
14218,13413,krista8@adventure-works.com,3194BE71-7AE6-4B45-8D07-661ED5D0DDA9,2014-04-12 00:00:00.000
14219,13414,krista9@adventure-works.com,1F66962C-8020-4CE2-A77E-CA342B0DC385,2013-10-20 00:00:00.000
14220,13415,dalton72@adventure-works.com,2F726F1E-3273-4B06-B278-026C2431A04F,2013-11-18 00:00:00.000
14221,13416,krista10@adventure-works.com,8A986719-7053-4B52-A5EE-41BE9AFF1CF3,2012-04-10 00:00:00.000
14222,13417,carlos5@adventure-works.com,CE2A5209-1C19-4B0F-BD5B-0CEA6823830E,2013-09-12 00:00:00.000
14223,13418,angel2@adventure-works.com,2F627B82-2B01-49C2-81AC-3445C4432239,2013-11-09 00:00:00.000
14224,13419,isaiah2@adventure-works.com,DF268FB1-90CA-4469-AA11-2088DCB0BAD9,2014-04-05 00:00:00.000
14225,13420,joy15@adventure-works.com,F7E54C7C-C022-4360-9BC4-AA1F76B420F1,2014-01-27 00:00:00.000
14226,13421,krista11@adventure-works.com,66F0EBD9-BB2C-4E22-86C9-154336F1B433,2012-11-09 00:00:00.000
14227,13422,alex6@adventure-works.com,A0B95D8F-2596-4A26-AC36-EBD00DE16449,2014-03-06 00:00:00.000
14228,13423,krista12@adventure-works.com,19F5765D-4F09-4311-8595-18A716B2339B,2014-04-03 00:00:00.000
14229,13424,evan3@adventure-works.com,DE2B0C6F-B85B-412F-B11A-205F539C8E0B,2012-12-23 00:00:00.000
14230,13425,mason5@adventure-works.com,49233ABA-AF4A-4755-9CC6-33B8C63604B7,2014-02-20 00:00:00.000
14231,13426,isaac3@adventure-works.com,5DA3A095-7A0A-4E23-9870-EE44A0236784,2013-09-18 00:00:00.000
14232,13427,krista13@adventure-works.com,51230B44-4DA2-4CD6-9242-26F5AAC147C0,2013-10-12 00:00:00.000
14233,13428,jesse3@adventure-works.com,B4CD30F8-FB79-44C2-AA53-2947D526536A,2013-09-19 00:00:00.000
14234,13429,krista14@adventure-works.com,36CCDA26-C373-46A9-905B-467B6DF3C771,2013-12-05 00:00:00.000
14235,13430,krista15@adventure-works.com,5FBA2FDF-83CF-41CA-9569-AC9CA607DBC8,2014-03-08 00:00:00.000
14236,13431,sean10@adventure-works.com,01B84559-817E-4C28-B8F1-C25D3E5DF8F9,2013-12-10 00:00:00.000
14237,13432,krista16@adventure-works.com,A66378CB-F024-4699-853D-CA619B57D030,2013-12-07 00:00:00.000
14238,13433,timothy5@adventure-works.com,84FB63B6-E9A4-40B1-8E54-5EB867F03BA2,2013-10-23 00:00:00.000
14239,13434,patrick9@adventure-works.com,1927C8A1-9AC8-429A-BEFF-B42683F10730,2013-11-24 00:00:00.000
14240,13435,krista17@adventure-works.com,A2361150-FAE9-48D1-8C47-C1B701ACF07C,2013-09-17 00:00:00.000
14241,13436,brian15@adventure-works.com,C8B6889F-6D86-4B89-8939-E6BED7A080BB,2014-06-26 00:00:00.000
14242,13437,bryce3@adventure-works.com,1BAE2214-D9F8-4B5A-9D74-3C482A2731A6,2013-10-21 00:00:00.000
14243,13438,nathaniel4@adventure-works.com,D8881F4C-F3A0-4E31-916C-B6D84A4232C0,2014-03-24 00:00:00.000
14244,13439,krista18@adventure-works.com,1A760EDD-475A-4EBD-BFD8-415D3C0B66E9,2014-04-21 00:00:00.000
14245,13440,chase4@adventure-works.com,4AB1EBD5-13F2-4A58-8674-476858E1CB17,2014-02-06 00:00:00.000
14246,13441,juan13@adventure-works.com,202774EF-F119-4256-86B4-6F0AACB64631,2014-04-09 00:00:00.000
14247,13442,joy16@adventure-works.com,B7D63FE7-F0B9-435D-9C28-E4E3F5A1C4A9,2012-11-18 00:00:00.000
14248,13443,krista19@adventure-works.com,D413CB6E-0F0B-4DE0-8A62-DA35633B01A3,2013-07-22 00:00:00.000
14249,13444,sebastian3@adventure-works.com,9E8F7645-0E12-47E3-96FD-FCEDDD65A12D,2014-05-22 00:00:00.000
14250,13445,cole4@adventure-works.com,72D30CA2-28EE-489F-889D-825C1595F9AE,2013-12-14 00:00:00.000
14251,13446,jared5@adventure-works.com,6A4E96AA-4B2A-4D7B-9549-A98A8AA9752C,2013-07-27 00:00:00.000
14252,13447,bryan6@adventure-works.com,F949DD3B-E233-47BB-86E0-CBB49B5DA86B,2014-04-25 00:00:00.000
14253,13448,garrett7@adventure-works.com,3B54F70D-AA0A-454F-A234-033EB7245AA6,2013-12-01 00:00:00.000
14254,13449,steven13@adventure-works.com,92D99EB8-1E59-43A0-9EB7-96582E19DE6C,2012-08-18 00:00:00.000
14255,13450,krista20@adventure-works.com,9C018116-5E91-40AD-B7CF-B0127BF1A5E6,2014-02-01 00:00:00.000
14256,13451,adrian4@adventure-works.com,4A55D03A-718E-48B0-B029-92E9112C9958,2013-03-25 00:00:00.000
14257,13452,felicia0@adventure-works.com,862ACB92-AAD2-4815-B66B-809BDFEAA98D,2013-07-14 00:00:00.000
14258,13453,cody3@adventure-works.com,081A9E52-F70F-4528-8506-577173344A81,2014-03-12 00:00:00.000
14259,13454,felicia1@adventure-works.com,47E209E3-7CD4-4D34-8FCA-CDD66610C4AE,2011-10-22 00:00:00.000
14260,13455,charles50@adventure-works.com,C41B1D47-BFE0-4225-A973-A38FF3EA9336,2014-05-02 00:00:00.000
14261,13456,felicia2@adventure-works.com,E9E4DC33-DC55-4D6A-AD32-316D6CF1E30A,2014-05-14 00:00:00.000
14262,13457,felicia3@adventure-works.com,2CF00407-273A-4CC4-93F0-A57E38CE2758,2013-09-19 00:00:00.000
14263,13458,devin65@adventure-works.com,21296B98-960D-4831-8A9D-6B6164602889,2012-05-09 00:00:00.000
14264,13459,eduardo70@adventure-works.com,96D931F9-9248-4549-A6C6-60322AC6F11F,2014-05-25 00:00:00.000
14265,13460,richard83@adventure-works.com,E0005A94-853B-4C99-9E0D-8FA83DD7981E,2013-12-16 00:00:00.000
14266,13461,marcus77@adventure-works.com,8E692C7B-201D-497B-A9F3-AB161CB54744,2013-10-09 00:00:00.000
14267,13462,felicia4@adventure-works.com,4C4874E9-EE03-42EA-8A92-D0AB0909ED43,2011-09-28 00:00:00.000
14268,13463,damien32@adventure-works.com,3DCA3EF8-716A-434D-8DEF-A92E376C0EF7,2011-09-10 00:00:00.000
14269,13464,joy17@adventure-works.com,A7D96916-9B02-4C0A-94E0-8B9868483B28,2013-10-05 00:00:00.000
14270,13465,felicia5@adventure-works.com,B5E34DA0-F807-4F1C-AFC7-BC7A854FBAA8,2012-09-16 00:00:00.000
14271,13466,felicia6@adventure-works.com,11552D9E-0909-463D-9319-9EF7CEE612DB,2014-02-08 00:00:00.000
14272,13467,ian68@adventure-works.com,621F3968-E0EA-4031-A7EB-C2714E43B7EA,2013-08-10 00:00:00.000
14273,13468,lucas74@adventure-works.com,19EE2E50-743E-4E4D-BA0A-CE23FF583183,2013-12-01 00:00:00.000
14274,13469,felicia7@adventure-works.com,BBAF5E68-966A-4D75-9790-85F8788C4BA7,2013-09-30 00:00:00.000
14275,13470,seth76@adventure-works.com,D96B24EB-F201-4CF2-B747-E624D447B177,2013-08-21 00:00:00.000
14276,13471,xavier69@adventure-works.com,E9181896-19A6-43A9-A5E8-62900ECD8476,2013-09-08 00:00:00.000
14277,13472,dalton73@adventure-works.com,14B10CFB-9E08-4193-B276-0F765C1DB0DD,2014-01-07 00:00:00.000
14278,13473,jeremiah40@adventure-works.com,DEC16BC7-21BA-4DD4-90C2-9D0EA5027519,2013-08-10 00:00:00.000
14279,13474,felicia8@adventure-works.com,9DFFF293-9F94-4F2F-B79A-0749FD17CEE8,2014-06-29 00:00:00.000
14280,13475,devin66@adventure-works.com,61B44B92-1634-4AD5-AF79-3E2EE6FBED6F,2013-07-23 00:00:00.000
14281,13476,felicia9@adventure-works.com,312E8458-2116-4F57-806E-D821F0644E3C,2013-09-08 00:00:00.000
14282,13477,felicia10@adventure-works.com,2180140D-A678-4D21-B579-73E4A7602C4B,2014-04-23 00:00:00.000
14283,13478,devin67@adventure-works.com,54589379-7E25-4A6F-8D1C-A1B96956E01B,2013-11-28 00:00:00.000
14284,13479,devin68@adventure-works.com,964EA318-3072-4887-B474-6F6C0D52DD10,2013-12-23 00:00:00.000
14285,13480,felicia11@adventure-works.com,67972A0B-1DF8-4B83-A6D0-964CB14B6E8A,2014-05-19 00:00:00.000
14286,13481,felicia12@adventure-works.com,0AEAF8C6-B4A6-4C8A-BDB8-07DE3766A85F,2013-09-13 00:00:00.000
14287,13482,devin69@adventure-works.com,0FAFFCA8-E922-4134-9883-9E1AEC71475E,2014-01-04 00:00:00.000
14288,13483,felicia13@adventure-works.com,36A3489A-D5AC-405E-9525-632519FD12F8,2014-04-01 00:00:00.000
14289,13484,sebastian4@adventure-works.com,FF870340-42C5-4E3B-97F8-9FB2C0013AFA,2013-10-02 00:00:00.000
14290,13485,cole5@adventure-works.com,5840EF82-29A1-47F6-B9F3-3F008FEBABDF,2014-04-25 00:00:00.000
14291,13486,jared6@adventure-works.com,C7828569-A008-4DD9-8892-890BF0A2ECC8,2011-11-29 00:00:00.000
14292,13487,felicia14@adventure-works.com,281093AD-C812-461E-BCCE-F5588268A810,2014-01-08 00:00:00.000
14293,13488,garrett8@adventure-works.com,90114E6C-50A7-4895-B1F7-6018908B3107,2014-03-07 00:00:00.000
14294,13489,joy18@adventure-works.com,7AB093DF-721E-422E-8F5B-EB2A18C36419,2013-11-29 00:00:00.000
14295,13490,felicia15@adventure-works.com,36D2AAF9-5F11-4E9F-B786-31FD1BDFA84D,2013-01-12 00:00:00.000
14296,13491,felicia16@adventure-works.com,DB4E5D3E-EBDC-4D47-9BF2-A5D03EE5A438,2014-01-08 00:00:00.000
14297,13492,felicia17@adventure-works.com,9897D166-9108-441B-BDE9-EA854404706A,2013-04-09 00:00:00.000
14298,13493,adrian5@adventure-works.com,CFF704C7-9009-4875-B65B-F703DE5455E8,2013-08-25 00:00:00.000
14299,13494,felicia18@adventure-works.com,43F7F5D9-8A39-48B4-923C-85F86D6F2570,2014-02-09 00:00:00.000
14300,13495,cody4@adventure-works.com,51BCFC1E-B419-4462-B7E4-1CE8E59D8F6D,2013-11-18 00:00:00.000
14301,13496,charles51@adventure-works.com,F54381C8-E954-49B2-B31D-114EBDE17415,2014-06-28 00:00:00.000
14302,13497,carol22@adventure-works.com,5AB26829-F4E8-48DC-8210-46D02A791AC5,2013-05-16 00:00:00.000
14303,13498,felicia19@adventure-works.com,3F250E9A-A946-4431-9341-E1462312F729,2014-06-27 00:00:00.000
14304,13499,devin70@adventure-works.com,A664C245-D763-4585-A5AC-788E31B3CED5,2013-07-25 00:00:00.000
14305,13500,felicia20@adventure-works.com,B1165070-8043-4B37-96B0-C9D288D25858,2013-09-19 00:00:00.000
14306,13501,eduardo71@adventure-works.com,9122ACD5-75CA-429F-854E-D301AC7D659A,2014-05-16 00:00:00.000
14307,13502,kristy0@adventure-works.com,C9C285AD-1330-4B04-827A-AD4F6CFF4D67,2013-10-30 00:00:00.000
14308,13503,richard84@adventure-works.com,A73D4A1F-ED5B-4D18-9B23-324E4BFD849F,2011-12-06 00:00:00.000
14309,13504,kristy1@adventure-works.com,2BF0D751-8D96-42FE-8350-DBA34EC6069F,2014-05-03 00:00:00.000
14310,13505,marcus78@adventure-works.com,DB8D89FC-23FE-4BDB-8BCC-3A608A643B2A,2013-04-28 00:00:00.000
14311,13506,kristy2@adventure-works.com,B62E00D6-6FC8-4D87-B075-D2F89395C284,2013-12-30 00:00:00.000
14312,13507,ian69@adventure-works.com,A24E6736-B0C6-4A12-9F4B-AD44CA8A39A4,2013-11-14 00:00:00.000
14313,13508,lucas75@adventure-works.com,2C85CA11-0179-498C-998A-D584F9EC5772,2014-05-22 00:00:00.000
14314,13509,seth77@adventure-works.com,76DBEC46-4EF3-4B41-A997-4B0663886910,2013-10-03 00:00:00.000
14315,13510,dennis0@adventure-works.com,CFB91ED2-9D9F-44F7-8F2D-7D96306865C7,2012-03-02 00:00:00.000
14316,13511,kristy3@adventure-works.com,AA6B380C-B49B-4423-961A-2E9651F83857,2014-03-01 00:00:00.000
14317,13512,dalton74@adventure-works.com,3A957269-2091-47BE-BDF8-9ACBB61FE9E1,2011-10-29 00:00:00.000
14318,13513,jeremy34@adventure-works.com,D0876DB2-C6F3-4770-A369-85547CA63426,2013-12-30 00:00:00.000
14319,13514,kristy4@adventure-works.com,3022E9E5-59F0-42C5-A5C4-50ED72C0598A,2014-06-22 00:00:00.000
14320,13515,kristy5@adventure-works.com,6C860836-5E4E-483C-9839-BEC6131737DD,2013-04-04 00:00:00.000
14321,13516,angel3@adventure-works.com,6683578D-D777-4FF6-82F4-7ECC44CE24BC,2014-04-19 00:00:00.000
14322,13517,kristy6@adventure-works.com,EE0DB6F3-0109-4630-8878-C4C1DBB74454,2013-07-29 00:00:00.000
14323,13518,isaiah3@adventure-works.com,2B232955-2167-41FD-8D63-8F2CDF82323C,2013-07-07 00:00:00.000
14324,13519,alex7@adventure-works.com,BF44BD9D-CE5F-44C6-A3CB-F3501AA7A90B,2014-05-08 00:00:00.000
14325,13520,evan4@adventure-works.com,C5887C2F-2AB9-4396-9BA1-6DAE33820D15,2013-10-01 00:00:00.000
14326,13521,kristy7@adventure-works.com,943E969B-1AB5-40E6-818C-E88121D57FE5,2012-10-01 00:00:00.000
14327,13522,kristy8@adventure-works.com,1325F2DC-CAC4-424B-B07D-E7E9FCDFFF1A,2014-04-08 00:00:00.000
14328,13523,jesse4@adventure-works.com,46F1D69C-F166-4795-91EF-51CBB4BF7309,2013-08-04 00:00:00.000
14329,13524,sean11@adventure-works.com,9F0F51B8-9322-47B4-AFB2-433CE276AA56,2014-05-21 00:00:00.000
14330,13525,kristy9@adventure-works.com,5490EEBF-4F24-471D-BFAE-95D37B5EF90D,2013-07-14 00:00:00.000
14331,13526,kristy10@adventure-works.com,2488DA03-7FF4-458C-A343-28A9324B2F05,2014-03-24 00:00:00.000
14332,13527,patrick10@adventure-works.com,306C68CE-A136-4030-A06C-D4D16F2C8A8C,2012-05-01 00:00:00.000
14333,13528,kristy11@adventure-works.com,5CC7FEA9-FCF9-4F93-8C68-C2DE78A13768,2012-09-21 00:00:00.000
14334,13529,brian16@adventure-works.com,35DB03F8-3889-4115-86B6-0701BE4E3DAC,2012-12-30 00:00:00.000
14335,13530,bryce4@adventure-works.com,8D455D8B-AB11-4D5C-B998-6B1FED7AD3CF,2014-04-14 00:00:00.000
14336,13531,nathaniel5@adventure-works.com,628A98F1-BB98-481F-938F-F5CEA96D6EC2,2014-05-16 00:00:00.000
14337,13532,kristy12@adventure-works.com,B0349DFD-DF11-4DAD-B3C5-83E2DEFE339A,2013-09-20 00:00:00.000
14338,13533,kristy13@adventure-works.com,4C77B71C-5B21-44EF-8712-5123C714C8EE,2014-02-07 00:00:00.000
14339,13534,juan14@adventure-works.com,F2864B5D-A720-4680-8CF2-DD8D4BDD7A29,2014-06-05 00:00:00.000
14340,13535,kristy14@adventure-works.com,43FEB902-46A5-40D1-A1AB-41F8B932F8FC,2013-09-16 00:00:00.000
14341,13536,kristy15@adventure-works.com,BCDC1FF3-C360-4D1F-9502-F0FEFF3D6F84,2013-11-18 00:00:00.000
14342,13537,kristy16@adventure-works.com,86950D57-33EC-4A58-ADAF-10B3EF08A3B3,2013-07-28 00:00:00.000
14343,13538,kristy17@adventure-works.com,AD82C099-5E9B-4BF9-B6FB-639519390A10,2012-09-12 00:00:00.000
14344,13539,sebastian5@adventure-works.com,5FE17244-6F5A-4E1F-B031-66BE47AE6356,2012-01-30 00:00:00.000
14345,13540,cole6@adventure-works.com,3261455F-44CD-4075-81FC-11B186C9A7E0,2013-08-01 00:00:00.000
14346,13541,joy19@adventure-works.com,AC08FD99-97EE-4FB3-8DA1-1F39178A8B3D,2013-08-24 00:00:00.000
14347,13542,kristy18@adventure-works.com,F13411DA-F182-4B08-AD66-421D0CAC9335,2013-06-30 00:00:00.000
14348,13543,kristy19@adventure-works.com,D2C8AF87-AFD1-44A0-9321-A7D5E2666185,2012-05-25 00:00:00.000
14349,13544,jared7@adventure-works.com,698C5382-2E25-44E1-A4F6-CD9C740D77BE,2014-03-27 00:00:00.000
14350,13545,bryan7@adventure-works.com,3AA2EFA4-931D-4B71-B8DD-E5EB29B71894,2014-01-01 00:00:00.000
14351,13546,kristy20@adventure-works.com,7A82CA06-FB36-4FDA-B1BF-A96BBFEAE51C,2014-05-11 00:00:00.000
14352,13547,garrett9@adventure-works.com,DB8C9574-0063-43D0-A5B5-BE689A2C33FB,2013-08-24 00:00:00.000
14353,13548,anne1@adventure-works.com,1B239C73-3431-4E4C-A642-E8F61F2B7620,2013-01-03 00:00:00.000
14354,13549,steven14@adventure-works.com,88E8C94D-6E1F-4BC9-A530-F99352AC6BE2,2014-01-27 00:00:00.000
14355,13550,anne2@adventure-works.com,4579A117-75DC-4312-9E9A-39E63FCE2630,2013-09-10 00:00:00.000
14356,13551,adrian6@adventure-works.com,BF079D83-90C4-4A25-B05A-DF13A029AF76,2013-07-10 00:00:00.000
14357,13552,anne3@adventure-works.com,33C0C1BB-FDDF-4B86-B1D6-A712352E6EE6,2014-02-10 00:00:00.000
14358,13553,cody5@adventure-works.com,1BADB825-E971-4E71-B0A0-2A08259381D8,2013-09-12 00:00:00.000
14359,13554,anne4@adventure-works.com,9A060C6E-43E0-437B-881F-51AADB036666,2011-07-30 00:00:00.000
14360,13555,anne5@adventure-works.com,9ECD4399-1F0E-4028-A382-0A9B631ECBD3,2013-07-14 00:00:00.000
14361,13556,charles52@adventure-works.com,3217A688-7E17-4E26-82DA-62EB594057F5,2013-10-17 00:00:00.000
14362,13557,anne6@adventure-works.com,54D2FE9B-5124-4160-BBCD-38731A725BA2,2014-03-05 00:00:00.000
14363,13558,devin71@adventure-works.com,F0DF979A-34AF-4DCE-8040-905963C90999,2013-09-06 00:00:00.000
14364,13559,sheila0@adventure-works.com,1FC47A28-8BE6-4F30-ABCB-F5F64744DA7C,2013-10-13 00:00:00.000
14365,13560,anne7@adventure-works.com,9292D305-C5FF-4043-B2B7-D398BF2E298E,2013-09-12 00:00:00.000
14366,13561,anne8@adventure-works.com,A1831215-92AF-430A-846D-52CF4FA26C84,2013-09-12 00:00:00.000
14367,13562,eduardo72@adventure-works.com,16897EBD-C68E-4BC9-995F-01AB4FCEAC2A,2012-08-12 00:00:00.000
14368,13563,anne9@adventure-works.com,47B33B99-AB3E-4BA6-AA49-3C1EBA1A5655,2014-03-02 00:00:00.000
14369,13564,richard85@adventure-works.com,370A6D68-708D-4FBF-9098-196FA91DB2ED,2013-07-16 00:00:00.000
14370,13565,anne10@adventure-works.com,22229FC5-0943-4C7C-96D1-49497325AFDB,2014-05-09 00:00:00.000
14371,13566,anne11@adventure-works.com,DE049793-A6F1-40B6-B735-736C722984DE,2013-12-04 00:00:00.000
14372,13567,anne12@adventure-works.com,F7F5A5B0-71DB-4909-A4DF-4EB1FF2E300E,2014-06-20 00:00:00.000
14373,13568,anne13@adventure-works.com,93A896DB-6098-4FDF-B4D9-9AFB4AA033C4,2014-01-10 00:00:00.000
14374,13569,anne14@adventure-works.com,96A34082-439A-49E3-8F51-3F1D318AB553,2011-06-07 00:00:00.000
14375,13570,marcus79@adventure-works.com,A605D612-015C-4158-A147-B47511697351,2014-01-23 00:00:00.000
14376,13571,anne15@adventure-works.com,ACA980D0-A60E-4D53-803F-DA46321C1D2B,2013-04-26 00:00:00.000
14377,13572,ian70@adventure-works.com,5243EB21-7B17-47A9-A29A-756AED44FF2F,2012-11-15 00:00:00.000
14378,13573,anne16@adventure-works.com,3FB334EA-CB16-4E5D-8914-A80495EB0178,2013-05-09 00:00:00.000
14379,13574,sheila1@adventure-works.com,77C90595-23A4-44C7-B392-AA00F30E1DE2,2012-06-29 00:00:00.000
14380,13575,anne17@adventure-works.com,33D1032D-F83D-48AB-BEE8-A3E6BC3FC6D0,2013-08-28 00:00:00.000
14381,13576,lucas76@adventure-works.com,8820BB65-4A41-4BF5-ADD0-829A10205564,2014-05-22 00:00:00.000
14382,13577,anne18@adventure-works.com,91B481AD-55BF-4162-90DB-ACD3046C15BE,2013-03-17 00:00:00.000
14383,13578,seth78@adventure-works.com,CD4C973F-2B4A-4BC6-B0B8-E70EDCA559DD,2013-11-09 00:00:00.000
14384,13579,anne19@adventure-works.com,D9A62F93-8F0C-4D08-AAC9-46991F9BABA8,2011-11-12 00:00:00.000
14385,13580,xavier70@adventure-works.com,DEFAA217-7F92-4957-90E8-00D51985D874,2013-10-24 00:00:00.000
14386,13581,dalton75@adventure-works.com,1392DEFB-26ED-4E23-BDEA-52D7AA5A3D38,2013-08-21 00:00:00.000
14387,13582,jeremiah41@adventure-works.com,3C306BAD-3294-4659-A273-DB88DCD13BB2,2012-11-03 00:00:00.000
14388,13583,anne20@adventure-works.com,DD47D3B9-6A49-47A0-86F1-136A1F95DA35,2014-06-07 00:00:00.000
14389,13584,carlos6@adventure-works.com,556596E2-AE42-499E-B21C-CA843D346386,2014-06-09 00:00:00.000
14390,13585,giraldo0@adventure-works.com,184426D7-DFDF-4CC6-9A82-A1D0E9F08155,2014-05-25 00:00:00.000
14391,13586,angel4@adventure-works.com,7507DEB3-2DBD-4BC9-B377-C5EB33E4467B,2013-10-22 00:00:00.000
14392,13587,isaiah4@adventure-works.com,82E9F119-AE9E-45C6-8A02-193B7CC03935,2012-11-10 00:00:00.000
14393,13588,anne21@adventure-works.com,F551584C-B331-4E82-8182-FFFCBA419773,2011-08-05 00:00:00.000
14394,13589,anne22@adventure-works.com,6488FED9-8220-4266-A4B2-FF3A5DFACC5E,2012-09-19 00:00:00.000
14395,13590,alex8@adventure-works.com,E2F6C140-53E3-4D16-9F3B-DC5C815457EA,2013-12-24 00:00:00.000
14396,13591,lee2@adventure-works.com,A844301A-013B-4CEB-95DC-9CD52875A94D,2013-12-17 00:00:00.000
14397,13592,sheila2@adventure-works.com,118BF895-2830-4AC0-9BB1-AEFF00EDFF33,2012-11-08 00:00:00.000
14398,13593,lee3@adventure-works.com,115845E3-3480-4D00-9A5D-F4D74CE6743A,2013-12-16 00:00:00.000
14399,13594,evan5@adventure-works.com,8E87F5E1-7B59-43BA-AD7B-0C23EAEF6A29,2014-03-15 00:00:00.000
14400,13595,mason6@adventure-works.com,CC18294A-B9F7-4CA0-ACCC-36B2D1DEB907,2013-08-09 00:00:00.000
14401,13596,lee4@adventure-works.com,4F2B48B0-92F4-4773-925C-D13AD491135B,2013-08-06 00:00:00.000
14402,13597,isaac4@adventure-works.com,8D13D50E-A806-4618-BCB1-91108C49A2F8,2012-05-13 00:00:00.000
14403,13598,jesse5@adventure-works.com,47F86A37-BADD-4A0C-99CE-086984D68A15,2013-08-04 00:00:00.000
14404,13599,lee5@adventure-works.com,FB4298FC-6547-46D2-B6B3-D1DF52922B9D,2014-04-25 00:00:00.000
14405,13600,lee6@adventure-works.com,4FD174D6-A7CF-46FF-AA79-0AF40751F74A,2014-01-27 00:00:00.000
14406,13601,sean12@adventure-works.com,CEDCD490-89A0-44EA-BD3D-A397432DEDEE,2014-04-19 00:00:00.000
14407,13602,lee7@adventure-works.com,9FEABCB1-77A6-495B-AA70-8C7189506BF0,2014-04-06 00:00:00.000
14408,13603,timothy6@adventure-works.com,68AA49D7-D69D-4409-9690-94FF9A655972,2014-06-27 00:00:00.000
14409,13604,lee8@adventure-works.com,92DC8087-7FF6-46F1-A16F-0EFF149BEC1F,2013-09-17 00:00:00.000
14410,13605,patrick11@adventure-works.com,A1AC0023-E44E-42E4-99B4-DCBEDF1BB7D4,2014-05-10 00:00:00.000
14411,13606,lee9@adventure-works.com,A52DEE8D-A285-4D0B-B318-8F8AAD5A9680,2014-03-27 00:00:00.000
14412,13607,lee10@adventure-works.com,140484E4-E116-4777-B5FB-A2922BB8700A,2014-05-29 00:00:00.000
14413,13608,lee11@adventure-works.com,7342B186-BE08-42DE-9399-E0643A485BF4,2013-05-09 00:00:00.000
14414,13609,lee12@adventure-works.com,1C3D8015-73DB-4D28-8072-5CA01ABF7FDC,2014-05-20 00:00:00.000
14415,13610,sheila3@adventure-works.com,79651B9C-75DF-4158-9EBB-837256BBB383,2014-06-12 00:00:00.000
14416,13611,lee13@adventure-works.com,8D928BDB-3DE7-4261-A25A-2A65B20D81BC,2011-11-17 00:00:00.000
14417,13612,brian17@adventure-works.com,707389FA-C155-4BEE-81C3-D7000295EA1B,2013-07-17 00:00:00.000
14418,13613,bryce5@adventure-works.com,F6A7A387-F058-4EF9-9E15-07E0FE768F7D,2014-05-17 00:00:00.000
14419,13614,lee14@adventure-works.com,FA2698D5-3E92-434B-9060-9D4C87124067,2011-07-15 00:00:00.000
14420,13615,lee15@adventure-works.com,EB04EAF9-DA79-4616-B460-085E603016CC,2013-12-08 00:00:00.000
14421,13616,lee16@adventure-works.com,771739E7-FF26-43F3-AD3E-A32B31B555D4,2014-05-06 00:00:00.000
14422,13617,nathaniel6@adventure-works.com,E874FA4E-F08B-4551-B776-8FEF0EBCC9FE,2013-08-02 00:00:00.000
14423,13618,lee17@adventure-works.com,4C26174B-54EF-431E-9A27-E75ED437CE97,2013-12-23 00:00:00.000
14424,13619,chase5@adventure-works.com,3C7E4F29-F5A8-4268-9FF6-57E1FD81B793,2013-10-29 00:00:00.000
14425,13620,juan15@adventure-works.com,8F81EFB4-471E-4472-84DC-5918250210BE,2012-10-07 00:00:00.000
14426,13621,lee18@adventure-works.com,4BD2A8DC-4607-47A6-866A-626AB2487600,2014-04-20 00:00:00.000
14427,13622,lee19@adventure-works.com,2BAAEC10-1C79-4C48-9E30-28C6ED0BC935,2012-12-23 00:00:00.000
14428,13623,sebastian6@adventure-works.com,B0647941-0021-41F9-B629-097A2D1BB6BB,2014-05-21 00:00:00.000
14429,13624,lee20@adventure-works.com,EEAC4E97-6629-4F95-BF55-3778C68ED32E,2014-04-02 00:00:00.000
14430,13625,cole7@adventure-works.com,3539B631-2EB1-4CD5-AB19-AD88CDCE9F6D,2014-03-10 00:00:00.000
14431,13626,jared8@adventure-works.com,E9203725-A452-40EF-B9B7-A496DC22C69C,2013-07-02 00:00:00.000
14432,13627,lawrence1@adventure-works.com,EC68A4B7-D5B1-41D9-A311-234016805A5E,2013-12-31 00:00:00.000
14433,13628,garrett10@adventure-works.com,C00DCC43-CA8D-4A48-9DD7-9A0255504214,2014-04-27 00:00:00.000
14434,13629,sheila4@adventure-works.com,EB171DBF-47C4-4A58-8518-7FB0487870B0,2014-05-19 00:00:00.000
14435,13630,lawrence2@adventure-works.com,42D24D26-BCDC-48FD-A804-F6C2B40E69AA,2012-10-20 00:00:00.000
14436,13631,steven15@adventure-works.com,3D10C0AD-7FE0-45A9-B77E-F2EEC166B736,2013-07-16 00:00:00.000
14437,13632,lawrence3@adventure-works.com,4591F69A-8D99-4178-93B3-8E2A1FBE8414,2013-09-05 00:00:00.000
14438,13633,adrian7@adventure-works.com,C75F87FC-C4C8-4AA8-9968-727487181084,2014-01-25 00:00:00.000
14439,13634,lawrence4@adventure-works.com,194FA254-C8A7-456B-9406-5031F768D417,2014-03-12 00:00:00.000
14440,13635,lawrence5@adventure-works.com,FF2B0DC5-0688-4DC7-BADF-81D3E5740849,2013-10-04 00:00:00.000
14441,13636,charles53@adventure-works.com,DCED044B-AA68-4244-A17A-34E262A5738E,2014-05-15 00:00:00.000
14442,13637,devin72@adventure-works.com,D7F994B5-D4E9-49F2-B3B8-351A707D660E,2014-01-24 00:00:00.000
14443,13638,lawrence6@adventure-works.com,17769785-2D91-4185-A3B5-5C76D8D9F694,2011-11-24 00:00:00.000
14444,13639,eduardo73@adventure-works.com,24659E35-D488-4949-985D-6D7861067772,2013-11-24 00:00:00.000
14445,13640,richard86@adventure-works.com,DCFF2C77-0573-4AB6-991D-01E1B01037CF,2014-04-26 00:00:00.000
14446,13641,lawrence7@adventure-works.com,A67FDCF7-0085-4F2E-B9BF-2859B8266A4A,2011-07-06 00:00:00.000
14447,13642,marcus80@adventure-works.com,B1437F0F-943F-4051-AAD1-24CDA4A55EA9,2013-06-16 00:00:00.000
14448,13643,ian71@adventure-works.com,C630C3FC-3885-4655-8C80-5B8EB6C5136A,2013-09-01 00:00:00.000
14449,13644,lawrence8@adventure-works.com,B9CFA197-8DA6-4229-8DC2-E847F6939F6A,2013-09-10 00:00:00.000
14450,13645,lucas77@adventure-works.com,C7DF8AF9-1C3B-48B1-B34D-277E42F3B064,2013-11-29 00:00:00.000
14451,13646,lawrence9@adventure-works.com,E271F306-C7E0-4180-9217-015BCABCBBE8,2012-01-23 00:00:00.000
14452,13647,lawrence10@adventure-works.com,F62DB4DB-7A9D-4A0F-85C5-18D47C24500A,2013-07-31 00:00:00.000
14453,13648,xavier71@adventure-works.com,B7E7B07F-1AF5-432B-AEDF-914309CEE14B,2014-04-22 00:00:00.000
14454,13649,lawrence11@adventure-works.com,56CA0737-ACD6-4037-9DDF-A89D8C020658,2012-11-05 00:00:00.000
14455,13650,damien33@adventure-works.com,05791E0F-8E06-48E1-A915-345F6BAB9B41,2014-05-08 00:00:00.000
14456,13651,sheila5@adventure-works.com,06F28A9D-EC26-4F71-999D-2ACC889E60F5,2013-09-09 00:00:00.000
14457,13652,lawrence12@adventure-works.com,42504202-8311-49C6-8011-8AC2FA88ABF7,2014-03-05 00:00:00.000
14458,13653,lawrence13@adventure-works.com,0DA5E330-FF5D-4828-B762-444D19C45367,2013-07-24 00:00:00.000
14459,13654,lawrence14@adventure-works.com,58E915AC-FD8B-48ED-ABD8-2EF08172CA4D,2012-01-26 00:00:00.000
14460,13655,jeremy35@adventure-works.com,91B985AA-D1D1-42F8-8A96-BD87308609D4,2013-09-12 00:00:00.000
14461,13656,lawrence15@adventure-works.com,0F5086A6-B092-4760-BABA-1A792BFAC1A1,2014-05-02 00:00:00.000
14462,13657,lawrence16@adventure-works.com,A09C7174-AE10-48B5-BA28-3B451C3FEB22,2013-07-20 00:00:00.000
14463,13658,carlos7@adventure-works.com,A646DDD6-7122-48F1-9B43-E317768C91A7,2013-08-06 00:00:00.000
14464,13659,lawrence17@adventure-works.com,C779FDCF-97CF-4E00-B589-AB872D3E182B,2013-07-19 00:00:00.000
14465,13660,angel5@adventure-works.com,E6FBB232-A1E5-4D2B-8A24-9C349FAB4B31,2013-12-09 00:00:00.000
14466,13661,lawrence18@adventure-works.com,D161EE10-6DD6-4383-A88B-0FC078774309,2012-07-08 00:00:00.000
14467,13662,lawrence19@adventure-works.com,DC585738-2EB1-4EFD-99DA-D97D6EF9C6C8,2013-01-24 00:00:00.000
14468,13663,isaiah5@adventure-works.com,058DAFFE-39BA-4AA1-A9D4-7585A8F432C7,2014-03-18 00:00:00.000
14469,13664,alex9@adventure-works.com,4C981343-9398-4489-820C-174C90722034,2014-04-29 00:00:00.000
14470,13665,lawrence20@adventure-works.com,5085ABC4-0E04-449E-871D-7BF83A2C30E6,2014-01-27 00:00:00.000
14471,13666,evan6@adventure-works.com,02CCDCB0-DC2D-4B90-976D-E295ED5CCED2,2013-11-19 00:00:00.000
14472,13667,mason7@adventure-works.com,33116DFC-6D38-4602-A6BD-F4B97D960970,2013-09-08 00:00:00.000
14473,13668,lawrence21@adventure-works.com,4DB9172B-C2A1-45DA-A459-3E8738DC579C,2014-01-01 00:00:00.000
14474,13669,isaac5@adventure-works.com,81E899F1-4ED7-4395-B4C1-2846177FE317,2011-11-27 00:00:00.000
14475,13670,jonathon0@adventure-works.com,71BD27AE-BA76-44EC-9D02-3FB608A65ED7,2012-06-06 00:00:00.000
14476,13671,jonathon1@adventure-works.com,AE9E0922-DA89-402D-9E84-6D46E6617711,2013-12-06 00:00:00.000
14477,13672,jonathon2@adventure-works.com,D86F5D0B-8D7B-4D62-A574-8FCD534A210E,2013-08-08 00:00:00.000
14478,13673,jesse6@adventure-works.com,43AE5500-AA71-4E0D-A1ED-2D1BAFF30FAF,2013-09-05 00:00:00.000
14479,13674,sean13@adventure-works.com,C118A2B8-8EC0-4A10-9E3B-EE1D3DAE24A3,2014-04-30 00:00:00.000
14480,13675,jonathon3@adventure-works.com,EDA95981-DB47-4E8C-9499-6B22EDC4712C,2013-07-17 00:00:00.000
14481,13676,jonathon4@adventure-works.com,F5D47D14-2731-4B8D-B837-9362301B932B,2014-01-22 00:00:00.000
14482,13677,jonathon5@adventure-works.com,29A59D18-4AC8-473C-9F34-99E63DFFB78D,2013-11-11 00:00:00.000
14483,13678,jonathon6@adventure-works.com,3EF4D619-98F6-43C5-B373-C9A31AB93F03,2013-10-04 00:00:00.000
14484,13679,timothy7@adventure-works.com,54466DAC-F2E2-4B8A-9906-942534A4ACBC,2014-03-24 00:00:00.000
14485,13680,patrick12@adventure-works.com,50D3FC22-989F-4682-9E0D-97CCBA553B77,2012-06-14 00:00:00.000
14486,13681,jonathon7@adventure-works.com,88253559-2311-42DE-8727-FD94DA094827,2011-12-08 00:00:00.000
14487,13682,jonathon8@adventure-works.com,083B085D-2B40-4A33-B7F6-68A49995B843,2011-06-04 00:00:00.000
14488,13683,brian18@adventure-works.com,8739E9CC-2E70-4D1A-B01F-C38189B6F607,2012-12-03 00:00:00.000
14489,13684,nathaniel7@adventure-works.com,C7EAC659-49B2-4F10-8101-6A9AB26DEF1C,2014-06-25 00:00:00.000
14490,13685,jonathon9@adventure-works.com,DE7B024B-1C7B-4972-957F-A8BE5993BDC3,2014-05-12 00:00:00.000
14491,13686,chase6@adventure-works.com,CA800876-5CAA-4049-87A3-2C36E188E67C,2013-02-08 00:00:00.000
14492,13687,sheila6@adventure-works.com,BB24D5D5-01F2-4E6E-A00A-128CE9DEA7C9,2013-06-28 00:00:00.000
14493,13688,jonathon10@adventure-works.com,3711F7A6-2E09-4DE3-83D1-81E0D17FFF1D,2014-01-01 00:00:00.000
14494,13689,jonathon11@adventure-works.com,5F0D90DD-D697-4AAE-8851-1F927B832613,2014-05-06 00:00:00.000
14495,13690,juan16@adventure-works.com,698C3C99-4DDD-4D87-999D-A60A13264B2F,2012-03-22 00:00:00.000
14496,13691,sebastian7@adventure-works.com,B8A9D283-A251-438C-98F1-8B2BCEFB7246,2014-05-17 00:00:00.000
14497,13692,cole8@adventure-works.com,1F5402C1-42A2-44EB-920C-B7130B710FF3,2013-09-03 00:00:00.000
14498,13693,jared9@adventure-works.com,F4B98ACB-CDC0-4B8E-ADF5-ECBF414BCF1A,2013-08-27 00:00:00.000
14499,13694,jonathon12@adventure-works.com,CFBEC932-A762-4D52-96E4-C8EF26A0599A,2013-09-08 00:00:00.000
14500,13695,jonathon13@adventure-works.com,CB6B646B-9328-44F7-99FF-A6A79100AA84,2014-02-16 00:00:00.000
14501,13696,bryan8@adventure-works.com,E1F0DCD3-E573-4E36-936E-A9D2E37FC519,2014-01-05 00:00:00.000
14502,13697,jonathon14@adventure-works.com,47710B96-AF5D-4A1C-A4A2-8487F95036A2,2014-01-03 00:00:00.000
14503,13698,garrett11@adventure-works.com,8A62CEE4-4F09-41E4-8928-017268580143,2014-06-27 00:00:00.000
14504,13699,jonathon15@adventure-works.com,766C9E25-B419-4842-9DA5-029C548486B7,2012-07-24 00:00:00.000
14505,13700,steven16@adventure-works.com,6878E984-4804-4EFB-B55E-8D2B8879CA2E,2013-09-25 00:00:00.000
14506,13701,adrian8@adventure-works.com,F7439692-8F29-42C0-BDDA-E92F2451C090,2014-03-14 00:00:00.000
14507,13702,cody6@adventure-works.com,F261A5D5-7A19-4F5C-97B9-A1A100762AF8,2013-11-14 00:00:00.000
14508,13703,charles54@adventure-works.com,E4124CAE-10DA-48B6-B86D-67818E588287,2014-06-28 00:00:00.000
14509,13704,sheila7@adventure-works.com,2FD2326A-D3F3-4338-BE6E-391A1F7DE85C,2013-05-02 00:00:00.000
14510,13705,jonathon16@adventure-works.com,69A7DB79-48F4-4230-9997-90EEA4C17B97,2013-09-11 00:00:00.000
14511,13706,devin73@adventure-works.com,491C4ABE-02B7-48F5-B8FD-1F92CE2F1D2E,2013-07-10 00:00:00.000
14512,13707,eduardo74@adventure-works.com,AA1553C4-4693-43F3-A482-C85BB06F4077,2013-08-10 00:00:00.000
14513,13708,mathew0@adventure-works.com,0BF81C13-E6A4-4D3C-A7A3-5D7969F4FA8E,2013-03-19 00:00:00.000
14514,13709,richard87@adventure-works.com,5BEEE284-647A-407A-8F5B-D251BAE8C2A9,2013-10-15 00:00:00.000
14515,13710,mathew1@adventure-works.com,7F9CEBDE-8200-4223-849C-878F89EDF3FC,2013-10-24 00:00:00.000
14516,13711,marcus81@adventure-works.com,CCDE0819-A4E0-456B-B07C-4F257EFBFA50,2014-03-12 00:00:00.000
14517,13712,mathew2@adventure-works.com,3000F234-1172-4B36-9853-4AE32E688610,2012-04-03 00:00:00.000
14518,13713,mathew3@adventure-works.com,8783E0A5-1637-4DAA-AE71-A7EC2CCAA023,2013-12-09 00:00:00.000
14519,13714,ian72@adventure-works.com,A5BBE1AC-23E5-4C9F-A6A6-019309322A9B,2013-07-28 00:00:00.000
14520,13715,lucas78@adventure-works.com,398E425F-7493-4191-A088-2E5C99A36CD4,2013-07-27 00:00:00.000
14521,13716,mathew4@adventure-works.com,90642BA5-20F6-4D70-B0C2-3883570838F7,2014-03-15 00:00:00.000
14522,13717,seth79@adventure-works.com,D10DF754-1A0B-4B10-A96A-01B34E29A845,2013-11-14 00:00:00.000
14523,13718,xavier72@adventure-works.com,F8DF91A9-5CCC-47C5-ABF1-E845BD050DAF,2011-10-19 00:00:00.000
14524,13719,dalton76@adventure-works.com,9F8C3A1A-0837-4ADD-8327-24EC78E2280B,2014-01-27 00:00:00.000
14525,13720,mathew5@adventure-works.com,00DCCF6A-B62C-4840-9512-FDCF4CE89C05,2013-10-13 00:00:00.000
14526,13721,jeremiah42@adventure-works.com,8A13A7B7-0850-4C41-AA86-345FA2881ED7,2012-12-27 00:00:00.000
14527,13722,mathew6@adventure-works.com,8D885B3E-D14F-40A6-AFC0-51467D0A45A7,2014-01-24 00:00:00.000
14528,13723,carlos8@adventure-works.com,5E41D5B2-20F5-453C-954A-89277CEC1F27,2014-01-21 00:00:00.000
14529,13724,angel6@adventure-works.com,30596C50-7EB0-46BC-919D-06C76B2A9C8C,2012-06-18 00:00:00.000
14530,13725,sheila8@adventure-works.com,75F28C2B-0770-47DB-9FFF-3391EB91D44B,2013-12-23 00:00:00.000
14531,13726,mathew7@adventure-works.com,36DBC96B-EE58-4E14-A4BB-D6FA5B8C4E1A,2011-12-14 00:00:00.000
14532,13727,mathew8@adventure-works.com,6035A8B3-9EFE-4B21-A24D-7375A33121B3,2013-04-07 00:00:00.000
14533,13728,isaiah6@adventure-works.com,E662A54B-C23D-477C-B1DA-EE0EE1B7E19C,2012-01-29 00:00:00.000
14534,13729,alex10@adventure-works.com,97061FDF-0C7E-4058-805B-11DE8DBC9A13,2014-02-12 00:00:00.000
14535,13730,mathew9@adventure-works.com,61B0CE22-3842-41EF-89E2-14D351388D4C,2013-05-25 00:00:00.000
14536,13731,mathew10@adventure-works.com,F62C09EB-317E-400A-97AD-993B4D3529F1,2014-02-19 00:00:00.000
14537,13732,evan7@adventure-works.com,8AB120DA-F473-4891-9B59-3782D826D183,2013-12-08 00:00:00.000
14538,13733,mason8@adventure-works.com,B751662B-AC19-4A75-BFB2-F3B07B2F02BD,2013-02-01 00:00:00.000
14539,13734,mathew11@adventure-works.com,56CCA6DE-255C-4068-8D13-01084B454047,2013-08-08 00:00:00.000
14540,13735,mathew12@adventure-works.com,32726313-C2E1-4F3C-8AFD-E41285EBE537,2014-02-17 00:00:00.000
14541,13736,mathew13@adventure-works.com,63871A1B-9E3B-47EA-97B3-6A66348064E8,2013-09-12 00:00:00.000
14542,13737,isaac6@adventure-works.com,53ED83A5-AF34-4765-AA0E-B25807C6D881,2013-11-13 00:00:00.000
14543,13738,jesse7@adventure-works.com,4B2021C2-ADA7-4AD0-A579-78D3070B2A2D,2013-08-07 00:00:00.000
14544,13739,mathew14@adventure-works.com,03D83D59-80DF-4E0C-881F-2B8B7A53892D,2014-02-07 00:00:00.000
14545,13740,sean14@adventure-works.com,36028C41-EDB7-4DB0-AC17-D30DC613886C,2013-08-31 00:00:00.000
14546,13741,timothy8@adventure-works.com,8123B2D4-C228-455E-B39B-D8D9C0B0317C,2013-11-19 00:00:00.000
14547,13742,mathew15@adventure-works.com,DF5A5F6B-ACAE-4D1F-91B5-5AAF78A22AEE,2011-10-13 00:00:00.000
14548,13743,patrick13@adventure-works.com,86DAD05B-277E-42B5-BEA1-4FEB9E0D6CF5,2013-09-10 00:00:00.000
14549,13744,mathew16@adventure-works.com,15AAB597-D87A-4C30-8DB7-2915938D6AA3,2013-07-01 00:00:00.000
14550,13745,brian19@adventure-works.com,0981228A-0762-4796-A1E2-A8D216C5596A,2013-07-12 00:00:00.000
14551,13746,sheila9@adventure-works.com,C913F576-A0E9-476A-95EA-2D2125AD49B5,2012-05-31 00:00:00.000
14552,13747,mathew17@adventure-works.com,4B731CEE-2D5D-48F3-ABE6-7D4BEEB5E2D8,2012-03-14 00:00:00.000
14553,13748,bryce6@adventure-works.com,F7C1479C-B19C-414A-BDAC-7A84C7FC6B34,2014-04-01 00:00:00.000
14554,13749,nathaniel8@adventure-works.com,9FB7D298-62C9-4E59-AD60-88512EC6CF84,2014-04-28 00:00:00.000
14555,13750,mathew18@adventure-works.com,C68E5B9A-AA40-4756-AD52-A97227A5B3D9,2013-10-13 00:00:00.000
14556,13751,micheal0@adventure-works.com,0003D22B-11A8-4560-B30D-3F360098759D,2014-01-23 00:00:00.000
14557,13752,chase7@adventure-works.com,6FB1B903-778C-4C24-BEA2-2A185F5B3DBF,2013-04-22 00:00:00.000
14558,13753,juan17@adventure-works.com,89E843AF-B464-43B8-A98D-9E7BCDD8B4BD,2014-04-01 00:00:00.000
14559,13754,micheal1@adventure-works.com,4B7EC3DE-2487-4D7D-B327-FBFF9A69405E,2013-08-23 00:00:00.000
14560,13755,sebastian8@adventure-works.com,C9E787BA-4095-4C7B-8EE1-899A22FE481C,2013-07-04 00:00:00.000
14561,13756,cole9@adventure-works.com,248A27F5-29DA-498D-A462-B39F8B771958,2012-12-14 00:00:00.000
14562,13757,jared10@adventure-works.com,58E1812F-82CD-42BF-B303-1D230B0502DD,2014-02-03 00:00:00.000
14563,13758,bryan9@adventure-works.com,18E598AF-4B80-44F0-8350-24992BB65D47,2013-08-17 00:00:00.000
14564,13759,garrett12@adventure-works.com,EDFE00DE-D28E-4511-B394-29BE2469480A,2014-02-03 00:00:00.000
14565,13760,steven17@adventure-works.com,905F95A6-0FD5-4678-9F1E-94A853949ACB,2014-06-19 00:00:00.000
14566,13761,micheal2@adventure-works.com,01AFB044-0022-4161-8271-024C2559F2A3,2013-11-03 00:00:00.000
14567,13762,micheal3@adventure-works.com,726589B0-94C2-487D-811D-39EC12B30E6A,2014-03-29 00:00:00.000
14568,13763,adrian9@adventure-works.com,A837F1EC-702B-405C-8689-FCC0111EC977,2012-03-31 00:00:00.000
14569,13764,cody7@adventure-works.com,B18875AA-1399-4E13-9334-65D16861FD0E,2014-05-16 00:00:00.000
14570,13765,micheal4@adventure-works.com,DB872AF9-8893-40E5-89FB-77B3DC5954DF,2013-08-21 00:00:00.000
14571,13766,charles55@adventure-works.com,50E01049-A242-49E1-A55A-D9BC37913E50,2013-12-27 00:00:00.000
14572,13767,devin74@adventure-works.com,B8688A21-95BA-41BF-884D-834D82FFC596,2013-11-15 00:00:00.000
14573,13768,eduardo75@adventure-works.com,41F0BBE3-B1BB-4F05-9933-CAA765AE1B5B,2013-04-22 00:00:00.000
14574,13769,richard88@adventure-works.com,9DF1B15C-679B-4DBB-8578-44E5C94A80A7,2013-08-01 00:00:00.000
14575,13770,marcus82@adventure-works.com,CBAFCD52-7821-4A8A-B087-A2A0D728DAD6,2013-10-11 00:00:00.000
14576,13771,ian73@adventure-works.com,D5D5A0DF-A707-4EA7-A737-B07BFF0364D2,2013-08-07 00:00:00.000
14577,13772,micheal5@adventure-works.com,DF4D65B8-852C-42BF-AF49-E9C7015BD9B3,2014-03-19 00:00:00.000
14578,13773,lucas79@adventure-works.com,B8D8BD74-77CD-4BFE-A382-EB9F4E3FA47D,2013-01-19 00:00:00.000
14579,13774,sheila10@adventure-works.com,6C4EB252-5AE8-4AE1-A82E-30CED8757C6B,2012-08-10 00:00:00.000
14580,13775,micheal6@adventure-works.com,371ACE72-9CA9-49B1-8F28-2171B971AE75,2013-03-21 00:00:00.000
14581,13776,seth80@adventure-works.com,3647F0F6-2DB9-4B0D-BCC5-74909BC21593,2014-05-29 00:00:00.000
14582,13777,xavier73@adventure-works.com,A8524C73-165D-4878-BE48-065B02542253,2013-11-28 00:00:00.000
14583,13778,micheal7@adventure-works.com,68A6570F-11CF-4EDC-B1F5-2F8AC3538842,2014-04-10 00:00:00.000
14584,13779,dalton77@adventure-works.com,61B2D3D8-2472-40E2-831A-5D0E782A380E,2012-07-16 00:00:00.000
14585,13780,micheal8@adventure-works.com,0DCE1B99-1A4E-4C6B-95C0-96504C7F6390,2012-08-25 00:00:00.000
14586,13781,micheal9@adventure-works.com,11203EB5-69AA-4BB6-89D4-BBC65E225668,2013-12-19 00:00:00.000
14587,13782,jeremy36@adventure-works.com,3CEAA312-77C9-4FED-A216-EF588167033A,2013-12-31 00:00:00.000
14588,13783,carlos9@adventure-works.com,F04540E9-2BE6-4EC9-90C6-56AD661737D4,2011-09-17 00:00:00.000
14589,13784,angel7@adventure-works.com,3AA93B7D-E5BF-4255-991F-1140F54916C1,2013-07-04 00:00:00.000
14590,13785,isaiah7@adventure-works.com,364FBF81-E4DC-4831-903D-A21C3365ABA1,2014-04-04 00:00:00.000
14591,13786,micheal10@adventure-works.com,173E9E23-EE38-45C4-8F7C-8640270E6F0A,2014-01-21 00:00:00.000
14592,13787,micheal11@adventure-works.com,9A941D3B-56DC-4883-8533-F6E46DE6E214,2013-07-04 00:00:00.000
14593,13788,alex11@adventure-works.com,DD102BC8-D63C-4922-A125-925325E357FE,2014-04-25 00:00:00.000
14594,13789,micheal12@adventure-works.com,684434FF-01C9-4B37-88E2-A748A4229034,2013-09-22 00:00:00.000
14595,13790,evan8@adventure-works.com,3B0531F3-00A1-4AEF-B15D-30743B2712B1,2013-07-06 00:00:00.000
14596,13791,mason9@adventure-works.com,A8E4AE70-4820-4B49-A81E-B155672723E0,2014-03-15 00:00:00.000
14597,13792,micheal13@adventure-works.com,7003947D-12C5-4104-BC18-F5663429095B,2013-11-23 00:00:00.000
14598,13793,isaac7@adventure-works.com,F20906A3-7A72-42F7-85B1-B04AF35443D9,2013-08-08 00:00:00.000
14599,13794,micheal14@adventure-works.com,0BB13793-0E27-43BA-B2A5-A017026E85C2,2013-10-12 00:00:00.000
14600,13795,micheal15@adventure-works.com,5F329A07-F409-4E61-A88B-07B2EEEC5BB0,2013-07-01 00:00:00.000
14601,13796,sheila11@adventure-works.com,789159CD-161E-4D70-B03E-A6210F5D585C,2013-12-22 00:00:00.000
14602,13797,micheal16@adventure-works.com,DCA479F6-EBDC-42B1-9BA2-F89C4104289C,2011-09-26 00:00:00.000
14603,13798,micheal17@adventure-works.com,9F8ED8C7-BFAA-4499-93EB-2F37DC1CCCE4,2013-01-19 00:00:00.000
14604,13799,jesse8@adventure-works.com,638140AA-9BD0-4C63-9015-40BACE876788,2013-07-31 00:00:00.000
14605,13800,sean15@adventure-works.com,3FD1AFB5-3874-4A3E-ADFD-C147D842CF41,2013-09-12 00:00:00.000
14606,13801,timothy9@adventure-works.com,53ED839B-AAF3-4363-A781-06BA80653491,2013-01-03 00:00:00.000
14607,13802,cody8@adventure-works.com,62B5A95C-A950-4CB2-A9D4-1815A93F5178,2013-07-23 00:00:00.000
14608,13803,charles56@adventure-works.com,16880360-0797-44CC-8664-E225403886E2,2014-06-21 00:00:00.000
14609,13804,clinton0@adventure-works.com,C6F0A7FD-F0C8-4C6F-8526-65CD910155C2,2014-03-02 00:00:00.000
14610,13805,clinton1@adventure-works.com,8F1380EF-A3F1-4335-BD3F-7C7358CF4F11,2012-07-10 00:00:00.000
14611,13806,clinton2@adventure-works.com,8DF1CE87-BE3F-47FB-9330-4275034365E1,2014-03-02 00:00:00.000
14612,13807,devin75@adventure-works.com,72FB1356-0A60-47A9-95EE-C95C6AABD629,2013-10-27 00:00:00.000
14613,13808,clinton3@adventure-works.com,43A1A2D8-CF41-434A-9468-314E7FE866AD,2011-06-21 00:00:00.000
14614,13809,eduardo76@adventure-works.com,B47712CE-F1C8-4BD3-8F74-982F03BD6CAE,2013-10-24 00:00:00.000
14615,13810,richard89@adventure-works.com,F9605DC9-1BF5-4FFB-BAEB-281716C536E8,2012-02-14 00:00:00.000
14616,13811,marcus83@adventure-works.com,D1E582FD-5C1F-40C1-A438-2BB2D1F484A7,2011-12-30 00:00:00.000
14617,13812,clinton4@adventure-works.com,CC59AD2F-FF69-4541-8762-5B45719B536D,2014-03-18 00:00:00.000
14618,13813,ian74@adventure-works.com,54E80D08-DD7C-44B9-BE8C-14D38E37F172,2011-08-30 00:00:00.000
14619,13814,lucas80@adventure-works.com,0F0B95E2-AF5D-4D51-B8AD-5CEDA3164AFE,2013-07-29 00:00:00.000
14620,13815,clinton5@adventure-works.com,51C86E06-E457-43CA-ACAC-FB8F6D107181,2013-06-23 00:00:00.000
14621,13816,clinton6@adventure-works.com,3833A98A-33CC-4E7F-8DC5-B3E102967796,2014-05-07 00:00:00.000
14622,13817,sheila12@adventure-works.com,85A33B42-BE77-49DB-93FE-C979F6ECA4DC,2014-03-15 00:00:00.000
14623,13818,clinton7@adventure-works.com,382CE476-36A4-4AB2-9775-ECC24ABF8F47,2014-01-17 00:00:00.000
14624,13819,seth81@adventure-works.com,DD0272A2-7C31-46F8-AF5A-16F0C9CB2138,2013-09-14 00:00:00.000
14625,13820,clinton8@adventure-works.com,65649650-4CAB-4FAA-93C7-2B22EE1D7974,2012-06-15 00:00:00.000
14626,13821,xavier74@adventure-works.com,0FACDBC6-46D9-4039-8FD7-699885B4E26F,2013-03-12 00:00:00.000
14627,13822,dalton78@adventure-works.com,47BA2D4F-69DC-4E97-983B-0802C7A2F9CD,2014-03-14 00:00:00.000
14628,13823,clinton9@adventure-works.com,DF4D5F03-4729-4299-BF3C-AA997689B83C,2012-06-24 00:00:00.000
14629,13824,jeremy37@adventure-works.com,D592A3E5-FAD9-47C0-8196-8DDB4DEC73C2,2013-08-12 00:00:00.000
14630,13825,carlos10@adventure-works.com,BC498601-EA58-428C-A0E0-7E927382B30C,2014-01-06 00:00:00.000
14631,13826,clinton10@adventure-works.com,AE78F9EF-7A94-4AF2-A16F-08012CDC5D30,2013-09-02 00:00:00.000
14632,13827,clinton11@adventure-works.com,B7D21303-F219-4DEB-B614-665FF5162260,2014-06-25 00:00:00.000
14633,13828,angel8@adventure-works.com,2859B55E-F606-4C50-B541-5E7C14ED8F83,2012-05-07 00:00:00.000
14634,13829,clinton12@adventure-works.com,FE81CFB4-9275-497D-A93A-5F99DAE4029E,2011-09-22 00:00:00.000
14635,13830,alex12@adventure-works.com,4CCFAA1C-D552-4E18-8D6F-321EFC528B90,2013-04-29 00:00:00.000
14636,13831,clinton13@adventure-works.com,C797920A-E26B-4195-B11C-3647A4A41C46,2014-05-25 00:00:00.000
14637,13832,evan9@adventure-works.com,B9BA46ED-49E4-451E-BC74-2CD2B6184A80,2013-05-18 00:00:00.000
14638,13833,clinton14@adventure-works.com,8C2A9E53-2077-4B6F-A645-D91C0DCE5B0F,2013-08-15 00:00:00.000
14639,13834,isaac8@adventure-works.com,DB0EC35C-7A2E-4087-98A3-C78D8BD8F877,2013-09-05 00:00:00.000
14640,13835,clinton15@adventure-works.com,31F7AD6A-6DE4-49B2-951B-D9EFA41E6B21,2014-02-08 00:00:00.000
14641,13836,clinton16@adventure-works.com,DA048123-89B5-49C1-9E8F-2585D88D98B4,2014-05-07 00:00:00.000
14642,13837,clinton17@adventure-works.com,56926B68-E405-43E1-9622-769690E6F390,2013-07-10 00:00:00.000
14643,13838,jamie27@adventure-works.com,07A2BC39-1441-4A58-9491-C900E449BAC7,2013-07-12 00:00:00.000
14644,13839,jamie28@adventure-works.com,37B9AA47-B234-4580-890F-ABA9B787C4D8,2014-03-10 00:00:00.000
14645,13840,sean16@adventure-works.com,1D7E2EED-6138-47E0-BC75-7FFDB4AC556E,2013-08-10 00:00:00.000
14646,13841,jamie29@adventure-works.com,D09E42B9-DACF-455E-AEF3-305A607CB6E0,2013-06-29 00:00:00.000
14647,13842,timothy10@adventure-works.com,02CA6D01-4D85-4900-B368-96A7C410C955,2012-11-04 00:00:00.000
14648,13843,jamie30@adventure-works.com,07FB68A7-33AD-4346-80F5-E2385F38D13E,2014-04-21 00:00:00.000
14649,13844,brian20@adventure-works.com,012776E4-7068-4F8D-9975-39424DBAA08C,2013-11-13 00:00:00.000
14650,13845,jamie31@adventure-works.com,4A990C27-A899-469F-AC0D-8DF9ECEEAAD8,2014-06-26 00:00:00.000
14651,13846,jamie32@adventure-works.com,E0DBAFC1-DFE6-4BB2-9EFB-C053074CD291,2013-11-06 00:00:00.000
14652,13847,bryce7@adventure-works.com,23C6BE18-98C1-418E-823D-A317CB17F080,2013-10-03 00:00:00.000
14653,13848,nathaniel9@adventure-works.com,F4142307-A732-4C4C-9AF2-430AF3558AE2,2012-04-06 00:00:00.000
14654,13849,damien34@adventure-works.com,89DFCDDA-08F2-43D7-B936-2DDB974DCB97,2014-01-23 00:00:00.000
14655,13850,sheila13@adventure-works.com,21528F54-56FE-43E6-9E33-F1739CADAED6,2013-10-05 00:00:00.000
14656,13851,chase8@adventure-works.com,CCE9DB98-250E-442E-AAF7-75978C7EA33B,2013-10-02 00:00:00.000
14657,13852,juan18@adventure-works.com,D1614C64-BB5D-4D21-9217-943665C6B6BD,2011-10-04 00:00:00.000
14658,13853,sebastian9@adventure-works.com,6ED7388D-3C9D-41C3-AFCB-D204A15C4918,2014-01-05 00:00:00.000
14659,13854,cole10@adventure-works.com,7C3DB099-63F5-4A8F-B372-D233CBE1B46F,2013-11-02 00:00:00.000
14660,13855,jamie33@adventure-works.com,4DC63360-6A4A-4963-987F-2012574BC3BD,2013-12-29 00:00:00.000
14661,13856,jamie34@adventure-works.com,5D4BD6E2-6077-4E7A-9838-FC6875BB64F8,2013-09-13 00:00:00.000
14662,13857,bryan10@adventure-works.com,49F41163-0B68-475A-AB07-A212CA0048F9,2014-03-30 00:00:00.000
14663,13858,garrett13@adventure-works.com,2B979C08-3E6B-4B0B-B654-CBEE97FF0C5B,2011-06-08 00:00:00.000
14664,13859,jamie35@adventure-works.com,476376B8-A618-4F31-8C9E-3B3E51701E58,2012-12-01 00:00:00.000
14665,13860,steven18@adventure-works.com,87ACA033-4018-4DD6-AA9D-2A34E7966BED,2014-05-19 00:00:00.000
14666,13861,jamie36@adventure-works.com,47BFDC2E-C755-4585-B536-2E2C0B245DEE,2013-03-24 00:00:00.000
14667,13862,adrian10@adventure-works.com,58AC8BE8-0FBB-4FE4-9862-7548B5DBBB85,2012-05-17 00:00:00.000
14668,13863,jamie37@adventure-works.com,CC462A66-44AC-4FDD-9A14-25784CF54F34,2014-04-16 00:00:00.000
14669,13864,cody9@adventure-works.com,D71FF1D6-281F-4696-9105-C760C7970481,2013-05-11 00:00:00.000
14670,13865,charles57@adventure-works.com,040C0D92-1991-405D-9A69-9D9E99EC7EA2,2013-12-20 00:00:00.000
14671,13866,jamie38@adventure-works.com,A58B6A2C-6D12-452C-91A1-466383793EAE,2014-02-27 00:00:00.000
14672,13867,jamie39@adventure-works.com,BC90DE24-6A0D-4F9F-BAAF-F4D134284C48,2014-02-11 00:00:00.000
14673,13868,rob4@adventure-works.com,EA7F70D9-6379-4145-8997-8C1E9034D249,2011-06-27 00:00:00.000
14674,13869,jamie40@adventure-works.com,BF137BFC-B9E4-49CC-AF26-0674493A7B83,2013-07-24 00:00:00.000
14675,13870,devin76@adventure-works.com,9FE20D3C-19AF-4C01-9B83-72AED4DD88DF,2014-06-11 00:00:00.000
14676,13871,eduardo77@adventure-works.com,D739F3B8-0231-47E8-A133-3345942E7041,2012-11-05 00:00:00.000
14677,13872,jamie41@adventure-works.com,9D8F9FF9-F721-4D61-9A1E-E0BAB84292C1,2013-11-28 00:00:00.000
14678,13873,richard90@adventure-works.com,33C17B11-ADEB-4C6F-A14B-E7E314C3190B,2014-03-30 00:00:00.000
14679,13874,marcus84@adventure-works.com,803FB4DF-2D1F-436F-A5B0-9D8D2AA6A8B5,2013-08-15 00:00:00.000
14680,13875,ian75@adventure-works.com,8FBEEBC3-E12B-4055-91C8-A1A3884EE5ED,2014-02-28 00:00:00.000
14681,13876,jamie42@adventure-works.com,477B308A-5DC8-4C5C-86A6-136C715E9CF9,2012-11-25 00:00:00.000
14682,13877,xavier75@adventure-works.com,CE395E51-BF2F-4DDD-81EE-B615CF7ECDB5,2014-02-16 00:00:00.000
14683,13878,jamie43@adventure-works.com,77202752-5E21-426E-8B9C-B122638EC14D,2014-01-22 00:00:00.000
14684,13879,jamie44@adventure-works.com,A20F6D1B-B945-4091-B7F6-05351759286F,2012-05-23 00:00:00.000
14685,13880,dalton79@adventure-works.com,AD14E2F1-CEE8-44B9-A599-2C8615896FD9,2013-03-10 00:00:00.000
14686,13881,walter16@adventure-works.com,C6A5E5F8-0A89-40FB-9AB7-FBCF212553BE,2014-03-17 00:00:00.000
14687,13882,jeremy38@adventure-works.com,4A67F451-8F36-42DC-86DF-741DED1149E9,2013-10-18 00:00:00.000
14688,13883,walter17@adventure-works.com,78E69F12-FB93-4847-95D2-CB0C9150D0CA,2014-04-20 00:00:00.000
14689,13884,carlos11@adventure-works.com,D29B28FF-4096-4E11-99C3-4EA2D9F00DDB,2014-03-24 00:00:00.000
14690,13885,walter18@adventure-works.com,2137715F-B78F-4394-8F6D-C56728F0F48F,2011-08-26 00:00:00.000
14691,13886,angel9@adventure-works.com,99EC5FE7-F6DF-46FD-B78A-E136E298EC64,2013-02-15 00:00:00.000
14692,13887,walter19@adventure-works.com,15F56E0C-87C8-4329-85DF-5991CF8A200C,2013-07-04 00:00:00.000
14693,13888,isaiah8@adventure-works.com,AE089122-27DB-461D-BABE-95F6CF91FB7C,2013-04-06 00:00:00.000
14694,13889,walter20@adventure-works.com,232147F9-7087-443E-BE05-80ECFA8C8C64,2013-03-12 00:00:00.000
14695,13890,sheila14@adventure-works.com,1474622B-4F92-46CA-AAB0-9D5FCC40F34A,2014-01-11 00:00:00.000
14696,13891,walter21@adventure-works.com,D6A3AFEC-1FB2-44E9-A301-21C398771B04,2014-05-08 00:00:00.000
14697,13892,alex13@adventure-works.com,89BD1E2C-D487-4B34-B274-CEAB7B102BFB,2013-11-03 00:00:00.000
14698,13893,evan10@adventure-works.com,479C6404-0592-4EA7-A6C0-9F50016CEBF6,2013-11-10 00:00:00.000
14699,13894,mason10@adventure-works.com,1A329FD7-9AF9-4D45-BA09-D3F2FE384C58,2013-09-27 00:00:00.000
14700,13895,walter22@adventure-works.com,ECCF7CEA-A22A-43A3-99F7-22998BBDFF6F,2012-12-29 00:00:00.000
14701,13896,hector0@adventure-works.com,7C479CBA-9DEC-4D26-9BCC-3188AD2CEB99,2014-01-10 00:00:00.000
14702,13897,hector1@adventure-works.com,1C336A27-5883-417D-8A5F-DBEFD982C92A,2014-06-14 00:00:00.000
14703,13898,hector2@adventure-works.com,2A55A6C1-5FCC-4572-99D3-5AF47915749D,2014-04-06 00:00:00.000
14704,13899,isaac9@adventure-works.com,1F568FF0-6BEE-4EF8-B1F8-77796974C2C8,2013-07-12 00:00:00.000
14705,13900,jesse9@adventure-works.com,5650E1D7-F215-4FFD-BAE8-DDB330C07560,2011-09-04 00:00:00.000
14706,13901,sean17@adventure-works.com,A7EAFBC4-9866-46A1-8FE4-68B8F3E0E66D,2014-05-21 00:00:00.000
14707,13902,hector3@adventure-works.com,88E1D406-43B2-4393-B695-5E50568A0C76,2014-02-03 00:00:00.000
14708,13903,patrick14@adventure-works.com,9FCBEEDC-8C89-4D2E-8565-55BD3CE5C43A,2013-10-16 00:00:00.000
14709,13904,hector4@adventure-works.com,29D6E649-14B1-4287-9D5E-7AC4594760D1,2012-06-06 00:00:00.000
14710,13905,brian21@adventure-works.com,D7443895-0113-469F-9E1F-0BA42A208890,2014-04-14 00:00:00.000
14711,13906,hector5@adventure-works.com,6D120470-4E61-4D04-8E86-2025F13FE4E0,2013-09-14 00:00:00.000
14712,13907,hector6@adventure-works.com,9FF9D503-1409-42F8-A4B2-EC499440DFAB,2013-12-05 00:00:00.000
14713,13908,bryce8@adventure-works.com,C0AD981A-53EB-4A3D-B4AB-2BF85F206892,2013-10-26 00:00:00.000
14714,13909,sheila15@adventure-works.com,11A4DE8E-A9D9-43AF-8031-C3BBB54BF57F,2013-02-24 00:00:00.000
14715,13910,hector7@adventure-works.com,F8647A1E-FD27-4F32-8DBB-32DF1A25E0E6,2013-09-06 00:00:00.000
14716,13911,nathaniel10@adventure-works.com,51C169E4-5E77-4521-9D0B-821ADF7E23E4,2013-07-05 00:00:00.000
14717,13912,hector8@adventure-works.com,174E6F3B-F8FE-4BA4-AC8D-C311A90BA681,2013-10-05 00:00:00.000
14718,13913,chase9@adventure-works.com,497AD519-5AC6-4285-B094-C95081B9A87A,2013-07-20 00:00:00.000
14719,13914,juan19@adventure-works.com,8D9ECC0A-DF81-400F-BAAA-776B7AB72505,2014-02-23 00:00:00.000
14720,13915,hector9@adventure-works.com,E086B2FE-7F07-4187-B27C-348E95640135,2012-10-23 00:00:00.000
14721,13916,sebastian10@adventure-works.com,CCF7E25C-6B96-4B67-A2FF-05C2CA31C04A,2013-07-10 00:00:00.000
14722,13917,hector10@adventure-works.com,9D1FB764-F7C3-4B4A-8DDC-F7E086E97B14,2012-12-02 00:00:00.000
14723,13918,cole11@adventure-works.com,6B8622FF-1FB1-41D0-8B87-726F03855D5F,2012-01-11 00:00:00.000
14724,13919,jared11@adventure-works.com,790D6503-3646-4767-A332-9A46B6FC4564,2014-04-04 00:00:00.000
14725,13920,hector11@adventure-works.com,F845AE7D-C473-4F12-81D9-38746103AF13,2012-09-10 00:00:00.000
14726,13921,hector12@adventure-works.com,3F4E6F27-9F9C-4FB8-93CC-AC20E9C20DB0,2012-02-23 00:00:00.000
14727,13922,hector13@adventure-works.com,64561791-2DE1-4ED0-A5B7-5EA41913DC50,2012-11-22 00:00:00.000
14728,13923,garrett14@adventure-works.com,D9143C5F-3943-4EF0-973A-86DE11C16993,2014-03-24 00:00:00.000
14729,13924,hector14@adventure-works.com,947319F1-9EC2-4A04-978B-94556945C0CB,2013-10-03 00:00:00.000
14730,13925,steven19@adventure-works.com,99660904-67EC-4E52-80A9-70FFC0F96F46,2013-11-10 00:00:00.000
14731,13926,adrian11@adventure-works.com,03FD480A-AA2A-4EC7-B157-12AC378A1284,2013-05-11 00:00:00.000
14732,13927,hector15@adventure-works.com,17BD6A81-A0EA-486A-9972-362D1F6AA1EF,2012-06-30 00:00:00.000
14733,13928,cody10@adventure-works.com,833452A4-76B4-47BE-B79E-35FF695F1EF9,2013-09-29 00:00:00.000
14734,13929,sheila16@adventure-works.com,5B9D2549-D8FD-4E99-97B9-886A7699A1F3,2014-05-20 00:00:00.000
14735,13930,hector16@adventure-works.com,71ACD482-2D23-4C17-8EC2-235E2BD14B7A,2011-11-03 00:00:00.000
14736,13931,hector17@adventure-works.com,6BCDE27D-9C72-458C-B122-7C6871872B3D,2013-08-22 00:00:00.000
14737,13932,hector18@adventure-works.com,B0D1B6BB-2ADF-4842-A2E3-B65D8AD55A49,2013-10-21 00:00:00.000
14738,13933,charles58@adventure-works.com,ECCCD06B-4B61-4D93-8345-BDC2DFC33CA5,2013-08-02 00:00:00.000
14739,13934,devin77@adventure-works.com,BB77DF36-1B27-421A-A81B-0A8164B22E72,2014-02-28 00:00:00.000
14740,13935,hector19@adventure-works.com,E33A66C7-29C7-41AD-BB31-888002F50B2F,2012-06-08 00:00:00.000
14741,13936,eduardo78@adventure-works.com,7D38F16E-5A46-4A70-AD94-C8B8CB429732,2013-05-22 00:00:00.000
14742,13937,danny0@adventure-works.com,B5A78393-3B46-4217-B3DD-F9DDCA21FED8,2014-04-20 00:00:00.000
14743,13938,danny1@adventure-works.com,9F40B7BF-AA8A-40FC-AB20-E4ECCDCDA86A,2011-06-22 00:00:00.000
14744,13939,richard91@adventure-works.com,A502F758-E875-4F82-854D-826447A5127F,2014-01-28 00:00:00.000
14745,13940,danny2@adventure-works.com,3A9534B5-B3CF-4C60-9448-DD8F7375927C,2013-12-23 00:00:00.000
14746,13941,danny3@adventure-works.com,6332756E-040C-4D9D-8016-347C07CF8639,2013-08-20 00:00:00.000
14747,13942,danny4@adventure-works.com,2EAF3CAB-2741-4A70-8C86-ADDF7F36F23B,2013-11-05 00:00:00.000
14748,13943,marcus85@adventure-works.com,3A800931-D367-4809-B73F-A2E5B8FFE01E,2013-05-23 00:00:00.000
14749,13944,ian76@adventure-works.com,78A353CA-D67E-4440-8195-23A0114688CF,2012-01-13 00:00:00.000
14750,13945,danny5@adventure-works.com,8F615581-7B75-49DC-9C02-F28F67B479A4,2011-08-28 00:00:00.000
14751,13946,danny6@adventure-works.com,0689F993-C9A4-4990-886B-0A08C29E7CB7,2012-09-11 00:00:00.000
14752,13947,danny7@adventure-works.com,AD99A532-89B6-41D0-B44C-78A768FB41F4,2014-02-14 00:00:00.000
14753,13948,lucas81@adventure-works.com,AA42CD82-B72A-4CF8-ACBD-A21844BA4F91,2014-02-09 00:00:00.000
14754,13949,danny8@adventure-works.com,75F97B30-D1B5-41C0-A4A9-0482FDDE82D7,2014-01-25 00:00:00.000
14755,13950,danny9@adventure-works.com,6D3D823A-D265-4EB6-9D02-91B89D2793D0,2011-10-09 00:00:00.000
14756,13951,danny10@adventure-works.com,18DDEFA6-0875-405E-A3DC-D1AC1054A00C,2014-05-05 00:00:00.000
14757,13952,xavier76@adventure-works.com,76AC1B3D-F1DE-421C-9EA6-FBBAB58416AD,2013-07-05 00:00:00.000
14758,13953,danny11@adventure-works.com,3C9C88E1-0B12-4B89-AD79-D2EEA4FB5098,2014-02-11 00:00:00.000
14759,13954,dalton80@adventure-works.com,2D031138-BA67-42AC-A76D-F14A70F5E9F7,2014-03-15 00:00:00.000
14760,13955,jeremy39@adventure-works.com,7F535398-5527-40B3-9DA8-F944F683ABFF,2012-05-22 00:00:00.000
14761,13956,danny12@adventure-works.com,5387B0B2-8741-4778-A215-FF5FB15A777F,2013-02-04 00:00:00.000
14762,13957,carlos12@adventure-works.com,7E90BD24-84C6-4AAD-90C5-50E7C48A41AC,2013-12-17 00:00:00.000
14763,13958,danny13@adventure-works.com,FB119CB1-EBE9-4DF2-B129-15DCE9A8D6CF,2014-04-05 00:00:00.000
14764,13959,angel10@adventure-works.com,E731E992-3DAE-4109-93BE-FB78F5FFF5E8,2014-04-26 00:00:00.000
14765,13960,sheila17@adventure-works.com,AB56E47F-5422-48C0-9D88-88DB5DF951F9,2014-05-20 00:00:00.000
14766,13961,danny14@adventure-works.com,31D63C50-8331-418E-AC40-2C7E4C853708,2014-01-06 00:00:00.000
14767,13962,isaiah9@adventure-works.com,C5099CCF-117B-40DD-9A07-BDDFB02B0DB4,2011-06-28 00:00:00.000
14768,13963,alex14@adventure-works.com,68B1ECA5-9EDF-4AEB-8E8E-7C882CFED797,2013-03-30 00:00:00.000
14769,13964,danny15@adventure-works.com,D38B4CE9-31B8-4414-BB5A-36E28C0CE606,2012-07-08 00:00:00.000
14770,13965,danny16@adventure-works.com,98A9E525-4C2D-4005-864C-151E17803F84,2013-10-17 00:00:00.000
14771,13966,evan11@adventure-works.com,D888C189-12A7-4523-9050-968BAD681DCD,2014-02-06 00:00:00.000
14772,13967,danny17@adventure-works.com,F1504278-74E7-42DC-95EC-DE2547AFD4FF,2013-04-20 00:00:00.000
14773,13968,isaac10@adventure-works.com,6B936482-C701-487B-9DC5-0DED44FE6E21,2013-05-01 00:00:00.000
14774,13969,danny18@adventure-works.com,CAD6F9C8-D117-4E54-A2CA-4C13FC231D30,2012-12-03 00:00:00.000
14775,13970,danny19@adventure-works.com,26F3ABC1-BC68-4F56-977B-6B36CB3BDD0C,2013-09-12 00:00:00.000
14776,13971,danny20@adventure-works.com,B7796DC3-0DB0-453B-BCB9-8613F7FA4ADD,2012-04-30 00:00:00.000
14777,13972,jesse10@adventure-works.com,CA8E81F8-429A-4859-B8EE-935137F0B342,2013-12-05 00:00:00.000
14778,13973,sean18@adventure-works.com,5D643DFC-5CC6-421C-95F6-235A1812C24C,2014-03-23 00:00:00.000
14779,13974,danny21@adventure-works.com,634AC456-0C2B-4917-BED3-63B163514121,2014-04-15 00:00:00.000
14780,13975,timothy11@adventure-works.com,43B7D6A4-2823-42EC-A319-E43FFE55C319,2011-09-27 00:00:00.000
14781,13976,danny22@adventure-works.com,6ED8A9FD-5DA0-4027-8A4D-981A6EFCF774,2013-09-04 00:00:00.000
14782,13977,danny23@adventure-works.com,2B56F332-AA07-49CF-9C5C-E98459629666,2012-01-31 00:00:00.000
14783,13978,patrick15@adventure-works.com,F766530B-AFFE-4E54-B43E-963AD7AEF96E,2014-05-10 00:00:00.000
14784,13979,sheila18@adventure-works.com,0793CE30-4A0D-4626-A7A7-72DDFDEF2CCB,2014-03-25 00:00:00.000
14785,13980,brian22@adventure-works.com,FD48F313-052F-4D9A-ABE4-ED73BFA16B1D,2013-04-04 00:00:00.000
14786,13981,bryce9@adventure-works.com,A1D8216D-D82D-43FD-9845-EF29FAC80592,2013-11-12 00:00:00.000
14787,13982,roberto1@adventure-works.com,A7D3670D-DE5A-478A-8693-317B7EC60EBD,2013-04-04 00:00:00.000
14788,13983,nathaniel11@adventure-works.com,D247FADC-FA1C-426D-AD2E-145BB812826D,2014-04-13 00:00:00.000
14789,13984,roberto2@adventure-works.com,A8ACD664-014C-461C-9685-421B87AE1076,2012-10-07 00:00:00.000
14790,13985,roberto3@adventure-works.com,28D3AD04-E025-4B7A-849D-B05F601A029C,2013-08-15 00:00:00.000
14791,13986,roberto4@adventure-works.com,23554AEE-DE7A-4719-968B-6A76D169B127,2014-04-20 00:00:00.000
14792,13987,chase10@adventure-works.com,D9D4A60C-1C81-476A-AF63-5BEB92E95CF9,2013-07-21 00:00:00.000
14793,13988,juan20@adventure-works.com,D9EACCEE-EF04-425D-BC21-3554E2B0BAD2,2013-09-27 00:00:00.000
14794,13989,sebastian11@adventure-works.com,C4E946D1-07DF-4B33-8704-0B1317BF2942,2013-12-27 00:00:00.000
14795,13990,cole12@adventure-works.com,59C3B8C8-4DD8-4866-9EA5-DA8F44DBD424,2014-05-08 00:00:00.000
14796,13991,roberto5@adventure-works.com,27F93698-5B3F-48DE-B44B-513246FE379E,2013-08-17 00:00:00.000
14797,13992,jared12@adventure-works.com,07434F8A-357D-4E47-BF55-7FC63C4C157B,2013-07-28 00:00:00.000
14798,13993,bryan11@adventure-works.com,C4F80E43-5D7C-4E07-AE51-B90AF7E271C6,2013-03-31 00:00:00.000
14799,13994,garrett15@adventure-works.com,6BC1B2CC-B425-47DC-9683-C2254DBE2947,2013-08-03 00:00:00.000
14800,13995,roberto6@adventure-works.com,100CC4EA-E8E1-452E-BC11-62C6E501928C,2012-06-01 00:00:00.000
14801,13996,steven20@adventure-works.com,36C583C7-B8D5-4F69-9ACB-2A0FBDB874FC,2013-05-09 00:00:00.000
14802,13997,roberto7@adventure-works.com,C60D7E92-ACF7-4140-A8C3-561F5A12CF12,2013-07-10 00:00:00.000
14803,13998,adrian12@adventure-works.com,A7F9B439-6F94-4006-94A7-4B15A4DB874E,2014-03-06 00:00:00.000
14804,13999,cody11@adventure-works.com,AECFB20C-FEB9-41F7-86E9-D2EFFC034195,2014-04-07 00:00:00.000
14805,14000,roberto8@adventure-works.com,0E30945F-EBB1-4BB1-BD79-5D36849A2D93,2014-02-04 00:00:00.000
14806,14001,charles59@adventure-works.com,8DC9094B-D33C-44AE-8F56-CD501E866AB6,2014-04-13 00:00:00.000
14807,14002,devin78@adventure-works.com,6CF71F8E-90D6-4C7D-AB98-85E5F97DDF81,2013-10-05 00:00:00.000
14808,14003,eduardo79@adventure-works.com,28CA7AFC-0A95-47E3-B4DF-CF312DCC16C7,2014-03-08 00:00:00.000
14809,14004,sheila19@adventure-works.com,2CCD4A6C-4585-4BE5-A95A-E851D9B95778,2013-11-18 00:00:00.000
14810,14005,roberto9@adventure-works.com,DE959FD8-E2CA-4785-BB8F-2AB2959DF165,2013-09-01 00:00:00.000
14811,14006,richard92@adventure-works.com,00B49686-C50E-4D43-8113-40F1423F21EC,2014-01-09 00:00:00.000
14812,14007,roberto10@adventure-works.com,6229E38B-20E7-4346-A924-6967F169CEF6,2014-05-30 00:00:00.000
14813,14008,roberto11@adventure-works.com,E5237555-D620-43A3-A080-CA660EEFCA6A,2014-02-26 00:00:00.000
14814,14009,marcus86@adventure-works.com,F871A7FE-5CB5-42CC-8B55-0AD524C6204D,2014-05-30 00:00:00.000
14815,14010,roberto12@adventure-works.com,0A0A8C1D-3003-4E6C-855E-CB50B455DEA4,2012-11-27 00:00:00.000
14816,14011,roberto13@adventure-works.com,5489DEFD-1466-47C2-9320-EE2E274844E7,2013-03-22 00:00:00.000
14817,14012,roberto14@adventure-works.com,6E59B139-6624-4373-A509-1A1544E02450,2013-01-12 00:00:00.000
14818,14013,ian77@adventure-works.com,6E73F182-F7BB-4795-91D6-8F8C4805415E,2013-10-02 00:00:00.000
14819,14014,lucas82@adventure-works.com,40BC5207-6C2A-477A-927C-44925EA66847,2012-07-26 00:00:00.000
14820,14015,roberto15@adventure-works.com,944462FD-EFB1-4A8B-8633-0EBFA469AC5D,2013-01-24 00:00:00.000
14821,14016,xavier77@adventure-works.com,0F6B5E73-60DC-4CDE-86DB-2F33D51CC195,2013-09-12 00:00:00.000
14822,14017,dalton81@adventure-works.com,004F18CD-2292-4695-97E9-979300D7BEA1,2014-03-15 00:00:00.000
14823,14018,jeremy40@adventure-works.com,367DB74B-91C6-45B8-A417-ED9113D46DDA,2013-10-29 00:00:00.000
14824,14019,roberto16@adventure-works.com,B0DBAA3B-291A-44D4-B0E4-48F7489FF01A,2013-12-27 00:00:00.000
14825,14020,sheila20@adventure-works.com,EB9E0313-64C7-4D25-8CCD-3F33151C1B91,2014-03-01 00:00:00.000
14826,14021,carlos13@adventure-works.com,7C15B74F-A857-4579-8069-C84759535EBC,2014-02-13 00:00:00.000
14827,14022,angel11@adventure-works.com,156903B8-DD9C-4B91-97C3-C7F00012602B,2013-07-18 00:00:00.000
14828,14023,roberto17@adventure-works.com,43371A3D-1CA0-4AF4-AA6A-80D601104875,2013-09-15 00:00:00.000
14829,14024,isaiah10@adventure-works.com,261E6A3C-4309-475D-A6AC-7F6FFB5E1438,2012-08-14 00:00:00.000
14830,14025,alex15@adventure-works.com,ECA656C4-3887-4F03-8003-FAA2283BE3F0,2014-02-07 00:00:00.000
14831,14026,evan12@adventure-works.com,7DAFD0E2-159D-4BB8-8BDC-B57449B0CAC6,2012-10-24 00:00:00.000
14832,14027,roberto18@adventure-works.com,FF1CA348-CCA2-4AD0-B76D-411F1C806442,2012-01-27 00:00:00.000
14833,14028,mason11@adventure-works.com,11EB62DB-3604-4959-842C-B0CF3148FE22,2013-12-17 00:00:00.000
14834,14029,roberto19@adventure-works.com,E073E0C3-C083-41DF-99C4-6854C79B1A34,2013-08-13 00:00:00.000
14835,14030,isaac11@adventure-works.com,324FD42E-4460-4B18-BCCF-395862633122,2014-03-19 00:00:00.000
14836,14031,jesse11@adventure-works.com,8BE61B44-3BA3-489A-BB19-08083F9FED2B,2013-03-06 00:00:00.000
14837,14032,roberto20@adventure-works.com,9C7129C6-E485-4481-8F4E-1CF65F69B049,2013-11-16 00:00:00.000
14838,14033,lance0@adventure-works.com,845D3772-45A0-4E22-8931-0B9D945AFD70,2014-02-23 00:00:00.000
14839,14034,lance1@adventure-works.com,015EAB9C-5594-4E76-8C50-3AF0385384A3,2011-08-28 00:00:00.000
14840,14035,sean19@adventure-works.com,88632C62-018B-43BB-805F-6996255BF190,2011-11-20 00:00:00.000
14841,14036,timothy12@adventure-works.com,79CDDC32-4359-423F-B44C-B67CA9A84F62,2013-10-23 00:00:00.000
14842,14037,lance2@adventure-works.com,528160E1-E44E-4BDE-B1FB-4B26ED7C335F,2014-06-16 00:00:00.000
14843,14038,patrick16@adventure-works.com,1404D1FA-B895-4A93-A747-A67B1F18A1ED,2013-11-23 00:00:00.000
14844,14039,lance3@adventure-works.com,629FABE7-B537-466F-BE0A-BB1A43302015,2013-11-21 00:00:00.000
14845,14040,brian23@adventure-works.com,323F17E8-9563-4406-B4B7-84F72F7F84BC,2012-12-31 00:00:00.000
14846,14041,paula3@adventure-works.com,D19E025F-E9BA-4802-AE36-064608016289,2014-01-19 00:00:00.000
14847,14042,lance4@adventure-works.com,77009A4C-CD4A-4196-9F5A-ABEA271AEB81,2013-08-18 00:00:00.000
14848,14043,bryce10@adventure-works.com,8C4DA37F-C72D-45D5-A125-8595A78A22C9,2014-03-21 00:00:00.000
14849,14044,lance5@adventure-works.com,BBEFF7C1-1785-4DEE-812E-515774F82191,2011-11-15 00:00:00.000
14850,14045,lance6@adventure-works.com,1235AF00-923F-409F-9072-49A823853E09,2014-02-07 00:00:00.000
14851,14046,nathaniel12@adventure-works.com,5136B779-3CD3-4AA2-9C7B-FBBEFE249CD0,2012-12-15 00:00:00.000
14852,14047,lance7@adventure-works.com,E32366B6-6BD4-4804-9883-B75E0CCAA7AE,2013-09-26 00:00:00.000
14853,14048,chase11@adventure-works.com,DBEF5203-BDCE-47C6-8432-1252C4FAA32C,2014-04-17 00:00:00.000
14854,14049,lance8@adventure-works.com,ED1F855B-AD1A-4254-97EB-755C02B79186,2014-02-04 00:00:00.000
14855,14050,juan21@adventure-works.com,D280ACDE-7B61-43F7-889C-877B3ED5B200,2013-10-10 00:00:00.000
14856,14051,lance9@adventure-works.com,812FA169-FAA4-4930-8C27-81519C2533B4,2013-11-12 00:00:00.000
14857,14052,lance10@adventure-works.com,C15C0597-501A-4D75-B478-5132B007DC95,2012-09-10 00:00:00.000
14858,14053,sebastian12@adventure-works.com,D60562A2-AFC3-45C5-918A-F41A7C96E1A2,2014-06-01 00:00:00.000
14859,14054,lance11@adventure-works.com,77B0A103-DB73-475F-9B37-8C73DD98F625,2014-01-19 00:00:00.000
14860,14055,lance12@adventure-works.com,DC085B36-5BE0-4E80-9D79-2E7ABA42736F,2013-08-21 00:00:00.000
14861,14056,jared13@adventure-works.com,73B537EC-06B0-4471-BA61-826B71976460,2013-09-15 00:00:00.000
14862,14057,lance13@adventure-works.com,B384A93D-0E24-4D9E-84E0-3F395A439379,2012-02-20 00:00:00.000
14863,14058,bryan12@adventure-works.com,208D355B-65A7-4483-BCB1-1014603481DA,2013-08-17 00:00:00.000
14864,14059,lance14@adventure-works.com,230F569A-7045-4F69-BB55-3C6A5B8F6415,2014-03-17 00:00:00.000
14865,14060,garrett16@adventure-works.com,ED79D60D-3D77-454E-B52A-384098B70CB7,2014-05-02 00:00:00.000
14866,14061,lance15@adventure-works.com,A954A5D9-5A2D-4E10-865A-39D6EBF3641C,2013-05-04 00:00:00.000
14867,14062,steven21@adventure-works.com,17C31A3B-4809-4A30-958D-DD04D5C5D9C3,2013-09-10 00:00:00.000
14868,14063,adrian13@adventure-works.com,B55F3D6F-EDD8-4E98-BA95-4D474ADFE3BC,2014-03-26 00:00:00.000
14869,14064,cody12@adventure-works.com,817F4DED-AB91-4642-AF6B-B5FFDF86D7C4,2014-06-24 00:00:00.000
14870,14065,lance16@adventure-works.com,A82C01DC-A739-4081-B924-23F3590B9878,2014-01-07 00:00:00.000
14871,14066,lance17@adventure-works.com,5EBC4C64-CC4A-4D63-8485-FAD234CD6D24,2013-08-15 00:00:00.000
14872,14067,lance18@adventure-works.com,00253E48-2FDC-4B64-9CF0-A82CA8E4809C,2013-12-25 00:00:00.000
14873,14068,charles60@adventure-works.com,822F7F07-A7A3-4932-9E69-A31125D7B42A,2012-07-04 00:00:00.000
14874,14069,lance19@adventure-works.com,7E9FE27C-5151-403E-AD0B-A5A04B2CBC29,2013-08-25 00:00:00.000
14875,14070,devin79@adventure-works.com,4BE8D98B-7D4B-4C92-BD8F-578C19DD2CAF,2014-03-31 00:00:00.000
14876,14071,lance20@adventure-works.com,C7498B1E-7F30-498B-A4C2-C6904EE9CE30,2012-10-22 00:00:00.000
14877,14072,richard93@adventure-works.com,1E42C259-45D6-45D7-AA2F-36FE604FE74C,2012-11-15 00:00:00.000
14878,14073,marcus87@adventure-works.com,26577F54-128C-44D7-BE56-4C8301A33ECA,2013-11-11 00:00:00.000
14879,14074,ian78@adventure-works.com,93887B47-C859-4A71-9453-1E16A256C026,2014-05-17 00:00:00.000
14880,14075,lance21@adventure-works.com,98385FD3-3BB1-487B-B9F3-40A98A596A9D,2013-03-02 00:00:00.000
14881,14076,lucas83@adventure-works.com,8D6AB7DD-8A2E-40F3-ADD9-C9390F2145E4,2012-11-18 00:00:00.000
14882,14077,seth82@adventure-works.com,ED6B0814-BACA-49A2-AC1A-9242AF54B27D,2011-10-04 00:00:00.000
14883,14078,lance22@adventure-works.com,F168646C-0AF3-41C9-B557-BAA6803E12D8,2012-06-04 00:00:00.000
14884,14079,xavier78@adventure-works.com,AE818F7E-D067-4F5D-8D84-5BD26B4BDA8C,2014-05-08 00:00:00.000
14885,14080,paula4@adventure-works.com,AC6371D5-1A22-4411-B630-BE2413005AE7,2013-02-12 00:00:00.000
14886,14081,albert3@adventure-works.com,917B357E-83C9-4710-9965-949A14907BE2,2013-10-13 00:00:00.000
14887,14082,dalton82@adventure-works.com,AC082799-955B-4382-B298-614103BE2FCB,2014-01-31 00:00:00.000
14888,14083,jeremiah43@adventure-works.com,085DEC05-CA2A-4071-B933-CE1946DD0974,2011-10-15 00:00:00.000
14889,14084,carlos14@adventure-works.com,0B2A4572-93F9-4141-BA96-F820C08C14CB,2014-04-21 00:00:00.000
14890,14085,angel12@adventure-works.com,F0BF4F1A-DDDC-446B-B932-01435BCC56AB,2014-02-21 00:00:00.000
14891,14086,albert4@adventure-works.com,54C2B1C0-2D33-4776-8E41-C15252F2420E,2011-10-31 00:00:00.000
14892,14087,albert5@adventure-works.com,21329B89-9744-47D4-B62F-97E50ED290DE,2013-11-16 00:00:00.000
14893,14088,isaiah11@adventure-works.com,DC782DA8-BF1D-43CB-AA06-7477E8971B66,2013-08-19 00:00:00.000
14894,14089,alex16@adventure-works.com,89EAC5BB-D9B0-450C-9351-8B7C96223EC7,2013-12-19 00:00:00.000
14895,14090,albert6@adventure-works.com,DE094D41-A0A8-4295-BE1C-019421DC815B,2013-06-03 00:00:00.000
14896,14091,evan13@adventure-works.com,2F234186-D2A5-4FCD-A0D6-15BC2810DA0B,2012-12-31 00:00:00.000
14897,14092,albert7@adventure-works.com,B38DFCFB-3624-4607-9D75-A1BA810125B5,2011-06-01 00:00:00.000
14898,14093,albert8@adventure-works.com,F6C56BD8-1AE7-4809-8653-B9D15974D658,2014-04-15 00:00:00.000
14899,14094,mason12@adventure-works.com,24D8557D-FA6B-401C-BA75-9D8393D050EF,2014-04-24 00:00:00.000
14900,14095,albert9@adventure-works.com,AFEAD59F-AD45-45F7-B0DD-34B3BDF12AFC,2012-11-08 00:00:00.000
14901,14096,isaac12@adventure-works.com,B1401349-B8AC-4975-839E-59AAA4EB5BBD,2014-04-07 00:00:00.000
14902,14097,jesse12@adventure-works.com,BA1766F2-B0BF-4A6E-87D2-6CDA28094762,2013-11-29 00:00:00.000
14903,14098,sean20@adventure-works.com,0B182344-F85E-4984-B7BE-8E763063CF14,2013-10-01 00:00:00.000
14904,14099,timothy13@adventure-works.com,AAED988E-496E-44BA-ACFB-8ABD5C7E3F6F,2013-08-29 00:00:00.000
14905,14100,albert10@adventure-works.com,07D21BB9-79DE-467B-8199-895665FE69DD,2014-03-03 00:00:00.000
14906,14101,patrick17@adventure-works.com,E9C6BAEC-51CD-481F-9732-7C439C41AE98,2013-08-05 00:00:00.000
14907,14102,bruce43@adventure-works.com,B33F19DC-9FF0-42EF-8B70-B3C8426C391F,2011-08-17 00:00:00.000
14908,14103,bryce11@adventure-works.com,3443B1F9-A9BA-4658-BC0F-FE99688BE1B6,2014-05-14 00:00:00.000
14909,14104,paula5@adventure-works.com,8369E475-9826-4950-B292-FCFA7FF3963E,2013-11-27 00:00:00.000
14910,14105,albert11@adventure-works.com,D871F39B-388C-483F-ABFF-DA3EBB99D638,2014-04-07 00:00:00.000
14911,14106,albert12@adventure-works.com,7C27D030-D243-465D-8E43-E9DC9679D176,2012-07-01 00:00:00.000
14912,14107,nathaniel13@adventure-works.com,D1A6ABB6-66A7-43FA-BB4D-3922B3554DD6,2013-12-11 00:00:00.000
14913,14108,chase12@adventure-works.com,F1F37CB7-0C23-495A-9CAE-6B0AAFC2329F,2013-07-05 00:00:00.000
14914,14109,juan22@adventure-works.com,C4DE4D13-1E6C-4D7F-973F-4D49C7A90CC0,2013-03-03 00:00:00.000
14915,14110,richard94@adventure-works.com,32C5BB8F-D5E5-41B5-BF6E-7200BFFF3519,2013-10-03 00:00:00.000
14916,14111,albert13@adventure-works.com,70D69F5A-B36F-403F-9409-34F19A6EC817,2014-01-17 00:00:00.000
14917,14112,marcus88@adventure-works.com,B95DF67F-28A2-495A-A5CC-792BB44DB120,2011-09-07 00:00:00.000
14918,14113,ian79@adventure-works.com,BEB5DAAB-F617-48DB-ACF1-8F8618AC0D6D,2013-05-07 00:00:00.000
14919,14114,albert14@adventure-works.com,4963DFA9-E46C-4C33-8DC9-37137165D63E,2014-01-16 00:00:00.000
14920,14115,albert15@adventure-works.com,84447D25-58D2-4D24-9E75-680E9EC4ACBB,2011-06-06 00:00:00.000
14921,14116,albert16@adventure-works.com,3958B4CE-14E2-4B92-97A8-839D777414A4,2013-09-13 00:00:00.000
14922,14117,lucas84@adventure-works.com,CE89E6CE-FC72-4897-A242-430E31A8F171,2014-05-20 00:00:00.000
14923,14118,seth83@adventure-works.com,F4477DB4-8175-49C1-AACA-F3517A8132EB,2014-04-01 00:00:00.000
14924,14119,albert17@adventure-works.com,B81FDFF1-B9CC-409D-AB99-9C3AB937377F,2013-11-29 00:00:00.000
14925,14120,xavier79@adventure-works.com,DB61CF26-85C6-449C-94D5-854DD408A58C,2013-11-04 00:00:00.000
14926,14121,dalton83@adventure-works.com,6761BB9E-719E-4F7F-8A9C-E0873FEC21D3,2014-05-14 00:00:00.000
14927,14122,jeremy41@adventure-works.com,A986B2C2-C07E-496D-ADFB-2255EF79BDB3,2014-06-29 00:00:00.000
14928,14123,paula6@adventure-works.com,12F8D685-D3E9-4852-A9F0-5288826F5F78,2014-04-27 00:00:00.000
14929,14124,albert18@adventure-works.com,1CD08A56-D2E6-4D4F-A52F-D60225AB8384,2014-06-30 00:00:00.000
14930,14125,albert19@adventure-works.com,F3EBE662-31F3-4BE7-B33E-875D5426EC66,2013-10-06 00:00:00.000
14931,14126,albert20@adventure-works.com,D2A95345-E821-423F-BC5D-45831E541B3A,2013-11-26 00:00:00.000
14932,14127,carlos15@adventure-works.com,5FD8738B-5DED-46D8-9FE2-C92414EF5857,2012-01-20 00:00:00.000
14933,14128,albert21@adventure-works.com,843978F9-C160-4E45-819E-A56B1F8CA909,2014-05-05 00:00:00.000
14934,14129,albert22@adventure-works.com,B15D03A8-8B8A-44F1-ABF5-3FDE64A260C0,2013-12-19 00:00:00.000
14935,14130,angel13@adventure-works.com,ED4DD6C6-0D86-458B-B199-C99BF14E62BD,2014-04-12 00:00:00.000
14936,14131,isaiah12@adventure-works.com,2FB8C8E8-9EEF-43CD-A74B-FB5D69B35491,2013-10-02 00:00:00.000
14937,14132,randall1@adventure-works.com,755317CD-8C21-46AA-9036-B49D0931BA3E,2012-01-07 00:00:00.000
14938,14133,alex17@adventure-works.com,6D1B8B25-B98B-454E-B6BB-01D9ACB75DFE,2013-09-10 00:00:00.000
14939,14134,evan14@adventure-works.com,23E1B5B7-3747-4957-924F-81A454DC8B30,2013-08-18 00:00:00.000
14940,14135,randall2@adventure-works.com,5212C234-FC50-400A-B256-DBE5630B5FFB,2012-01-07 00:00:00.000
14941,14136,isaac13@adventure-works.com,EF5A8363-8CA5-461F-ABBA-A10837C97125,2014-02-01 00:00:00.000
14942,14137,jesse13@adventure-works.com,EF3ED9FF-0F40-4423-8F5C-798268E1EAB6,2013-11-07 00:00:00.000
14943,14138,randall3@adventure-works.com,AB38AD5D-D9AB-49E5-9ECA-BBEC3B5B5715,2013-11-05 00:00:00.000
14944,14139,sean21@adventure-works.com,928FD54E-D3A4-4143-BF7D-F6F870DC2788,2013-08-01 00:00:00.000
14945,14140,randall4@adventure-works.com,040B24BF-8F96-4D22-BA76-6F1109CC8E2F,2014-05-29 00:00:00.000
14946,14141,timothy14@adventure-works.com,D8F695BA-DB5E-4596-B642-AA48CE93573D,2013-07-19 00:00:00.000
14947,14142,randall5@adventure-works.com,C87DF572-4012-4E6E-ADD4-6603BCBABC01,2013-08-21 00:00:00.000
14948,14143,patrick18@adventure-works.com,D8CFF1B2-0D44-45B1-AC0E-669AF1F6C4F8,2014-01-03 00:00:00.000
14949,14144,brian24@adventure-works.com,680C13D9-FF46-4694-81F6-E4BBB132AED6,2013-08-17 00:00:00.000
14950,14145,bryce12@adventure-works.com,5C8B6FED-D119-42B4-92E1-D6346AF4D945,2013-08-24 00:00:00.000
14951,14146,nathaniel14@adventure-works.com,33E6E4FC-C9BA-4F57-A865-340F52F63F97,2013-07-31 00:00:00.000
14952,14147,paula7@adventure-works.com,711E552E-E59F-4D4C-8A10-19F5700B5A0C,2014-03-09 00:00:00.000
14953,14148,randall6@adventure-works.com,645365CA-310C-4A1C-A167-9F9F8925A4B8,2013-02-22 00:00:00.000
14954,14149,chase13@adventure-works.com,AB444BA1-3797-4D0A-8B58-ADBD67B65E4E,2014-03-01 00:00:00.000
14955,14150,juan23@adventure-works.com,D496D8D3-9801-4161-8006-D63683F1681B,2013-11-14 00:00:00.000
14956,14151,sebastian13@adventure-works.com,D40982A5-7CE7-4F7E-9033-B9AB13A27FD9,2014-06-16 00:00:00.000
14957,14152,cole13@adventure-works.com,33D81455-300F-488D-869E-C52E1F0243F4,2014-03-17 00:00:00.000
14958,14153,jared14@adventure-works.com,61FDF4A7-A83A-4F4F-9315-07A0CD7CE7D0,2014-01-11 00:00:00.000
14959,14154,randall7@adventure-works.com,81E1351B-FC01-43CA-8EB7-E9B2A5DB3C1F,2014-02-07 00:00:00.000
14960,14155,bryan13@adventure-works.com,2D07F99A-8871-442D-8BDB-787A0EBBA15C,2014-05-19 00:00:00.000
14961,14156,garrett17@adventure-works.com,0910C59E-F89D-4616-BC48-DF83E4F77ED3,2014-04-07 00:00:00.000
14962,14157,randall8@adventure-works.com,242C21A9-8B32-481A-8882-66DAF312AEA2,2012-12-21 00:00:00.000
14963,14158,steven22@adventure-works.com,1875F0FA-C69F-4E85-9413-E0E2473614A5,2013-08-21 00:00:00.000
14964,14159,randall9@adventure-works.com,9D48761A-B9C3-4955-83F0-17D5D85A0A2D,2013-09-20 00:00:00.000
14965,14160,adrian14@adventure-works.com,777B81E3-F63D-4C06-AE8B-E53B0F31C15D,2013-12-08 00:00:00.000
14966,14161,cody13@adventure-works.com,92B78075-49DC-4FCB-B4D7-769D92F13D17,2013-08-05 00:00:00.000
14967,14162,randall10@adventure-works.com,0D009067-5F27-4205-8336-407F58E3ED6D,2013-02-08 00:00:00.000
14968,14163,charles61@adventure-works.com,B366D998-88E0-4D4B-B012-0F0BE49BBED6,2013-08-29 00:00:00.000
14969,14164,devin80@adventure-works.com,DB9494A6-19A5-4EE2-B373-ED6A085EC31E,2014-05-17 00:00:00.000
14970,14165,randall11@adventure-works.com,A1146317-6A05-4191-B199-3C3CED892445,2013-04-28 00:00:00.000
14971,14166,randall12@adventure-works.com,65389758-54CD-4A05-BE0B-76F18C6C8F31,2014-05-20 00:00:00.000
14972,14167,eduardo80@adventure-works.com,D310C3F4-2C66-4F32-9387-B423A388DBFF,2014-01-01 00:00:00.000
14973,14168,randall13@adventure-works.com,E2832A95-C40B-43EB-BCCD-AB484D6632C0,2013-07-20 00:00:00.000
14974,14169,randall14@adventure-works.com,29E940E5-6F13-4CD7-9328-C74083569968,2011-07-24 00:00:00.000
14975,14170,paula8@adventure-works.com,F7BBB6EC-970C-4735-B750-C6A0C12C445E,2014-01-14 00:00:00.000
14976,14171,randall15@adventure-works.com,5A73CF19-25F3-4EBC-93B4-88D5EB280CC4,2013-09-11 00:00:00.000
14977,14172,randall16@adventure-works.com,18239974-32EB-435E-A6FC-52759986A697,2013-09-26 00:00:00.000
14978,14173,marcus89@adventure-works.com,E92D3029-061B-4C7C-ADEE-78295811BB2A,2014-01-18 00:00:00.000
14979,14174,randall17@adventure-works.com,E16E5603-4A43-424E-9D6A-64AB93E94B98,2012-09-18 00:00:00.000
14980,14175,randall18@adventure-works.com,8959CB18-98ED-49E5-BBD0-AE30E92C30DF,2014-04-26 00:00:00.000
14981,14176,ian80@adventure-works.com,F307A020-44A2-4063-A180-E52993CD0A25,2013-05-31 00:00:00.000
14982,14177,randall19@adventure-works.com,76419083-C9F9-4768-89AB-6712F28D9BDD,2012-08-07 00:00:00.000
14983,14178,randall20@adventure-works.com,49E09FD8-C116-4686-98A9-2E48FE87AFD1,2011-11-13 00:00:00.000
14984,14179,randall21@adventure-works.com,502FD733-345E-4DDD-9D25-1B0B694C649F,2013-09-11 00:00:00.000
14985,14180,randall22@adventure-works.com,C6F4CE4E-617A-410C-83D2-270AC4EB1DBD,2013-10-26 00:00:00.000
14986,14181,seth84@adventure-works.com,3725C6A1-91BF-4F39-A4B8-359F7000E5EC,2013-10-24 00:00:00.000
14987,14182,randall23@adventure-works.com,F23FCA1D-A7A0-4989-9945-B9048B115247,2011-08-27 00:00:00.000
14988,14183,xavier80@adventure-works.com,B974FEEA-0159-45DC-82C8-68BF78EEAFC2,2013-08-21 00:00:00.000
14989,14184,randall24@adventure-works.com,BF5B23CE-5EDC-4F0B-8F88-262A930A2254,2013-01-23 00:00:00.000
14990,14185,dalton84@adventure-works.com,E2A9C147-D9B6-46E3-A264-8B78244817E1,2013-11-23 00:00:00.000
14991,14186,carlos16@adventure-works.com,7FE681E3-55A8-46A4-AC85-0AE0CEB421B3,2014-01-19 00:00:00.000
14992,14187,paula9@adventure-works.com,75C40901-68D2-4B51-98BA-3A2F3C19C01E,2013-05-13 00:00:00.000
14993,14188,renee0@adventure-works.com,5C568BF9-0C8F-4D0E-9FC7-A33C968E6A0A,2011-09-25 00:00:00.000
14994,14189,renee1@adventure-works.com,3DF23024-6F9B-4C0E-9469-3E9D16761D5C,2012-07-16 00:00:00.000
14995,14190,renee2@adventure-works.com,6726AD40-D347-44C6-992F-8850CE4F77D5,2012-10-17 00:00:00.000
14996,14191,isaiah13@adventure-works.com,4DABFC7C-C63E-4BDE-A1E3-066D4B8A3E7E,2013-10-26 00:00:00.000
14997,14192,alex18@adventure-works.com,492C6957-DCB3-4802-A606-F5E88527D5AD,2013-08-17 00:00:00.000
14998,14193,evan15@adventure-works.com,4C124B53-B826-48A0-9339-6E9685901359,2013-11-24 00:00:00.000
14999,14194,renee3@adventure-works.com,4A7125AA-0A3A-47FE-A08C-8DBF8B511724,2013-01-21 00:00:00.000
15000,14195,renée4@adventure-works.com,9D6458DF-AF94-4870-A743-C744A5E4A315,2014-04-09 00:00:00.000
15001,14196,renee5@adventure-works.com,8A1F0D18-5007-4E7D-BA0D-B233ED54F0EC,2011-11-13 00:00:00.000
15002,14197,mason13@adventure-works.com,4A72B208-7ED2-4DB7-B494-5745D5FE751B,2014-05-14 00:00:00.000
15003,14198,renee6@adventure-works.com,EEDB3CC3-E655-4F96-A141-326BC461C859,2014-02-25 00:00:00.000
15004,14199,renee7@adventure-works.com,2493B555-B095-4FBF-99B7-53FA73147971,2013-03-16 00:00:00.000
15005,14200,mark8@adventure-works.com,0D3947FA-D368-44C1-AA1D-53B6F3BBBB06,2012-03-09 00:00:00.000
15006,14201,paula10@adventure-works.com,B93E66B7-AABD-4C0D-AC09-7E11259A9C2C,2013-09-01 00:00:00.000
15007,14202,renee8@adventure-works.com,2C57DF3B-0352-499C-9BEA-4D428EAD3E5D,2011-07-07 00:00:00.000
15008,14203,jesse14@adventure-works.com,237694D7-A0D4-4578-8B4A-598A2E6988A4,2013-12-02 00:00:00.000
15009,14204,renee9@adventure-works.com,9EA2C921-0731-42FF-83E4-52D19DAC5E55,2013-05-19 00:00:00.000
15010,14205,timothy15@adventure-works.com,9288DD93-6BF2-4715-A9B4-3A80F487D1C8,2013-07-13 00:00:00.000
15011,14206,patrick19@adventure-works.com,1A6EEAFD-E019-4E54-AD09-C1B5D8723229,2014-06-24 00:00:00.000
15012,14207,renee10@adventure-works.com,41196224-7EA2-4808-95D2-C652E6A8200C,2013-02-09 00:00:00.000
15013,14208,brian25@adventure-works.com,CFBD9EFC-2FF4-4B91-8F79-D67F7402A384,2014-02-03 00:00:00.000
15014,14209,renee11@adventure-works.com,8057F286-EDE3-45EB-9BBC-9056BD12EF04,2013-04-01 00:00:00.000
15015,14210,bryce13@adventure-works.com,069504B0-36D2-4D06-B25D-978533B0792A,2014-04-12 00:00:00.000
15016,14211,nathaniel15@adventure-works.com,2252A147-B7FC-4B5B-96EF-99E00653E097,2013-11-28 00:00:00.000
15017,14212,renee12@adventure-works.com,F06BE283-65CF-42B3-9A48-B4D7F9930A5D,2011-09-28 00:00:00.000
15018,14213,chase14@adventure-works.com,B88EE67B-D2CB-49F8-A428-460CFDF043CB,2014-05-07 00:00:00.000
15019,14214,renee13@adventure-works.com,C7570380-F54A-4C21-A60C-462A08ECEB56,2014-01-16 00:00:00.000
15020,14215,juan24@adventure-works.com,09EF79A2-DFD4-4633-A533-79707D8E57B8,2014-02-08 00:00:00.000
15021,14216,sebastian14@adventure-works.com,8067B8B3-F018-4578-ADE6-B2401FE8AEC3,2013-12-24 00:00:00.000
15022,14217,renee14@adventure-works.com,9B1A04E4-D970-4151-94B5-4D7D48F64A29,2014-05-19 00:00:00.000
15023,14218,renee15@adventure-works.com,799F75AA-49F6-4379-9266-E007C3D047C5,2013-05-22 00:00:00.000
15024,14219,paula11@adventure-works.com,111C71D4-A048-47B4-AEAD-9958B5A4C097,2014-04-17 00:00:00.000
15025,14220,renee16@adventure-works.com,55A25D49-0E7D-4EE7-B357-82A0C7B09D22,2013-07-02 00:00:00.000
15026,14221,cole14@adventure-works.com,361508AE-766B-4960-AB7D-CDF0671720F3,2014-04-19 00:00:00.000
15027,14222,jared15@adventure-works.com,E281AE73-9D0D-4315-BD05-12118FCAA69D,2014-01-25 00:00:00.000
15028,14223,bryan14@adventure-works.com,4AB6109E-3BD2-4A92-A1EE-171FCC83BE98,2013-03-07 00:00:00.000
15029,14224,renee17@adventure-works.com,6D1F0CC7-81D5-4750-9817-0E08A0A25673,2012-09-04 00:00:00.000
15030,14225,garrett18@adventure-works.com,815DCFC6-78D9-4C81-BB97-D58D4289391D,2013-12-02 00:00:00.000
15031,14226,steven23@adventure-works.com,BF80F4B4-77ED-4C41-A577-CBB70678A15F,2013-01-05 00:00:00.000
15032,14227,adrian15@adventure-works.com,761F602D-7825-4E12-BF69-F1D342A4947A,2013-12-19 00:00:00.000
15033,14228,renee18@adventure-works.com,6A5F6307-19E8-4AA6-A491-96A7B7F65E9A,2013-12-01 00:00:00.000
15034,14229,cody14@adventure-works.com,022F4964-5674-4F60-B54F-EE21E7D8388B,2013-07-07 00:00:00.000
15035,14230,charles62@adventure-works.com,929C572C-284C-40BB-9B69-CEF4DD7156E0,2013-08-26 00:00:00.000
15036,14231,renee19@adventure-works.com,5B27F74B-7337-4DBC-8FB4-E6AF2246A949,2014-03-31 00:00:00.000
15037,14232,renee20@adventure-works.com,F5BF9373-55E6-4192-8594-8548F0BC8FB7,2013-10-17 00:00:00.000
15038,14233,devin81@adventure-works.com,96FE0B53-8765-4F19-9C9B-D735CDE00059,2013-10-26 00:00:00.000
15039,14234,gina1@adventure-works.com,DEDBCC40-3BEC-489C-8766-7D1EC64CFD0A,2013-07-18 00:00:00.000
15040,14235,eduardo81@adventure-works.com,D8EF81DC-5CAB-4A72-96E0-B22DEE5A1AEE,2012-10-26 00:00:00.000
15041,14236,gina2@adventure-works.com,79C0A636-0CA9-497E-9B0D-0154627156A8,2013-08-26 00:00:00.000
15042,14237,richard95@adventure-works.com,838B7DCB-52EF-4F80-A6FF-BBD9EA864565,2014-02-17 00:00:00.000
15043,14238,gina3@adventure-works.com,A99407BE-6250-412F-BF00-01FD5C5A9F40,2013-11-25 00:00:00.000
15044,14239,gina4@adventure-works.com,0485073C-07DE-4690-896F-ED978ACD0954,2012-12-31 00:00:00.000
15045,14240,marcus90@adventure-works.com,E7393AF9-F49E-4298-A3E7-3B36E1134B82,2013-04-29 00:00:00.000
15046,14241,ian81@adventure-works.com,CEFEE053-89A5-47F7-A911-72BE63C2B8AB,2013-09-11 00:00:00.000
15047,14242,paula12@adventure-works.com,CCF853D6-430F-4BD5-8B5F-48C90D5B0A14,2011-07-31 00:00:00.000
15048,14243,gina5@adventure-works.com,F92E8BE7-4C19-4E53-922D-40CFEB6A1FD1,2014-03-12 00:00:00.000
15049,14244,gina6@adventure-works.com,CA2173F3-5315-4E11-93F5-8BF23D60BCEE,2014-03-05 00:00:00.000
15050,14245,lucas85@adventure-works.com,9290292C-6F30-4587-BFE9-973C1BC8755D,2012-01-14 00:00:00.000
15051,14246,gina7@adventure-works.com,65CFEDC9-3309-4055-A5EC-2CEB78618B22,2013-08-02 00:00:00.000
15052,14247,gina8@adventure-works.com,9D71E3DA-9460-4506-80AF-D34564C736A8,2013-10-01 00:00:00.000
15053,14248,gina9@adventure-works.com,8E9290D7-481E-4D36-B59F-06DAF361CA86,2013-01-29 00:00:00.000
15054,14249,seth85@adventure-works.com,6B7006FC-BE6C-46BB-B35D-2E4EBCC4189E,2014-04-09 00:00:00.000
15055,14250,gina10@adventure-works.com,52EE9532-B31C-407B-88D1-A769B00F0622,2014-02-21 00:00:00.000
15056,14251,xavier81@adventure-works.com,6288119F-0DE4-4ABD-81BD-2DF63720152B,2014-02-20 00:00:00.000
15057,14252,gina11@adventure-works.com,B9F971BC-C908-486A-A164-CB5488C4A378,2013-03-26 00:00:00.000
15058,14253,gina12@adventure-works.com,349B2452-DA70-4BFF-A738-156D0B2A605B,2011-09-02 00:00:00.000
15059,14254,dalton85@adventure-works.com,391C18D0-03C6-4E93-BBB6-F93228811B8A,2013-10-28 00:00:00.000
15060,14255,gina13@adventure-works.com,A8ED548C-E7CA-43CD-85E0-86A76113CDCC,2012-03-03 00:00:00.000
15061,14256,paula13@adventure-works.com,117BB246-6F4F-42B6-9824-BB514CDD9C6A,2012-11-28 00:00:00.000
15062,14257,gina14@adventure-works.com,EF1B4D7C-A931-48B9-9537-1DF08AFAAEC8,2013-03-01 00:00:00.000
15063,14258,gina15@adventure-works.com,74E3CA77-B325-45C9-AE85-71A77FD70989,2013-11-13 00:00:00.000
15064,14259,jeremy42@adventure-works.com,7941FA53-749F-4CB0-A548-867B9074C82D,2014-02-16 00:00:00.000
15065,14260,gina16@adventure-works.com,0FCCCC9B-382F-4023-BD98-5C9DFCBD00BB,2013-07-25 00:00:00.000
15066,14261,carlos17@adventure-works.com,5DEB819B-AB45-4DF5-B324-C985FF10AF75,2013-07-13 00:00:00.000
15067,14262,angel14@adventure-works.com,5A5A022E-F6AB-49EE-BFC8-B46CF3443F25,2013-10-15 00:00:00.000
15068,14263,gina17@adventure-works.com,66DE6D3B-3E64-4071-A5FF-4B00C44C9871,2013-12-18 00:00:00.000
15069,14264,isaiah14@adventure-works.com,DA42412E-98FB-4124-B779-310242359704,2011-10-02 00:00:00.000
15070,14265,gina18@adventure-works.com,5177D543-7E43-4FA0-9005-1F528EA6D554,2014-05-09 00:00:00.000
15071,14266,alex19@adventure-works.com,930EB436-A3E5-411D-A3E6-2DCFE72CDFBD,2014-05-29 00:00:00.000
15072,14267,gina19@adventure-works.com,BF83E04B-A997-48BA-B489-F11BF9EDF2FC,2014-05-28 00:00:00.000
15073,14268,evan16@adventure-works.com,772333C8-6FAB-4AB3-9508-94CD4B7D54D6,2014-06-23 00:00:00.000
15074,14269,gina20@adventure-works.com,12386D45-99E6-4A64-8598-DBC5D562BD19,2012-07-04 00:00:00.000
15075,14270,mason14@adventure-works.com,9009856F-E71D-4943-A89E-96A3C4CC3639,2011-12-11 00:00:00.000
15076,14271,paula14@adventure-works.com,F6D3D706-BF0F-45E7-828E-BEABD19FA083,2011-12-30 00:00:00.000
15077,14272,jill8@adventure-works.com,D1531BAD-2261-408D-B053-C746E0D1FDF8,2013-10-10 00:00:00.000
15078,14273,isaac14@adventure-works.com,E4168BBA-54AC-4C70-B39F-2490B1F0021F,2014-02-09 00:00:00.000
15079,14274,jill9@adventure-works.com,28609730-3445-437F-8686-C51BAB38E9F0,2013-09-04 00:00:00.000
15080,14275,jesse15@adventure-works.com,4AA9B2A9-A37E-4589-AEAA-436CCCC08582,2013-09-03 00:00:00.000
15081,14276,jill10@adventure-works.com,0FE56D2A-476B-4182-ADEB-9853BEB526E9,2012-11-12 00:00:00.000
15082,14277,jill11@adventure-works.com,6E500567-ED0D-4D72-8D21-49BC8EBC4D61,2013-08-11 00:00:00.000
15083,14278,sean22@adventure-works.com,F6301AA7-A614-4351-8383-51F37058E8C0,2013-05-02 00:00:00.000
15084,14279,timothy16@adventure-works.com,EC550270-A9E9-4816-9D60-08F38F5C7B01,2014-02-23 00:00:00.000
15085,14280,jill12@adventure-works.com,16FC30BA-0ADB-4BC3-8E56-C47D67388983,2013-01-17 00:00:00.000
15086,14281,patrick20@adventure-works.com,99CA437C-6BA8-4E9C-A1AF-9A6906F822A5,2012-12-24 00:00:00.000
15087,14282,brian26@adventure-works.com,859ABAF9-F528-4993-8A7F-E23B81416AA0,2013-10-03 00:00:00.000
15088,14283,jill13@adventure-works.com,B7684F71-B3EE-4B7C-8360-1EE00A043A14,2011-06-28 00:00:00.000
15089,14284,bryce14@adventure-works.com,FA4F64A2-6F9A-473E-B713-20CF389785AD,2013-11-26 00:00:00.000
15090,14285,jill14@adventure-works.com,270E4AC3-E3FA-4CFC-87E7-90FD7892437A,2012-04-30 00:00:00.000
15091,14286,jill15@adventure-works.com,5FC8B4DA-5984-46B9-8216-C5F8664C1544,2013-07-02 00:00:00.000
15092,14287,nathaniel16@adventure-works.com,B24A41B5-20ED-4285-9D6B-749EE6641127,2013-02-05 00:00:00.000
15093,14288,jill16@adventure-works.com,5856A7EE-F367-43F2-8C44-1EE6AC15A489,2013-09-15 00:00:00.000
15094,14289,chase15@adventure-works.com,AFD8FF10-A257-463A-B8E6-83D41B7D0236,2013-10-19 00:00:00.000
15095,14290,jill17@adventure-works.com,7B09794D-6C4A-4A2D-980C-4014B6968F03,2013-12-07 00:00:00.000
15096,14291,jill18@adventure-works.com,11BE3FE5-2DEE-45C3-AB53-E52B5F2894F9,2012-07-10 00:00:00.000
15097,14292,jill19@adventure-works.com,746D552D-074A-43FB-998E-04E9AB9419C1,2014-01-22 00:00:00.000
15098,14293,juan25@adventure-works.com,EC94FBC2-E727-4E29-892A-3157563DBDAA,2012-05-22 00:00:00.000
15099,14294,sebastian15@adventure-works.com,DD63C3F2-18A6-4719-A564-0A8D44B35BA4,2013-12-11 00:00:00.000
15100,14295,jill20@adventure-works.com,B0A8C16D-CF91-4CC9-901B-EAB09E75CF27,2013-09-22 00:00:00.000
15101,14296,cole15@adventure-works.com,AA7550AA-EBDA-435D-828A-78E20F8544C9,2013-07-02 00:00:00.000
15102,14297,jill21@adventure-works.com,C56BFFC9-FB75-49DE-8326-CA7FA3E6A05A,2013-11-05 00:00:00.000
15103,14298,jill22@adventure-works.com,B4ECA42C-B313-4D20-AC67-FBEE91C3CC5A,2012-07-03 00:00:00.000
15104,14299,jared16@adventure-works.com,A28633FC-3C89-4949-95BB-0173CED122A6,2012-01-12 00:00:00.000
15105,14300,jill23@adventure-works.com,871E2DFE-5492-4F77-ADE7-4359A060A7D4,2013-10-15 00:00:00.000
15106,14301,bryan15@adventure-works.com,B977AC69-B682-4232-8915-3A9C7F8E0B9A,2013-08-24 00:00:00.000
15107,14302,garrett19@adventure-works.com,B3C18F32-239A-43E9-862E-012BA6B1FC88,2011-11-17 00:00:00.000
15108,14303,jill24@adventure-works.com,ADC4982E-C196-4C4E-A6BB-E39658B8C4F9,2013-11-10 00:00:00.000
15109,14304,jill25@adventure-works.com,7DE60098-02B5-4B8C-9F7C-01D8A33CA50B,2013-02-03 00:00:00.000
15110,14305,steven24@adventure-works.com,DD3E91DC-221C-42DD-9892-BF36F98F67A1,2014-02-16 00:00:00.000
15111,14306,paula15@adventure-works.com,F78F222F-0FEE-47B9-B73F-165BE91C56D5,2013-01-25 00:00:00.000
15112,14307,jill26@adventure-works.com,006DD9FC-211B-4F60-A6A9-BFBE8D4BE149,2012-08-11 00:00:00.000
15113,14308,cody15@adventure-works.com,9EC5AF7A-EC5E-4928-B3C9-A4B02CEC7EA5,2014-05-18 00:00:00.000
15114,14309,jill27@adventure-works.com,316F389B-2DEB-40DB-B297-9AEFCFE4FB9F,2013-01-16 00:00:00.000
15115,14310,charles63@adventure-works.com,BB35ADA2-E532-4B49-BFF8-C449C4381CC9,2014-06-04 00:00:00.000
15116,14311,devin82@adventure-works.com,E1C3110D-FFB5-4493-8880-120CF830EFFC,2012-06-28 00:00:00.000
15117,14312,jill28@adventure-works.com,F69F2D06-3BC7-41A6-81D5-E443CEDBC6F2,2013-09-12 00:00:00.000
15118,14313,jill29@adventure-works.com,82DABEBA-DEC1-495F-8A08-32712C861CF7,2014-02-11 00:00:00.000
15119,14314,eduardo82@adventure-works.com,769E8295-DCCF-4BF1-AA54-29B6EB774A86,2014-04-20 00:00:00.000
15120,14315,jill30@adventure-works.com,E7C6016D-6520-4C8A-853F-450A53AFE9E6,2012-03-24 00:00:00.000
15121,14316,richard96@adventure-works.com,2BEAFC70-5C91-42BA-8784-CAB24C1FF46D,2011-11-07 00:00:00.000
15122,14317,marcus91@adventure-works.com,6BDC7E53-F4D2-459D-828A-316A68A67EF2,2013-09-21 00:00:00.000
15123,14318,ian82@adventure-works.com,5A813A9D-2144-4F5F-8774-E7AA1AB532B7,2014-05-31 00:00:00.000
15124,14319,kendra1@adventure-works.com,ED8A241C-2579-4CD2-BB59-8642A0CDC9C9,2012-12-21 00:00:00.000
15125,14320,lucas86@adventure-works.com,99E2CFEA-863F-481E-BF25-40C844B39B0A,2012-01-29 00:00:00.000
15126,14321,seth86@adventure-works.com,1B4A0D8B-0D60-495C-88D5-89678D88813B,2011-11-30 00:00:00.000
15127,14322,xavier82@adventure-works.com,E17B4AFF-5C8C-4FE6-924C-7EC729AEC2C1,2013-10-20 00:00:00.000
15128,14323,dalton86@adventure-works.com,DBD6AFEA-34CF-4E5A-80A1-EA3322E922B2,2012-07-16 00:00:00.000
15129,14324,kendra2@adventure-works.com,40FF1A85-01C0-453B-AD1D-2C32CBC14E20,2014-05-06 00:00:00.000
15130,14325,jeremy43@adventure-works.com,774C2ED1-81FC-4A19-AC50-4D5454294233,2011-06-27 00:00:00.000
15131,14326,carlos18@adventure-works.com,D6C3F8BC-B9EE-424F-83A5-1B08BA533152,2014-02-05 00:00:00.000
15132,14327,angel15@adventure-works.com,37D3AA7D-4D50-462F-8403-E31C649E18AC,2013-11-12 00:00:00.000
15133,14328,kendra3@adventure-works.com,2653C9BC-E981-4922-86AB-21122266CFBD,2012-09-17 00:00:00.000
15134,14329,isaiah15@adventure-works.com,6CA69EE2-88FA-4D9C-B2E4-FC78BB457D2D,2013-10-17 00:00:00.000
15135,14330,alex20@adventure-works.com,F1788EDE-E2F3-46DC-B61A-A2CB9A6B33D1,2011-10-21 00:00:00.000
15136,14331,paula16@adventure-works.com,4AFCABB8-22C5-4CCF-9ECA-B4C10E1711E3,2013-11-21 00:00:00.000
15137,14332,kendra4@adventure-works.com,69525137-B819-4DD7-91C7-E7ACA30A9414,2013-04-22 00:00:00.000
15138,14333,kendra5@adventure-works.com,0D017385-EC6B-4FE3-A74F-719419EA845B,2014-01-15 00:00:00.000
15139,14334,evan17@adventure-works.com,4426A13E-45C6-45F6-8B63-7237316CF99C,2011-06-18 00:00:00.000
15140,14335,kendra6@adventure-works.com,136C6DF2-DA5E-488C-87B4-A1440E2C3B4E,2013-07-09 00:00:00.000
15141,14336,isaac15@adventure-works.com,190073AB-3568-4EC0-9005-BA7AF9A6D441,2013-10-26 00:00:00.000
15142,14337,kendra7@adventure-works.com,8A7A0F6C-0A1E-403B-8A92-85921A234ABC,2013-01-19 00:00:00.000
15143,14338,jesse16@adventure-works.com,8ADAE7DD-A1E4-4B1C-BAA4-92FFF501CFFB,2013-12-14 00:00:00.000
15144,14339,sean23@adventure-works.com,F6A23398-0B1F-45A6-846E-58A149C9856E,2014-03-12 00:00:00.000
15145,14340,kendra8@adventure-works.com,0A3CC336-3DA9-45FD-99B1-3269B93A372C,2012-08-05 00:00:00.000
15146,14341,timothy17@adventure-works.com,6CBA2B58-10F4-4BA5-8407-D417588381BB,2014-04-06 00:00:00.000
15147,14342,patrick21@adventure-works.com,C47F4330-ED1F-48F5-90F3-EAD63C1A1A77,2013-08-16 00:00:00.000
15148,14343,brian27@adventure-works.com,17076BBD-C2B9-4ABB-9D1C-3C9D02FB438F,2014-05-03 00:00:00.000
15149,14344,kendra9@adventure-works.com,DF67B42F-61F3-440D-8038-7508D6C4E6F8,2013-06-01 00:00:00.000
15150,14345,bryce15@adventure-works.com,195F3FCF-6CFD-471F-83F4-B571A4ED2CD0,2014-06-18 00:00:00.000
15151,14346,kendra10@adventure-works.com,A5A7A2C9-52AE-478A-AEEB-BA0D81DB0715,2013-08-19 00:00:00.000
15152,14347,nathaniel17@adventure-works.com,6E74D5D6-3C83-4565-9FCD-3F29CC9060B0,2012-09-22 00:00:00.000
15153,14348,chase16@adventure-works.com,5D758579-B477-445F-B9AF-60C886DBD80D,2014-03-05 00:00:00.000
15154,14349,kendra11@adventure-works.com,50381E88-CE96-4C53-8503-AD5AD874F884,2014-03-07 00:00:00.000
15155,14350,juan26@adventure-works.com,9E815CBA-9A7A-41C5-B8A8-F6E043D845B9,2014-01-06 00:00:00.000
15156,14351,kendra12@adventure-works.com,A18206D9-0D22-4FAD-8EA1-3F9974A42CB4,2014-05-14 00:00:00.000
15157,14352,cole16@adventure-works.com,5B108D29-AC1A-4D48-B008-2EBAB8605774,2014-03-29 00:00:00.000
15158,14353,jared17@adventure-works.com,020FA0B2-849A-4447-8322-CF59553DFEC4,2014-01-13 00:00:00.000
15159,14354,paula17@adventure-works.com,5EC76CF8-1620-431D-9EBE-47CE002871B7,2012-08-18 00:00:00.000
15160,14355,kendra13@adventure-works.com,FF478BA0-2A7E-4578-BCE4-D9DFE862DDA4,2013-12-13 00:00:00.000
15161,14356,kendra14@adventure-works.com,AD4D9A7F-8139-42AE-BF4F-86955AB3A9D5,2013-11-21 00:00:00.000
15162,14357,bryan16@adventure-works.com,6A8785B2-6C86-4DF5-B7F8-63E90547C1D5,2012-06-17 00:00:00.000
15163,14358,kendra15@adventure-works.com,9ADF4A7E-04AD-46BD-8DC2-F8D760115E58,2013-11-13 00:00:00.000
15164,14359,garrett20@adventure-works.com,8EC7B95F-40DF-4E9C-B99B-C42BB082D125,2014-05-12 00:00:00.000
15165,14360,kendra16@adventure-works.com,D099965C-E10D-46C6-8159-105649F68BAA,2013-08-26 00:00:00.000
15166,14361,steven25@adventure-works.com,2DFA4CC7-BD0B-4C8E-8926-CBE946CF697F,2014-03-03 00:00:00.000
15167,14362,kendra17@adventure-works.com,81D426DF-8605-438B-AC9C-461DE769A084,2014-04-20 00:00:00.000
15168,14363,kendra18@adventure-works.com,C05BBDAF-91A4-4288-BC1C-6D462137CC13,2014-02-07 00:00:00.000
15169,14364,adrian16@adventure-works.com,0ABD49B4-C5F1-4F23-9D02-9622E084485C,2014-04-15 00:00:00.000
15170,14365,cody16@adventure-works.com,A6F953CF-7425-445F-AAD7-91892EE36643,2014-05-26 00:00:00.000
15171,14366,kendra19@adventure-works.com,7397051B-9C79-437E-9084-52786207445D,2014-03-03 00:00:00.000
15172,14367,charles64@adventure-works.com,BF5EA860-FDF5-4796-A6EB-17287CAF1381,2013-08-22 00:00:00.000
15173,14368,kendra20@adventure-works.com,33D32159-B54F-41DB-B638-84E9D03DEEA1,2012-12-06 00:00:00.000
15174,14369,eduardo83@adventure-works.com,7781DFDE-265E-4791-9CE8-F28F85CD70F8,2013-08-16 00:00:00.000
15175,14370,kendra21@adventure-works.com,32591B90-3FE4-4F7D-8494-D809B254D334,2011-07-05 00:00:00.000
15176,14371,richard97@adventure-works.com,870F4505-ACE7-4745-92AD-A2477B81030A,2011-07-30 00:00:00.000
15177,14372,kendra22@adventure-works.com,C35C6AA0-5726-46A1-8706-1158D71C78BE,2013-10-04 00:00:00.000
15178,14373,marcus92@adventure-works.com,AEFA2ADA-83EF-4BE9-896F-95BCF44DE5EE,2013-07-02 00:00:00.000
15179,14374,ian83@adventure-works.com,BC64F07E-480C-47A6-81E9-CDF5C36D03C6,2013-07-11 00:00:00.000
15180,14375,lucas87@adventure-works.com,C589480D-B614-4787-846E-AB2ABEE9B093,2013-11-16 00:00:00.000
15181,14376,paula18@adventure-works.com,2B00BB0C-0C75-4FE1-877A-2741900944C0,2013-10-27 00:00:00.000
15182,14377,teresa1@adventure-works.com,4B0A8C26-2453-45E8-9CD0-837085644A90,2013-12-09 00:00:00.000
15183,14378,teresa2@adventure-works.com,DA3E57C9-E8BF-41D1-970B-14C59209E11B,2013-03-18 00:00:00.000
15184,14379,seth87@adventure-works.com,966B66E6-CB3E-4003-9B94-66CE85CA8055,2013-11-29 00:00:00.000
15185,14380,teresa3@adventure-works.com,B535FE64-BC69-4F16-9574-2BBDBD8A8103,2011-09-14 00:00:00.000
15186,14381,xavier83@adventure-works.com,8DA59EB3-B1AF-457F-B864-F4FF2F3EBBD9,2012-11-27 00:00:00.000
15187,14382,teresa4@adventure-works.com,9DC0BDA3-AE2E-4A8C-9142-B49CFDF5A6D0,2012-11-01 00:00:00.000
15188,14383,dalton87@adventure-works.com,940DBD44-5E77-445D-B846-AB0C120C634C,2013-12-30 00:00:00.000
15189,14384,teresa5@adventure-works.com,2232C4ED-971E-4111-A642-EBF2D736A054,2014-03-26 00:00:00.000
15190,14385,jeremy44@adventure-works.com,C4FB9288-C3C9-495C-BDBA-8DBFB8987579,2014-04-14 00:00:00.000
15191,14386,teresa6@adventure-works.com,0B5AFD4C-FC2A-45AC-B118-BBBCBAC51C18,2013-04-22 00:00:00.000
15192,14387,carlos19@adventure-works.com,6677BF3B-6686-4C31-9D89-47C2B5679DDA,2014-03-19 00:00:00.000
15193,14388,angel16@adventure-works.com,5971F614-814A-4526-82CA-9510C9C7C989,2012-07-26 00:00:00.000
15194,14389,isaiah16@adventure-works.com,ABEEB7E6-A961-4BC3-96E7-96CCDAA5A771,2013-11-30 00:00:00.000
15195,14390,martin2@adventure-works.com,8B23A938-0021-4E94-A23A-74FDD99E3155,2014-02-20 00:00:00.000
15196,14391,evan18@adventure-works.com,9D30D755-7CE6-474B-B1CE-AB863B2A6A77,2013-02-18 00:00:00.000
15197,14392,mason15@adventure-works.com,C4565DA2-B5FA-4BCB-A297-B062048554C7,2014-06-28 00:00:00.000
15198,14393,teresa7@adventure-works.com,4DD433F4-253F-455F-A6C0-04DD94EFF11C,2014-05-28 00:00:00.000
15199,14394,isaac16@adventure-works.com,C0003F38-7617-4DCA-BD31-E011F1458400,2013-08-31 00:00:00.000
15200,14395,jesse17@adventure-works.com,877F2E84-915C-4EFD-ADE6-CDF2D089FE01,2013-09-29 00:00:00.000
15201,14396,teresa8@adventure-works.com,9D616AAA-7A1F-4A1E-B052-1F09466EF475,2013-07-05 00:00:00.000
15202,14397,sean24@adventure-works.com,A6D73C43-5CC5-47FD-A7F0-DC54043D6B0B,2011-12-31 00:00:00.000
15203,14398,timothy18@adventure-works.com,A918BE7D-682B-4C2A-ADD2-3830B5D1E63D,2014-04-05 00:00:00.000
15204,14399,teresa9@adventure-works.com,7AB56C81-8202-499C-8638-1A95B7793422,2013-12-31 00:00:00.000
15205,14400,teresa10@adventure-works.com,494BCCFF-F0B7-40E4-AEAE-8D99C3DFF75B,2013-12-30 00:00:00.000
15206,14401,teresa11@adventure-works.com,03AF5765-7D85-4A82-8BE7-C0BD3E53BA23,2012-02-15 00:00:00.000
15207,14402,brian28@adventure-works.com,4999A30C-BD1F-4907-B13F-22E91A4C0964,2013-04-10 00:00:00.000
15208,14403,teresa12@adventure-works.com,8C3CB734-BE2B-4578-B50B-3830B4231434,2014-04-30 00:00:00.000
15209,14404,bryce16@adventure-works.com,27B3014B-94EA-446E-A058-20640D1BB57E,2014-01-25 00:00:00.000
15210,14405,nathaniel18@adventure-works.com,5099A66A-24EB-4A09-AE25-E8054B23D665,2013-01-08 00:00:00.000
15211,14406,chase17@adventure-works.com,AF6B625E-0D43-4ECB-9EF3-77F09D388020,2014-05-23 00:00:00.000
15212,14407,juan27@adventure-works.com,DD43DBE8-D993-43F5-B81C-35263CD69891,2014-01-13 00:00:00.000
15213,14408,teresa13@adventure-works.com,65DC9766-F7DB-4591-B79B-7F16A5BCD82C,2013-08-06 00:00:00.000
15214,14409,teresa14@adventure-works.com,8C3FD946-A75C-4776-B57B-1C4FABBAB68A,2014-06-24 00:00:00.000
15215,14410,cole17@adventure-works.com,7AF8278D-83B8-4A9E-80DF-733E4D9CA37E,2012-11-09 00:00:00.000
15216,14411,teresa15@adventure-works.com,BB35C645-918C-443B-9BB2-16680698A453,2012-03-11 00:00:00.000
15217,14412,teresa16@adventure-works.com,748DE0A2-1E33-461C-B106-028FCED2F0C6,2012-12-25 00:00:00.000
15218,14413,teresa17@adventure-works.com,4ECD6B13-56D2-4357-9F9D-E473B9E5698E,2013-11-20 00:00:00.000
15219,14414,jared18@adventure-works.com,8905AE48-38AF-4EAF-8C10-E003BA449AF7,2014-04-06 00:00:00.000
15220,14415,bryan17@adventure-works.com,C94ADA07-FDE4-4EB6-8A2A-A4A2FC86FF73,2013-04-19 00:00:00.000
15221,14416,teresa18@adventure-works.com,8F58132F-9CA4-4B90-B293-C6E5320CBB74,2011-07-24 00:00:00.000
15222,14417,garrett21@adventure-works.com,2FCD6D7A-E835-45EC-B26F-745CA5DC705E,2013-07-17 00:00:00.000
15223,14418,steven26@adventure-works.com,7242CB5C-A04C-4F80-A550-F7B93866BACA,2011-12-16 00:00:00.000
15224,14419,paula19@adventure-works.com,D2F1FCAF-8A9B-417D-A655-F3BA1BD2644C,2014-01-25 00:00:00.000
15225,14420,teresa19@adventure-works.com,29A0A8A1-7E5F-4BB1-93CA-BF546E9C15AA,2013-05-07 00:00:00.000
15226,14421,adrian17@adventure-works.com,8053F6FB-CEDD-475C-BE28-99E4F7B912FA,2013-08-19 00:00:00.000
15227,14422,xavier84@adventure-works.com,904A3927-6651-4A5A-B87B-042273AB425E,2014-01-09 00:00:00.000
15228,14423,dalton88@adventure-works.com,1B7DE5C5-B10C-4325-BB97-ABF0134CA355,2014-01-28 00:00:00.000
15229,14424,jeremiah44@adventure-works.com,5B52E80D-3A0E-4F81-8110-C6BEB59E3548,2013-09-07 00:00:00.000
15230,14425,teresa20@adventure-works.com,AE6B718B-148C-4E63-99CF-DD5BBDAFA6DB,2013-12-14 00:00:00.000
15231,14426,carlos20@adventure-works.com,6128CE45-6671-499D-9CD1-3423D87E4113,2013-07-29 00:00:00.000
15232,14427,teresa21@adventure-works.com,4111CBF7-5AE0-49CB-8A76-ED0167A9D2B1,2014-02-17 00:00:00.000
15233,14428,isaiah17@adventure-works.com,352E074E-1158-4628-9A30-C6D6112C5B0A,2012-05-31 00:00:00.000
15234,14429,sabrina16@adventure-works.com,927F89B8-3CBA-4EFE-89BB-EAF2B4BFD52B,2014-05-15 00:00:00.000
15235,14430,alex21@adventure-works.com,2379AE9C-7720-47DC-9279-D191BB7E12DC,2013-09-03 00:00:00.000
15236,14431,evan19@adventure-works.com,FBE67103-99C9-41A2-A631-B20D94F84EBE,2014-04-27 00:00:00.000
15237,14432,sabrina17@adventure-works.com,08F04115-3CBE-4F3D-9430-DC654351A4F2,2014-03-01 00:00:00.000
15238,14433,heidi2@adventure-works.com,8CDB666D-DFD0-4505-9621-ADF52C266E8D,2014-05-20 00:00:00.000
15239,14434,heidi3@adventure-works.com,E2A6516E-3AB1-435D-88FF-AF68BC1E0086,2013-02-01 00:00:00.000
15240,14435,mason16@adventure-works.com,6893F9E5-A024-4B43-AF98-F37C2BF893C7,2014-04-09 00:00:00.000
15241,14436,damien35@adventure-works.com,02F9ABEF-671E-4B42-B8A9-D53079FDC32D,2013-07-14 00:00:00.000
15242,14437,paula20@adventure-works.com,1A08134A-EAF1-47AE-A5B1-9DA6BDE70167,2012-07-20 00:00:00.000
15243,14438,heidi4@adventure-works.com,07527961-F5BB-4C3E-8907-ED146BA099F2,2012-01-26 00:00:00.000
15244,14439,heidi5@adventure-works.com,C01A9AB1-4715-4C0A-88F7-37B2BF88FDA6,2013-07-11 00:00:00.000
15245,14440,isaac17@adventure-works.com,5474606A-D781-4244-96DF-16EF06B2C2C4,2013-09-06 00:00:00.000
15246,14441,heidi6@adventure-works.com,21D691BC-731F-4A9A-B69B-39CACBDF6514,2011-11-18 00:00:00.000
15247,14442,jesse18@adventure-works.com,E93E58EA-9009-486D-B813-C7ED2533CEE9,2013-01-24 00:00:00.000
15248,14443,sean25@adventure-works.com,A89D2958-E220-45A6-AE1F-5820352EEFFB,2012-05-22 00:00:00.000
15249,14444,heidi7@adventure-works.com,A8BFEAC4-A5FE-4565-B0AF-2D24D978A50E,2014-05-07 00:00:00.000
15250,14445,heidi8@adventure-works.com,B371AF88-608F-4A4F-B04D-82D1FC3E5086,2013-11-13 00:00:00.000
15251,14446,timothy19@adventure-works.com,CDA13156-FD2E-4C77-8FB7-4D275D19B0D3,2014-04-08 00:00:00.000
15252,14447,patrick22@adventure-works.com,92463624-2A2B-4A88-B2E4-C961B7190F0F,2013-12-26 00:00:00.000
15253,14448,brian29@adventure-works.com,1038EC4F-D875-47E5-B1AA-393CFC8AF798,2013-01-18 00:00:00.000
15254,14449,heidi9@adventure-works.com,BA3BA65E-0A90-44ED-83F5-DD89053F2CFC,2011-08-27 00:00:00.000
15255,14450,heidi10@adventure-works.com,B72DACA5-733C-4171-B500-69889CF40C28,2014-04-27 00:00:00.000
15256,14451,nathaniel19@adventure-works.com,EEE7E1A7-A46B-4811-9B19-18D67575BEEB,2014-05-24 00:00:00.000
15257,14452,chase18@adventure-works.com,D6A853AE-5CAF-43E0-8B3D-3F0084DE1C70,2013-07-28 00:00:00.000
15258,14453,juan28@adventure-works.com,4EC89214-58CF-4CF6-91A9-FABFCE8CE10C,2013-09-29 00:00:00.000
15259,14454,heidi11@adventure-works.com,0F60253E-1BA6-4E95-BE1C-07D3EE387ADA,2012-08-18 00:00:00.000
15260,14455,sebastian16@adventure-works.com,8B04AA7B-9EAD-49AA-AE71-BB69B8E5742F,2014-03-19 00:00:00.000
15261,14456,heidi12@adventure-works.com,94E8B58D-BD8F-45A3-944A-919AE5C57DDD,2012-03-24 00:00:00.000
15262,14457,cole18@adventure-works.com,5C6CEAC4-7A72-4E65-A3B5-DC415DB82B90,2014-06-09 00:00:00.000
15263,14458,heidi13@adventure-works.com,61194AA6-E053-4B1A-B38D-41BC070E382F,2013-09-10 00:00:00.000
15264,14459,heidi14@adventure-works.com,327B7708-2A9B-4768-873B-8382825A658D,2014-02-04 00:00:00.000
15265,14460,heidi15@adventure-works.com,6C8D20E7-4FDE-4760-B472-99C6F76CF0D9,2012-08-08 00:00:00.000
15266,14461,jared19@adventure-works.com,C6FD9A81-F707-46BA-87CE-EA9F1B26EE59,2013-10-25 00:00:00.000
15267,14462,bryan18@adventure-works.com,491AD781-2263-4ADA-A24D-B326FF34CFAA,2014-01-15 00:00:00.000
15268,14463,heidi16@adventure-works.com,7B720F32-8BBC-4680-A41F-A0F5BB85545F,2013-02-01 00:00:00.000
15269,14464,garrett22@adventure-works.com,BBB4D58E-2D78-47B1-9A27-F9D2C4439602,2013-04-01 00:00:00.000
15270,14465,steven27@adventure-works.com,5621ABAA-04FC-498E-A9FA-FB6FBE1A22A0,2014-04-10 00:00:00.000
15271,14466,heidi17@adventure-works.com,793B42B8-8067-455C-B0DD-E1645853A685,2014-06-13 00:00:00.000
15272,14467,adrian18@adventure-works.com,50DF7EE0-8A32-4A57-8289-A9A370D2EB40,2013-09-15 00:00:00.000
15273,14468,cody17@adventure-works.com,E9CD9F50-EACB-4BE8-A2D3-80128257C5C8,2014-03-19 00:00:00.000
15274,14469,charles65@adventure-works.com,0DB070E3-C3B8-4A1B-BEFE-7F56633DBCB7,2012-10-04 00:00:00.000
15275,14470,heidi18@adventure-works.com,DA14F47A-DE9A-4370-861B-7DABDF1CD7DC,2013-10-07 00:00:00.000
15276,14471,heidi19@adventure-works.com,4526E2DC-037C-41F2-A59F-306CE45B382D,2011-07-20 00:00:00.000
15277,14472,devin83@adventure-works.com,64EF9F11-10CD-4344-97B1-B82A36E36676,2013-12-06 00:00:00.000
15278,14473,heidi20@adventure-works.com,3C0F3660-1803-4398-8A92-675D3AEFC37C,2013-12-27 00:00:00.000
15279,14474,eduardo84@adventure-works.com,9876106D-21A1-467B-9157-11FC9B119E93,2012-11-23 00:00:00.000
15280,14475,richard98@adventure-works.com,6ECF30B2-4BA1-456B-808D-E22B06253393,2013-03-12 00:00:00.000
15281,14476,heidi21@adventure-works.com,008864C3-4BF9-48B4-83FF-1BFD34CE9645,2014-01-30 00:00:00.000
15282,14477,ian84@adventure-works.com,FE1069D0-2B74-4399-9861-1E697DB07658,2014-04-02 00:00:00.000
15283,14478,paula21@adventure-works.com,AD06F06A-4C29-44B0-A7F4-9176CF392F2E,2014-02-22 00:00:00.000
15284,14479,heidi22@adventure-works.com,BE90B9B0-EA47-4B53-84FB-16B41504EBEF,2013-02-28 00:00:00.000
15285,14480,lucas88@adventure-works.com,89B47094-F449-4E58-95EE-1B1CDD42F2CE,2012-02-06 00:00:00.000
15286,14481,seth88@adventure-works.com,CE58691E-6A56-4D77-A6B9-D2B12022D098,2013-01-21 00:00:00.000
15287,14482,heidi23@adventure-works.com,F2081A70-67A0-492A-9361-687B254DBF9F,2014-05-06 00:00:00.000
15288,14483,xavier85@adventure-works.com,F362584D-0DB1-4B6F-B84F-24E121AC1F95,2014-01-25 00:00:00.000
15289,14484,heidi24@adventure-works.com,16B7EC73-5BA1-4F81-973E-2E6574120159,2014-05-07 00:00:00.000
15290,14485,dalton89@adventure-works.com,97822314-B175-47F1-8906-7977DBDF5373,2013-05-07 00:00:00.000
15291,14486,jillian1@adventure-works.com,CBF30536-9233-43CB-9677-898F57D228D2,2013-03-09 00:00:00.000
15292,14487,jeremiah45@adventure-works.com,7377C6AD-B417-434E-A39B-352AF4625041,2013-08-10 00:00:00.000
15293,14488,carlos21@adventure-works.com,DD3FF7A7-EF7D-4FFF-BF6D-1CF508F19C99,2013-10-31 00:00:00.000
15294,14489,angel17@adventure-works.com,DF645C86-55FB-49C2-82BD-207778BE05B0,2013-12-27 00:00:00.000
15295,14490,jillian2@adventure-works.com,43E42A47-AFF0-429B-87F7-47550E2A40EB,2013-08-29 00:00:00.000
15296,14491,isaiah18@adventure-works.com,39D35217-D1BA-4744-A3DD-F66DC0C32212,2011-11-20 00:00:00.000
15297,14492,alex22@adventure-works.com,0481D78F-1B29-4F39-9790-E974483B7118,2014-01-03 00:00:00.000
15298,14493,jillian3@adventure-works.com,86719784-7A35-4488-876B-923F606C40B7,2013-01-02 00:00:00.000
15299,14494,jillian4@adventure-works.com,021656A8-F76C-4185-AFFE-893C0AADFE6C,2014-01-19 00:00:00.000
15300,14495,jillian5@adventure-works.com,FCCF5239-DB9A-45FA-92ED-155E7B293BC0,2013-10-23 00:00:00.000
15301,14496,jillian6@adventure-works.com,4E345576-B6D4-4C16-8F5C-D57B333052EA,2014-04-17 00:00:00.000
15302,14497,paula22@adventure-works.com,3ED2B862-30BE-45E2-A1A5-A6F523BA7171,2014-05-12 00:00:00.000
15303,14498,mason17@adventure-works.com,167D58A5-FA76-42DA-A792-4911CBEE31BB,2014-01-17 00:00:00.000
15304,14499,isaac18@adventure-works.com,5E0ECE54-D021-46C8-ADF6-F6DF6AB9433F,2012-10-04 00:00:00.000
15305,14500,jillian7@adventure-works.com,93388882-947C-4BAF-A97D-31F644459A67,2014-01-23 00:00:00.000
15306,14501,jillian8@adventure-works.com,4B27ED6E-8C8C-40B8-B416-540563D44AAC,2013-11-07 00:00:00.000
15307,14502,jesse19@adventure-works.com,8BD33A99-DD4A-4053-9065-FE495B8677B6,2013-08-12 00:00:00.000
15308,14503,jillian9@adventure-works.com,243CB71F-1642-4168-AB46-0D1D99585AD3,2014-02-23 00:00:00.000
15309,14504,sean26@adventure-works.com,2CAA5460-C457-44C3-9F4F-13037E709A08,2014-03-28 00:00:00.000
15310,14505,jillian10@adventure-works.com,2769F6A4-C4F3-4523-A20F-4A575D812C6A,2013-04-18 00:00:00.000
15311,14506,timothy20@adventure-works.com,53B3EF03-F120-4DD4-AE9B-ED03E9F2F6EF,2013-07-18 00:00:00.000
15312,14507,patrick23@adventure-works.com,7F80060A-BC42-42F6-9291-59FF6D7E013B,2014-01-29 00:00:00.000
15313,14508,jillian11@adventure-works.com,21C7944E-C28E-4C7C-96E9-AEEEAC5E1E9C,2014-01-12 00:00:00.000
15314,14509,jillian12@adventure-works.com,B5C79AE0-469C-4D4B-A463-DDBB3FD24279,2013-11-11 00:00:00.000
15315,14510,brian30@adventure-works.com,2F03174E-15E9-4746-9848-84AA2D4019D7,2014-01-12 00:00:00.000
15316,14511,jillian13@adventure-works.com,55D38FA5-79B5-415A-B79A-A3F0688E823D,2013-12-31 00:00:00.000
15317,14512,bryce17@adventure-works.com,B9D13F8A-1060-4DC8-920D-B4214107C421,2013-07-31 00:00:00.000
15318,14513,nathaniel20@adventure-works.com,C5992297-6FD7-442B-B482-03D3C6F30185,2014-05-13 00:00:00.000
15319,14514,chase19@adventure-works.com,879B1AFE-FAB5-4242-B722-BD44C520E419,2012-01-06 00:00:00.000
15320,14515,sebastian17@adventure-works.com,5918C548-9590-4E52-984A-7E4040A7F398,2013-07-21 00:00:00.000
15321,14516,cole19@adventure-works.com,C2814574-EA35-43DA-8B02-DC11103126A3,2013-11-09 00:00:00.000
15322,14517,jillian14@adventure-works.com,857F57D6-F391-4910-B22C-7992134F026F,2014-03-04 00:00:00.000
15323,14518,jared20@adventure-works.com,9AB3B7A3-9132-458F-9203-0385F7F5FDE7,2013-10-05 00:00:00.000
15324,14519,paula23@adventure-works.com,A7859BDB-E66E-4F83-85FE-1A80C3E46529,2011-07-12 00:00:00.000
15325,14520,jillian15@adventure-works.com,1672891C-5E30-465D-B33C-D64DAAB6D456,2013-12-20 00:00:00.000
15326,14521,bryan19@adventure-works.com,13B5F695-DA06-4B53-A7DD-67DFBEFD6C8B,2013-10-14 00:00:00.000
15327,14522,garrett23@adventure-works.com,7955A8A7-C921-4DA8-899B-1AC41A946555,2014-01-17 00:00:00.000
15328,14523,jillian16@adventure-works.com,DE6C275F-7B2E-4A68-AA90-1CFDD7261332,2013-01-17 00:00:00.000
15329,14524,steven28@adventure-works.com,4B4EE4D3-AB81-436D-9BCA-8E5AC59DEBB1,2013-03-31 00:00:00.000
15330,14525,adrian19@adventure-works.com,2067BFF1-50F2-41A7-AC60-4326A038CDC0,2013-09-18 00:00:00.000
15331,14526,cody18@adventure-works.com,752E4C5B-6CFE-425C-81B2-CE8FED5EE219,2014-02-18 00:00:00.000
15332,14527,charles66@adventure-works.com,9F2D8FA2-163E-4822-9421-6BD6E7824292,2014-06-05 00:00:00.000
15333,14528,jillian17@adventure-works.com,C172D126-8D58-484B-A844-DA5BA483329D,2013-06-30 00:00:00.000
15334,14529,devin84@adventure-works.com,BDF649ED-784E-4A94-A8A8-A9835747CEAA,2013-09-08 00:00:00.000
15335,14530,eduardo85@adventure-works.com,D8977F4A-CFAA-4D78-B86E-8BA3906269E5,2013-08-05 00:00:00.000
15336,14531,jillian18@adventure-works.com,0F4848EC-5EDD-4CA6-A4FD-44C72D5F1EC2,2013-07-07 00:00:00.000
15337,14532,richard99@adventure-works.com,E4819308-859F-4B2B-9126-2AA146622C9D,2013-12-22 00:00:00.000
15338,14533,marcus93@adventure-works.com,D68E7C04-E725-4DBD-A0B9-9D4B0EE104BE,2013-04-24 00:00:00.000
15339,14534,ian85@adventure-works.com,E81D3623-0394-4BFE-AAEB-5B7832343361,2011-07-14 00:00:00.000
15340,14535,jillian19@adventure-works.com,1D34F87D-F04E-4840-B3AA-982D6B7E94BE,2014-04-03 00:00:00.000
15341,14536,jillian20@adventure-works.com,43240317-BC9F-4000-8ACA-DFA3BC2F7CC4,2013-07-15 00:00:00.000
15342,14537,lucas89@adventure-works.com,8455FC1D-89A5-4FE5-9BC4-72FE83BE84EF,2013-09-17 00:00:00.000
15343,14538,seth89@adventure-works.com,20602E40-696A-4CCE-A9D9-9394C963D414,2014-04-05 00:00:00.000
15344,14539,xavier86@adventure-works.com,2C6D74D1-934E-45F6-9CC4-A5B0A63FA402,2013-12-14 00:00:00.000
15345,14540,jillian21@adventure-works.com,3D38DE69-D27E-4DDB-BA1E-86F548549E15,2013-12-28 00:00:00.000
15346,14541,brenda4@adventure-works.com,9BAC3A64-33BB-49A4-97EA-4DD67876823C,2013-07-25 00:00:00.000
15347,14542,brenda5@adventure-works.com,8FF7DAAD-752F-4D13-8F58-6CFE04DFC25B,2012-08-13 00:00:00.000
15348,14543,dalton90@adventure-works.com,E3E85034-0B7B-4ABC-808C-0A5FD80A1463,2013-11-21 00:00:00.000
15349,14544,jeremiah46@adventure-works.com,CC62871D-DAC9-45C3-90B5-2F6B3A19156D,2013-04-25 00:00:00.000
15350,14545,diane6@adventure-works.com,02D8AB99-BA1B-40C1-A27D-F304587A7AB3,2012-12-02 00:00:00.000
15351,14546,brenda6@adventure-works.com,3F0BB8CA-A3C9-42DE-9BEC-FCF280285C35,2012-06-05 00:00:00.000
15352,14547,carlos22@adventure-works.com,8832A635-61F8-48E2-8758-F6B4044A3F21,2013-09-04 00:00:00.000
15353,14548,brenda7@adventure-works.com,DEE12A66-86FD-4A10-AEC6-19059533EFDE,2013-07-10 00:00:00.000
15354,14549,angel18@adventure-works.com,BDD3A463-77F8-42BE-A79B-390304D8E0AF,2014-02-24 00:00:00.000
15355,14550,brenda8@adventure-works.com,2717E2C7-09F8-42DD-9136-C74F9333CFF1,2014-03-04 00:00:00.000
15356,14551,isaiah19@adventure-works.com,27B7B847-6726-4CF3-9AFE-03E4B7CEA7F4,2014-01-16 00:00:00.000
15357,14552,brenda9@adventure-works.com,1C3CEA50-5AAB-4BAE-B091-463D920F4A04,2014-02-27 00:00:00.000
15358,14553,alex23@adventure-works.com,38F0B71F-9B22-4944-BA57-02503B28D3F6,2014-02-05 00:00:00.000
15359,14554,brenda10@adventure-works.com,21EFCBDD-4C89-4ABB-B391-61D0878F803B,2012-12-01 00:00:00.000
15360,14555,brenda11@adventure-works.com,4CD3A4FC-51D8-4B74-8D1B-5ACC6BB52C6A,2013-09-11 00:00:00.000
15361,14556,evan20@adventure-works.com,CD81D879-FC5B-40BD-BD00-EDA2F4B42609,2014-05-27 00:00:00.000
15362,14557,brenda12@adventure-works.com,AC1534AF-7694-405D-9CE7-5D4832DF2122,2014-02-07 00:00:00.000
15363,14558,mason18@adventure-works.com,070FC93B-E19E-4E54-9373-868DF74ECB40,2012-05-02 00:00:00.000
15364,14559,brenda13@adventure-works.com,23C4B985-E108-46F1-A4FC-500B96A9EE06,2013-09-25 00:00:00.000
15365,14560,isaac19@adventure-works.com,1D328311-88F3-4CF2-AC82-0AC12B62F22F,2014-04-15 00:00:00.000
15366,14561,brenda14@adventure-works.com,D7F577FE-2E9B-488D-BC62-EF9E67CDA621,2014-01-21 00:00:00.000
15367,14562,jesse20@adventure-works.com,8275F736-B556-4521-B491-4CAE4EACB1E2,2014-04-15 00:00:00.000
15368,14563,sean27@adventure-works.com,F53CCEC7-5C21-4313-9F63-B90A1D46B16B,2013-12-20 00:00:00.000
15369,14564,timothy21@adventure-works.com,CDBEFF49-BF6E-48D0-BB35-22E5592D17AD,2014-04-12 00:00:00.000
15370,14565,patrick24@adventure-works.com,CCF31F73-1E58-4A05-ADCF-98120FA8CC4A,2014-05-12 00:00:00.000
15371,14566,brenda15@adventure-works.com,BE84690B-CE8D-413F-8F6B-5DE47E107082,2014-04-03 00:00:00.000
15372,14567,brian31@adventure-works.com,583927E1-B373-46DF-A1A5-717EAE1061FF,2013-06-30 00:00:00.000
15373,14568,bryce18@adventure-works.com,0F8569A5-F178-4503-82A0-891E8F6ACFCE,2014-02-19 00:00:00.000
15374,14569,brenda16@adventure-works.com,52903A73-9D68-4088-AF2D-1108AC1CF080,2014-04-21 00:00:00.000
15375,14570,brenda17@adventure-works.com,706FDDD5-2C06-472C-B6DD-AD42B376A4EC,2013-09-13 00:00:00.000
15376,14571,brenda18@adventure-works.com,5D79D54B-8430-407D-AF4A-170731A84415,2013-07-02 00:00:00.000
15377,14572,brenda19@adventure-works.com,F7B64663-309C-4B30-BEFB-2AFB884B9E40,2011-06-15 00:00:00.000
15378,14573,nathaniel21@adventure-works.com,2D084258-6A0A-4DDA-BC19-64DCAE031E4A,2014-01-06 00:00:00.000
15379,14574,chase20@adventure-works.com,B9471D75-F95C-4481-8ACA-755875D9B3B3,2013-12-12 00:00:00.000
15380,14575,brenda20@adventure-works.com,C1FB126B-409E-424A-92BC-79D044330AD9,2013-10-26 00:00:00.000
15381,14576,juan29@adventure-works.com,9E8881C0-66DD-45A6-897B-CAD5499BB8CA,2012-10-26 00:00:00.000
15382,14577,sebastian18@adventure-works.com,AAC3A778-8724-4B4D-AB99-A50C7352DAC8,2014-06-08 00:00:00.000
15383,14578,cole20@adventure-works.com,63916253-A78F-4F2D-9221-27497913BE57,2013-08-16 00:00:00.000
15384,14579,brenda21@adventure-works.com,C5BA8DCF-0D83-4061-91EE-8650843E1819,2014-02-22 00:00:00.000
15385,14580,jared21@adventure-works.com,47CFD248-DCC0-4762-AD04-2457307781BB,2013-12-11 00:00:00.000
15386,14581,brenda22@adventure-works.com,C1780C80-CD4D-4A0F-8164-EF197ECDEEBB,2014-06-08 00:00:00.000
15387,14582,diane7@adventure-works.com,3CF83638-36CB-404E-9DFF-501CFCD2305E,2012-10-08 00:00:00.000
15388,14583,brenda23@adventure-works.com,9098931B-5C46-4549-9F96-882E2FF5FB6A,2012-08-25 00:00:00.000
15389,14584,bryan20@adventure-works.com,004C93E7-D4A1-4082-A092-A991DCB4B65F,2013-11-23 00:00:00.000
15390,14585,brenda24@adventure-works.com,8C564F43-1BE8-49F0-A216-2F4E52E1828F,2013-09-17 00:00:00.000
15391,14586,garrett24@adventure-works.com,CB9BE2E1-4222-4A54-AC60-25755896C5C0,2013-01-28 00:00:00.000
15392,14587,brenda25@adventure-works.com,076D79DF-9035-4389-8973-AA4B70996A03,2012-02-04 00:00:00.000
15393,14588,steven29@adventure-works.com,B94FC653-55A0-4BEE-A51E-0E91AB6F200B,2013-11-12 00:00:00.000
15394,14589,candace0@adventure-works.com,8A28632D-F59E-46A4-8057-540A12D99680,2013-07-16 00:00:00.000
15395,14590,cody19@adventure-works.com,8D508A2E-023E-4005-A887-683A1B2AC7F2,2013-12-24 00:00:00.000
15396,14591,charles67@adventure-works.com,48B966ED-E4DB-43DE-989C-2F2F5BEC6DA4,2014-02-07 00:00:00.000
15397,14592,candace1@adventure-works.com,C2A7F065-499B-4186-BE37-993143B7BB41,2013-05-09 00:00:00.000
15398,14593,candace2@adventure-works.com,4620F221-5E1C-4C8D-ABC0-AE250C9F76E6,2013-12-16 00:00:00.000
15399,14594,candace3@adventure-works.com,3648ED6E-D9B5-42AD-98E6-24AAB81BC4B3,2014-06-30 00:00:00.000
15400,14595,eduardo86@adventure-works.com,DB62B6F8-398C-4ECA-80F9-822E26C72B76,2014-04-07 00:00:00.000
15401,14596,candace4@adventure-works.com,5A93C53C-52C6-4DA0-ABC1-2E339D50C3C9,2014-04-29 00:00:00.000
15402,14597,richard100@adventure-works.com,40E47AD1-0C19-4F2E-B46A-7FC0ED4A7A0A,2012-07-14 00:00:00.000
15403,14598,marcus94@adventure-works.com,2C395332-D0AA-4133-8CD8-8290C4795351,2013-10-26 00:00:00.000
15404,14599,ian86@adventure-works.com,A8C0572C-C90D-4700-91EC-70C4E8C1612A,2014-05-29 00:00:00.000
15405,14600,candace5@adventure-works.com,D216E79E-0BA7-4CB7-B857-F1E69F802A23,2011-08-31 00:00:00.000
15406,14601,lucas90@adventure-works.com,BF1F456F-2313-481A-8E54-F0D78DC20BB8,2013-06-22 00:00:00.000
15407,14602,seth90@adventure-works.com,854C7FD9-AA09-46B3-89F5-18580A87DB27,2013-08-11 00:00:00.000
15408,14603,xavier87@adventure-works.com,6A74DABA-7F4B-4163-ACEB-848CEA2A4032,2013-07-07 00:00:00.000
15409,14604,candace6@adventure-works.com,B2040EDF-271A-43EB-B28F-DB8060D5D53D,2012-07-05 00:00:00.000
15410,14605,dalton91@adventure-works.com,18E8AB41-0304-4252-B7A2-618DF4CF0095,2013-10-07 00:00:00.000
15411,14606,jeremy45@adventure-works.com,2772522C-CDCD-4FC1-838A-58289AF1EC09,2013-01-07 00:00:00.000
15412,14607,carlos23@adventure-works.com,07961CA6-456F-4305-83BE-E3E7496E7559,2013-09-02 00:00:00.000
15413,14608,candace7@adventure-works.com,D75B8111-C72C-49D5-96F4-A5CC474ED757,2012-10-21 00:00:00.000
15414,14609,angel19@adventure-works.com,F837D04D-598A-4926-8FBF-6399E3EC0778,2013-08-26 00:00:00.000
15415,14610,isaiah20@adventure-works.com,40A5F833-6300-4C71-A763-E544DEE69C44,2012-06-28 00:00:00.000
15416,14611,candace8@adventure-works.com,78FC2124-4D22-4740-83F6-5C0FE0C87E9E,2014-04-15 00:00:00.000
15417,14612,candace9@adventure-works.com,045F2CBE-E0F5-4FDC-8AA2-68611552DD14,2013-11-22 00:00:00.000
15418,14613,alex24@adventure-works.com,E180F7F7-0F46-434B-B478-068F21C0F302,2013-11-14 00:00:00.000
15419,14614,evan21@adventure-works.com,395EFCEF-6E66-4042-ACE3-CDE29738D150,2013-06-10 00:00:00.000
15420,14615,candace10@adventure-works.com,39DF7455-65F2-4544-B1A4-11FEEE54DFA7,2012-07-13 00:00:00.000
15421,14616,candace11@adventure-works.com,BF60E766-FFAA-4775-ADF9-7B44C3F9F75F,2013-11-19 00:00:00.000
15422,14617,isaac20@adventure-works.com,0F8BD513-4E1E-404C-A73F-C2226871ABEE,2014-01-25 00:00:00.000
15423,14618,jesse21@adventure-works.com,5FD8A78C-4566-44C0-813D-7F6C1AAE1C35,2014-01-31 00:00:00.000
15424,14619,candace12@adventure-works.com,C24D53E6-251A-444F-B68E-401748673386,2012-02-19 00:00:00.000
15425,14620,candace13@adventure-works.com,4EF1DEBD-943C-4E0B-9E9C-4D768A1D1975,2014-01-14 00:00:00.000
15426,14621,sean28@adventure-works.com,0719DED9-1370-4DFE-92E2-664020490D84,2013-11-28 00:00:00.000
15427,14622,candace14@adventure-works.com,E0C90018-A9DA-4898-B825-13E85F2CD567,2013-05-01 00:00:00.000
15428,14623,timothy22@adventure-works.com,55E0125A-FF2A-4515-82B6-8A5EA0661A3F,2013-08-14 00:00:00.000
15429,14624,diane8@adventure-works.com,EDD62128-E143-42C3-8998-94E52048F2FB,2013-04-21 00:00:00.000
15430,14625,candace15@adventure-works.com,4E6A7622-CF3A-42CF-9BA8-EC65581B11D8,2011-10-14 00:00:00.000
15431,14626,patrick25@adventure-works.com,60159276-22DA-495F-B1D8-B1CC21B57C06,2014-05-20 00:00:00.000
15432,14627,candace16@adventure-works.com,3E9AFEDE-F5FB-4166-A9D8-796ADC10DBF1,2013-05-26 00:00:00.000
15433,14628,candace17@adventure-works.com,B792A84E-B143-4D26-AB38-3D7BF37DB5B4,2013-07-12 00:00:00.000
15434,14629,brian32@adventure-works.com,8A7F7A65-C20E-42A6-BB4F-C6DCBD243C3F,2013-10-27 00:00:00.000
15435,14630,bryce19@adventure-works.com,72B35A40-7F3A-4486-9D42-FEEF856041C5,2014-01-26 00:00:00.000
15436,14631,chase21@adventure-works.com,62121C2F-0761-45F4-B3F3-673353200155,2013-06-27 00:00:00.000
15437,14632,candace18@adventure-works.com,7CC6B8A7-E7D7-4DAE-8F86-2F286A00B53A,2012-08-10 00:00:00.000
15438,14633,candace19@adventure-works.com,BD7ABAC2-E4DE-4A7F-9D31-27E3662E19E4,2013-12-13 00:00:00.000
15439,14634,juan30@adventure-works.com,6695538C-B8CE-4A16-B90F-D4D94FD54094,2014-05-12 00:00:00.000
15440,14635,sebastian19@adventure-works.com,E05D7BDD-C1FB-4827-8A1C-46E1B3310D47,2013-08-28 00:00:00.000
15441,14636,cole21@adventure-works.com,9411A1DE-0889-4061-9B66-642139CCCC2C,2013-09-06 00:00:00.000
15442,14637,nancy5@adventure-works.com,46F639F9-61B1-4418-85A4-CE54EC448504,2014-04-04 00:00:00.000
15443,14638,jared22@adventure-works.com,322F65DA-0A56-4250-A8A9-46A7172AA1AF,2014-02-02 00:00:00.000
15444,14639,bryan21@adventure-works.com,42526515-9773-43DC-8E56-A54F51F5BAFB,2014-01-16 00:00:00.000
15445,14640,nancy6@adventure-works.com,F8A1B66F-BAA8-41F9-985E-FC67D3803C4B,2013-09-01 00:00:00.000
15446,14641,warren40@adventure-works.com,5EDE67E2-B32B-4790-9204-78BCB3DDEC57,2014-05-07 00:00:00.000
15447,14642,damien36@adventure-works.com,554591A5-6B0F-4734-894E-A45EC1DEB9D3,2013-04-25 00:00:00.000
15448,14643,diane9@adventure-works.com,7FAD0644-AB0F-422A-9789-BF09021E2D83,2014-03-15 00:00:00.000
15449,14644,nancy7@adventure-works.com,D54DBF73-1597-4F03-B1BC-8A811105CD10,2013-07-01 00:00:00.000
15450,14645,garrett25@adventure-works.com,A1A70793-AB27-49DB-A107-FDEF6B83D240,2013-09-16 00:00:00.000
15451,14646,nancy8@adventure-works.com,4E81E169-398A-4A17-9643-CCFF998A44AD,2012-11-15 00:00:00.000
15452,14647,steven30@adventure-works.com,1D864036-FBE3-4D71-BA57-4674C4C33E02,2013-12-30 00:00:00.000
15453,14648,rodrigo0@adventure-works.com,FDCFFA18-6A75-4F93-AC60-7941D67BAB39,2013-04-27 00:00:00.000
15454,14649,cody20@adventure-works.com,CA63CD56-A807-4989-9995-5CDA4239FF9D,2013-08-25 00:00:00.000
15455,14650,charles68@adventure-works.com,28057FDE-95BC-4F24-8705-7A07F0891F13,2012-03-27 00:00:00.000
15456,14651,nancy9@adventure-works.com,06492CC6-3C42-4785-BAFC-DA84B88C51BE,2013-12-20 00:00:00.000
15457,14652,devin85@adventure-works.com,CCED103A-E7EB-4333-A4DA-90100138130E,2014-03-19 00:00:00.000
15458,14653,eduardo87@adventure-works.com,E77B37B5-1588-4D1E-8F0C-C6FD69DC3209,2014-04-11 00:00:00.000
15459,14654,richard101@adventure-works.com,F128CCF0-0FEB-46E6-8FC0-EE6AA70E6DA6,2013-12-08 00:00:00.000
15460,14655,marcus95@adventure-works.com,6FA3B163-BC08-4F68-973E-DE6C8E9CD77D,2013-07-13 00:00:00.000
15461,14656,nancy10@adventure-works.com,C26D4323-CFC0-407F-9AFA-8AA73668053B,2012-06-29 00:00:00.000
15462,14657,ian87@adventure-works.com,99D2DC02-E160-4BB4-9035-FA1672D2684E,2014-05-03 00:00:00.000
15463,14658,nancy11@adventure-works.com,7FA1E3A3-3416-44E6-B723-C28E8F999A99,2011-07-29 00:00:00.000
15464,14659,lucas91@adventure-works.com,CD647F1A-7C31-4EE6-9BA3-8DFC7E87E5D7,2014-03-28 00:00:00.000
15465,14660,nancy12@adventure-works.com,6BAF78BB-7467-41B8-97AF-00B369B735E1,2014-01-29 00:00:00.000
15466,14661,diane10@adventure-works.com,293CC60D-CA28-441D-81FF-A6D191C7A75C,2013-04-26 00:00:00.000
15467,14662,nancy13@adventure-works.com,AA94D2C8-A9B9-4D3C-8516-46B8212613CC,2013-03-30 00:00:00.000
15468,14663,dalton92@adventure-works.com,C794A960-7CD1-4775-AE05-B1F79A2F97A6,2013-10-10 00:00:00.000
15469,14664,nancy14@adventure-works.com,C8292C86-364F-4F62-983F-E34B5F6E4342,2012-08-24 00:00:00.000
15470,14665,jeremy46@adventure-works.com,708C279E-2CF8-47C2-B793-B9A5ACD8F44D,2013-10-23 00:00:00.000
15471,14666,nancy15@adventure-works.com,C02FB596-0B06-4A81-839D-929330A626ED,2013-07-22 00:00:00.000
15472,14667,nancy16@adventure-works.com,0000ED61-C256-496A-B3AB-50BA5B2CB441,2014-03-01 00:00:00.000
15473,14668,carlos24@adventure-works.com,7266014C-3BDD-4C53-8C41-7D252E4CBF34,2014-01-01 00:00:00.000
15474,14669,angel20@adventure-works.com,F690C71E-998B-4D6D-AF94-2515E56ABC90,2013-12-30 00:00:00.000
15475,14670,nancy17@adventure-works.com,9208F79E-1740-4818-892B-6FCA579B4CC5,2011-09-04 00:00:00.000
15476,14671,alex25@adventure-works.com,48830E7E-0F2B-4D13-8B36-2E785C68AF7B,2014-05-09 00:00:00.000
15477,14672,nancy18@adventure-works.com,E3C339D1-797F-4B2A-BE04-0D66003427FB,2013-08-28 00:00:00.000
15478,14673,nancy19@adventure-works.com,34B8EAAE-8CE7-4BEE-B271-424D83D42737,2013-12-29 00:00:00.000
15479,14674,nancy20@adventure-works.com,7EEA3C90-D6E2-4ADE-8ACF-3656F731AAE0,2014-03-03 00:00:00.000
15480,14675,nancy21@adventure-works.com,8084B0FF-68A6-4F9F-B688-973A6C61D1A5,2012-10-04 00:00:00.000
15481,14676,nancy22@adventure-works.com,27AD2AC1-F31D-49BB-B0BC-58321C1167A8,2013-05-15 00:00:00.000
15482,14677,diane11@adventure-works.com,90D4D12E-49D7-4B21-81BC-254877BFBA57,2013-10-05 00:00:00.000
15483,14678,evan22@adventure-works.com,A1AF41A1-3F56-4416-B987-8A6C925E473E,2014-05-03 00:00:00.000
15484,14679,mason19@adventure-works.com,372E738D-80D8-4930-9FEF-0910DE5DA76E,2014-01-09 00:00:00.000
15485,14680,nancy23@adventure-works.com,85E278C7-567C-40DC-A7C8-F3FDA3BA12E1,2012-10-05 00:00:00.000
15486,14681,nancy24@adventure-works.com,C92BE7B9-CC9C-413B-B6C7-6AEE0D0775F8,2014-01-26 00:00:00.000
15487,14682,rachael0@adventure-works.com,2F340CC2-6191-4343-A9E4-A0864D916D44,2014-05-08 00:00:00.000
15488,14683,isaac21@adventure-works.com,596FC1A4-9599-4A64-AD16-A2E16B1F9458,2013-01-11 00:00:00.000
15489,14684,jesse22@adventure-works.com,9E611463-AEF4-4F04-A603-791AD7797261,2013-12-01 00:00:00.000
15490,14685,rachael1@adventure-works.com,A4AF134B-463F-40C0-A857-378C8B4328C7,2013-11-01 00:00:00.000
15491,14686,rachael2@adventure-works.com,E861630D-68DA-49F6-A03B-B25A56A293CB,2013-10-16 00:00:00.000
15492,14687,rachael3@adventure-works.com,00056A63-A498-4859-9DF6-53632BFD7A92,2013-08-15 00:00:00.000
15493,14688,rachael4@adventure-works.com,2FE5097F-2D1B-4AA4-B971-29E446511168,2013-07-26 00:00:00.000
15494,14689,rachael5@adventure-works.com,CB23D0B6-DB13-48B3-B1EA-B02DDBEEF677,2012-03-28 00:00:00.000
15495,14690,sean29@adventure-works.com,C4D65BCC-3C93-4F90-8FB1-4C63FEAB77D4,2014-03-12 00:00:00.000
15496,14691,timothy23@adventure-works.com,148E0849-B0D2-496A-A9D9-147E4E9D8BC8,2013-11-07 00:00:00.000
15497,14692,diane12@adventure-works.com,F0F3DABE-2C76-4784-8540-53A58A352706,2013-09-13 00:00:00.000
15498,14693,patrick26@adventure-works.com,D059C8AF-9EA4-42A9-A458-3A4A523C9FC7,2011-06-08 00:00:00.000
15499,14694,rachael6@adventure-works.com,7BBFCCA4-6027-4709-BEAD-E9E3C272A303,2013-08-30 00:00:00.000
15500,14695,brian33@adventure-works.com,308DBC24-D286-446A-B359-F527292DC292,2014-04-14 00:00:00.000
15501,14696,bryce20@adventure-works.com,CC8275A7-4C12-4FD7-A634-697CF108B0E9,2013-12-23 00:00:00.000
15502,14697,rachael7@adventure-works.com,F2887B45-C002-4D81-B888-FE74E9EE947F,2013-08-01 00:00:00.000
15503,14698,rachael8@adventure-works.com,8D3AA265-E2FF-4E1E-98F4-FCBAD07F0A74,2014-06-09 00:00:00.000
15504,14699,rachael9@adventure-works.com,32720AC9-ED79-4AEC-A01D-AE7D1918013D,2014-04-18 00:00:00.000
15505,14700,nathaniel22@adventure-works.com,63D5B396-9D32-4F82-B41C-6BA86579BFE1,2013-12-03 00:00:00.000
15506,14701,rachael10@adventure-works.com,B8DE7548-FDE5-40F1-BA8D-8C93E597D4AF,2014-02-02 00:00:00.000
15507,14702,chase22@adventure-works.com,24DE4E8A-5836-4F06-A66D-9D39D47B6841,2013-09-26 00:00:00.000
15508,14703,rachael11@adventure-works.com,F54F4839-1291-4843-9937-D4E9C6F2AFC1,2013-12-02 00:00:00.000
15509,14704,rachael12@adventure-works.com,886BF1C3-E26E-4BB1-B44B-3EA76CFDD7B9,2014-02-05 00:00:00.000
15510,14705,juan31@adventure-works.com,4F5061D1-7880-4BE1-ADCF-03149506B593,2014-04-07 00:00:00.000
15511,14706,sebastian20@adventure-works.com,8964B84B-8CF5-4715-A861-015617D3EAB1,2013-08-27 00:00:00.000
15512,14707,rachael13@adventure-works.com,091DB82A-D42A-44F4-A5A7-83C339423FC5,2013-10-28 00:00:00.000
15513,14708,cole22@adventure-works.com,DBD109B1-849B-4530-84A0-4F584D88EEE6,2013-12-30 00:00:00.000
15514,14709,jared23@adventure-works.com,6C6ECC30-37D8-4F89-B4DF-4375226810AB,2011-12-23 00:00:00.000
15515,14710,diane13@adventure-works.com,A4728031-BC5E-4494-9108-9C3D8AC17F4D,2014-04-03 00:00:00.000
15516,14711,rachael14@adventure-works.com,8D2F573B-E80F-4101-9126-EA4EF1491D84,2013-02-17 00:00:00.000
15517,14712,garrett26@adventure-works.com,721BC235-ADBA-42C3-B3F7-AA614F2CC14F,2013-08-16 00:00:00.000
15518,14713,rachael15@adventure-works.com,F43CBFF9-25DD-4E48-AB95-6D08E9CFCAC3,2013-01-23 00:00:00.000
15519,14714,rachael16@adventure-works.com,F7A59B77-C81B-461E-90D6-9296B84F50DE,2011-05-31 00:00:00.000
15520,14715,rachael17@adventure-works.com,AB2ABB50-628A-4C28-B433-74B9DC9A28B6,2013-07-25 00:00:00.000
15521,14716,rachael18@adventure-works.com,29B0ED0E-2D66-4B31-B72D-37CD329C8A1B,2012-03-20 00:00:00.000
15522,14717,steven31@adventure-works.com,581E3C4B-E46C-4930-9764-71416DE89777,2012-08-15 00:00:00.000
15523,14718,rachael19@adventure-works.com,952B0D1D-CA56-46EF-8436-B122AD049FD7,2012-12-11 00:00:00.000
15524,14719,rachael20@adventure-works.com,D8198DD9-A012-41EB-9B03-759B6C94CDF3,2013-09-30 00:00:00.000
15525,14720,pamela3@adventure-works.com,BAE53E34-F102-44A6-8302-5ABD56AEE80A,2014-04-27 00:00:00.000
15526,14721,pamela4@adventure-works.com,A120B157-FA3A-4669-8BFC-42B5BE781CE0,2012-08-29 00:00:00.000
15527,14722,adrian20@adventure-works.com,AB18E491-9AA6-470B-B744-FA4834532528,2014-01-15 00:00:00.000
15528,14723,cody21@adventure-works.com,0EBE033F-C641-48D5-8B53-5A8A9980AD77,2012-05-25 00:00:00.000
15529,14724,diane14@adventure-works.com,EFE28419-4EEF-4A42-848F-ADE7E71FC5D9,2012-08-23 00:00:00.000
15530,14725,pamela5@adventure-works.com,80AECA5E-3DB0-4A69-A5D8-57B88F8554BF,2014-01-10 00:00:00.000
15531,14726,charles69@adventure-works.com,7FCCADB5-0075-42F7-B4B7-1847AB63BA3E,2014-03-31 00:00:00.000
15532,14727,pamela6@adventure-works.com,8F762844-3100-404A-944D-84F5C1370FEE,2013-08-11 00:00:00.000
15533,14728,pamela7@adventure-works.com,8C35C357-23EC-4101-ADA7-CD06B7CA7858,2013-10-23 00:00:00.000
15534,14729,eduardo88@adventure-works.com,BC73B633-ECA9-440C-876D-66095F5C2337,2014-05-28 00:00:00.000
15535,14730,pamela8@adventure-works.com,18277A1C-2BE6-42F3-9B93-7CB3C6472B31,2013-07-19 00:00:00.000
15536,14731,pamela9@adventure-works.com,198849BE-55B5-43C0-9D40-2426DF4E51E5,2014-04-03 00:00:00.000
15537,14732,logan27@adventure-works.com,9D2BE9B5-1E83-4F96-8030-AC0834F37A6C,2013-10-02 00:00:00.000
15538,14733,nathan30@adventure-works.com,271AD7E2-461D-4796-A87B-01B95D30C02D,2014-06-08 00:00:00.000
15539,14734,samuel30@adventure-works.com,4580543B-8C70-4855-B7DA-93A84B25A6DA,2014-03-13 00:00:00.000
15540,14735,hunter28@adventure-works.com,3235E762-FD78-4AFE-A9E0-97DC1B45F238,2014-04-11 00:00:00.000
15541,14736,pamela10@adventure-works.com,E8520F43-ED09-4C38-B42E-9CC5C31A9689,2014-03-06 00:00:00.000
15542,14737,robert44@adventure-works.com,67C76174-D223-4E85-94D5-5098BE59100C,2014-03-08 00:00:00.000
15543,14738,pamela11@adventure-works.com,6D14BC1A-4690-4F22-ABB5-F79C06161E69,2013-03-30 00:00:00.000
15544,14739,pamela12@adventure-works.com,E34F76AE-16DB-4EC6-80F7-65D9931B319E,2014-05-26 00:00:00.000
15545,14740,jose37@adventure-works.com,25D702F7-9991-4B76-AB9E-BA037559908D,2013-10-27 00:00:00.000
15546,14741,diane15@adventure-works.com,1E893C2E-4683-43FA-BFD0-FF647C5529A1,2014-05-14 00:00:00.000
15547,14742,pamela13@adventure-works.com,2A5692C4-B741-46C8-BA8A-0B56A585564C,2013-09-08 00:00:00.000
15548,14743,pamela14@adventure-works.com,FD825682-6283-46AC-8FE3-FB9F27FB526F,2014-04-30 00:00:00.000
15549,14744,pamela15@adventure-works.com,A16F1202-FF83-4341-9BFC-27A1AA7BB4F5,2013-10-20 00:00:00.000
15550,14745,thomas36@adventure-works.com,C2616F9D-E97F-4CFD-95F3-52779A06A1C4,2013-09-24 00:00:00.000
15551,14746,kyle29@adventure-works.com,F2951755-2054-4E35-AD0F-53FE58658457,2012-12-24 00:00:00.000
15552,14747,pamela16@adventure-works.com,E0F72421-B05B-4691-BB90-04894727EE8E,2012-01-14 00:00:00.000
15553,14748,kevin36@adventure-works.com,14A172D0-BA0F-4E2F-B485-C2B90C2FB4B7,2014-01-16 00:00:00.000
15554,14749,gabriel30@adventure-works.com,34EA067F-B2EC-4D8D-8951-2D202DE66314,2013-08-23 00:00:00.000
15555,14750,elijah28@adventure-works.com,D4A9ABC6-8182-4C2A-AB85-FB1B580E12DC,2013-12-13 00:00:00.000
15556,14751,pamela17@adventure-works.com,C8B42412-1F56-4294-9022-657F71DE729D,2014-05-29 00:00:00.000
15557,14752,jason29@adventure-works.com,9AB61F61-3339-44F9-A6E0-4F3BC3DA9D71,2011-11-14 00:00:00.000
15558,14753,luis33@adventure-works.com,13FCB638-C58D-45F6-ADA6-8AF2ED72117E,2013-03-26 00:00:00.000
15559,14754,punya0@adventure-works.com,5814EB51-04CE-454B-AB75-C25B8123A7DA,2014-01-07 00:00:00.000
15560,14755,caleb28@adventure-works.com,A136BB54-E27C-4A6B-B8A5-C8D37489CE81,2014-01-16 00:00:00.000
15561,14756,pamela18@adventure-works.com,681A6ABF-0122-4645-8D7D-E3E52CADD85B,2013-09-21 00:00:00.000
15562,14757,pamela19@adventure-works.com,0FE4435F-E4D0-47E3-9128-3CC6DAACC2EB,2013-10-31 00:00:00.000
15563,14758,connor28@adventure-works.com,5B5F6B55-49A0-4851-B440-0C5ADEE9CB95,2011-11-30 00:00:00.000
15564,14759,luke31@adventure-works.com,3D837EC2-D12A-41D8-975D-725B97A0DFE4,2014-02-13 00:00:00.000
15565,14760,pamela20@adventure-works.com,9BC34C59-FCA3-4277-9D07-E8D53E066121,2012-10-22 00:00:00.000
15566,14761,pamela21@adventure-works.com,E3B618B9-CB05-4665-89D7-917DE084521F,2012-12-16 00:00:00.000
15567,14762,pamela22@adventure-works.com,A83E639B-C637-42A0-86D3-7523FE1B6BE0,2013-11-13 00:00:00.000
15568,14763,jordan53@adventure-works.com,704CD0F1-6F70-40CE-86A2-FB48D3A67F74,2013-04-22 00:00:00.000
15569,14764,pamela23@adventure-works.com,C58BE05E-28A0-49ED-A4BC-01BDA2503107,2012-11-09 00:00:00.000
15570,14765,jack34@adventure-works.com,F1B1EEB6-E18E-4A73-87D5-17E9D4E1EE2D,2013-11-24 00:00:00.000
15571,14766,adam29@adventure-works.com,1A489CCC-6DE2-4290-929B-D83720AF7A4C,2014-03-06 00:00:00.000
15572,14767,ricky0@adventure-works.com,A2453645-0426-457E-98D3-069AC8DECBB0,2013-07-11 00:00:00.000
15573,14768,ricky1@adventure-works.com,DF1CFF78-1FBE-464A-8E36-5072FB31080D,2011-12-27 00:00:00.000
15574,14769,eric41@adventure-works.com,D5DE160C-38C1-4D79-A5B0-32C128BAFC4A,2014-03-28 00:00:00.000
15575,14770,ricky2@adventure-works.com,B4A139C3-D710-4A91-B827-7A08BB7E84E1,2012-07-26 00:00:00.000
15576,14771,jackson29@adventure-works.com,B33D1659-4FC1-4172-B755-7F91C4C7A3BE,2014-06-14 00:00:00.000
15577,14772,ricky3@adventure-works.com,0E0F60D4-FCF4-4DE7-B246-0A719423F444,2011-11-05 00:00:00.000
15578,14773,carlos25@adventure-works.com,FD35F7AA-4504-4719-B8F7-B55C872473FB,2013-09-13 00:00:00.000
15579,14774,angel21@adventure-works.com,EC18AF63-DFB0-4CEF-83B7-2C42E1498ED4,2014-02-06 00:00:00.000
15580,14775,ricky4@adventure-works.com,EE72E158-1E16-4A8F-B23A-E8CC63BD6BA2,2014-05-09 00:00:00.000
15581,14776,isaiah21@adventure-works.com,DAA23A4D-23B2-46D6-8926-F50C6664E31A,2014-03-24 00:00:00.000
15582,14777,ricky5@adventure-works.com,718AA794-46F0-43F4-A961-8199DF5E40AE,2014-06-16 00:00:00.000
15583,14778,alex26@adventure-works.com,19BE54B5-9207-40A4-890D-2EE691A03B8D,2011-12-30 00:00:00.000
15584,14779,evan23@adventure-works.com,4746B271-CEA0-492A-9516-B3D4248A00E2,2011-12-22 00:00:00.000
15585,14780,diane16@adventure-works.com,67812E8B-9A5C-4A67-8EBB-FEA2777EB28D,2014-03-23 00:00:00.000
15586,14781,ricky6@adventure-works.com,7107F3E6-5BFC-49C6-8CBF-3F4FBA1DA784,2013-03-03 00:00:00.000
15587,14782,mason20@adventure-works.com,910F3933-0857-4B56-A030-1179B9489D69,2013-07-05 00:00:00.000
15588,14783,ricky7@adventure-works.com,298FC1A3-2B27-41A0-9405-57334B068FE3,2014-02-25 00:00:00.000
15589,14784,isaac22@adventure-works.com,B8C5460A-F32D-41A2-89B1-EB6899B0DCF1,2013-10-18 00:00:00.000
15590,14785,ricky8@adventure-works.com,33B05A09-787C-41DD-9BD7-D96DB93F47BB,2013-01-17 00:00:00.000
15591,14786,jesse23@adventure-works.com,71A1FDBA-CD79-4DCB-B295-E183E546B489,2014-01-18 00:00:00.000
15592,14787,ricky9@adventure-works.com,8C84F341-4B58-49BC-ACC4-2B2C646D7C36,2012-07-17 00:00:00.000
15593,14788,ricky10@adventure-works.com,E74DEA16-0FD8-4C9E-93A0-234CF92AE8D4,2013-02-03 00:00:00.000
15594,14789,ricky11@adventure-works.com,78C2966A-9E89-4A7A-9FB9-AD95BCD27FDA,2012-02-14 00:00:00.000
15595,14790,sean30@adventure-works.com,DCA44A9E-765E-44BB-A399-716F30F0699B,2013-12-08 00:00:00.000
15596,14791,timothy24@adventure-works.com,3BDF3BB0-0636-4832-AF40-5FF4D50DC548,2012-11-11 00:00:00.000
15597,14792,james50@adventure-works.com,738903A7-7F88-46A9-916D-8EB07C80F3B2,2012-11-18 00:00:00.000
15598,14793,jonathan30@adventure-works.com,8CFFFDF5-DECD-4DDC-B386-B7154D1AC93C,2013-03-01 00:00:00.000
15599,14794,ricky12@adventure-works.com,71CE048B-F683-4AF5-B6AF-30AC5047085D,2013-08-06 00:00:00.000
15600,14795,ricky13@adventure-works.com,3FC48B48-A56D-48F4-B951-DC67FF5A4E33,2014-01-29 00:00:00.000
15601,14796,ricky14@adventure-works.com,3C91BF4D-2A6C-43ED-950B-E401D2960688,2014-04-18 00:00:00.000
15602,14797,samuel31@adventure-works.com,F010CEAF-6104-4376-BD9A-E7317A423D4A,2014-01-05 00:00:00.000
15603,14798,ricky15@adventure-works.com,D837BF09-2F75-4A28-8BCF-69A2820BD0F5,2012-02-26 00:00:00.000
15604,14799,diane17@adventure-works.com,654060B9-7BD6-4E07-A414-A188B3D1E538,2013-07-18 00:00:00.000
15605,14800,ricky16@adventure-works.com,DF018844-DE53-4793-87B7-94BE7BB281B3,2014-01-07 00:00:00.000
15606,14801,ricky17@adventure-works.com,EC602A9A-B33C-42DB-A002-671FB1AE8486,2013-12-12 00:00:00.000
15607,14802,hunter29@adventure-works.com,B20E7447-26F4-40CC-9F78-3F97447FF2DE,2014-05-14 00:00:00.000
15608,14803,ricky18@adventure-works.com,F468F1FD-1084-46DA-AAEB-A39B579399F0,2014-03-13 00:00:00.000
15609,14804,noah27@adventure-works.com,C47E3C7F-FA28-49EF-97DC-944AFE10888E,2013-12-28 00:00:00.000
15610,14805,jose38@adventure-works.com,5228A886-5526-428B-BC39-9951C793E91C,2014-03-03 00:00:00.000
15611,14806,ricky19@adventure-works.com,099C6F27-8B03-46AB-B2FF-F17EB34B6E34,2014-02-10 00:00:00.000
15612,14807,ricky20@adventure-works.com,18FBC93B-9C0C-4203-8DB4-DCE3EFAB03DC,2013-12-17 00:00:00.000
15613,14808,thomas37@adventure-works.com,7B2EF7A6-B8A4-487F-84A5-C3E6C83C4722,2013-07-01 00:00:00.000
15614,14809,ricky21@adventure-works.com,E9612799-B9E0-46D2-BAFD-134A35ADDFBA,2011-10-29 00:00:00.000
15615,14810,kyle30@adventure-works.com,63DF67AB-78CA-47BC-B2EB-8B3C9E1FD05C,2014-02-12 00:00:00.000
15616,14811,ricky22@adventure-works.com,36AD3220-316A-483D-8C7A-409A9DBB22D9,2014-03-05 00:00:00.000
15617,14812,kevin37@adventure-works.com,9D99ED9E-6113-4237-9094-1A41A97C6E06,2013-12-06 00:00:00.000
15618,14813,gabriel31@adventure-works.com,8C19632A-32AC-4F87-A331-FF6740991E52,2014-04-13 00:00:00.000
15619,14814,elijah29@adventure-works.com,358DD58B-DE0B-436D-813D-B2F4289D7EE0,2013-11-10 00:00:00.000
15620,14815,jimmy2@adventure-works.com,145306C6-D3A9-4D92-8DBA-D47439DB79BB,2013-07-29 00:00:00.000
15621,14816,jason30@adventure-works.com,6130FBB7-8246-473E-9396-407D24FB42C7,2014-04-07 00:00:00.000
15622,14817,jimmy3@adventure-works.com,A6B0B736-9E0C-4A49-8DCC-2A615E51B987,2014-06-06 00:00:00.000
15623,14818,damien37@adventure-works.com,CAC41A44-BB29-47BA-9E66-AD9319A186F6,2014-03-28 00:00:00.000
15624,14819,diane18@adventure-works.com,3A96D922-4A1F-417B-A1AB-128CA07A9F8D,2013-04-12 00:00:00.000
15625,14820,jimmy4@adventure-works.com,90A598E7-17CC-4349-BA90-35DF14C050E8,2013-08-21 00:00:00.000
15626,14821,aaron33@adventure-works.com,5070FD0F-9808-4F03-82A9-DB7CCC6D8B42,2013-11-11 00:00:00.000
15627,14822,caleb29@adventure-works.com,EC08B75D-C23B-4B84-9391-92E35486203C,2014-03-14 00:00:00.000
15628,14823,connor29@adventure-works.com,13DEFE64-B61B-4CDE-B53B-13305A28605B,2013-11-24 00:00:00.000
15629,14824,jimmy5@adventure-works.com,0224803C-EB27-4C8E-9BCD-366E1D503708,2013-12-25 00:00:00.000
15630,14825,luke32@adventure-works.com,FC252D9F-CBA7-4AE3-AEAA-47DE6393CCC5,2013-09-18 00:00:00.000
15631,14826,jimmy6@adventure-works.com,8B4C8516-4B16-492A-8939-A26553BF2F70,2013-07-13 00:00:00.000
15632,14827,jordan54@adventure-works.com,CFCF1836-7EA4-4010-92B9-EBFFCCB86C5D,2013-07-29 00:00:00.000
15633,14828,jack35@adventure-works.com,5AE92A4D-5385-46E6-A473-F9F21F6C995B,2013-10-29 00:00:00.000
15634,14829,adam30@adventure-works.com,2AF5F5F6-98FA-422D-A62D-9E13A69C4298,2013-07-14 00:00:00.000
15635,14830,jimmy7@adventure-works.com,F2A1A24F-0F82-4C7C-874A-9CAD0A319DFD,2013-09-23 00:00:00.000
15636,14831,eric42@adventure-works.com,830CDFB7-C351-451E-8BD9-D07CE09367BF,2011-11-15 00:00:00.000
15637,14832,jimmy8@adventure-works.com,F471BE13-AE4D-43DB-9422-CB7AE1891B57,2013-04-20 00:00:00.000
15638,14833,jimmy9@adventure-works.com,D2888C25-8DD3-470C-B1D3-A6B31EFE6819,2011-06-21 00:00:00.000
15639,14834,jimmy10@adventure-works.com,F2798651-D2D3-4C63-B5E6-F5F75FE5A30E,2014-01-09 00:00:00.000
15640,14835,jimmy11@adventure-works.com,81AE6110-D9B5-4F43-93CF-FCA3A53CDE32,2014-04-24 00:00:00.000
15641,14836,jackson30@adventure-works.com,4A1CB266-8448-4B40-A5F3-1016F9410717,2014-04-16 00:00:00.000
15642,14837,jimmy12@adventure-works.com,A37FB5A9-1581-4888-AA7D-5AF44D29E35C,2013-08-09 00:00:00.000
15643,14838,carlos26@adventure-works.com,92CFE470-F95A-450A-915F-9817BF12230C,2013-01-22 00:00:00.000
15644,14839,jimmy13@adventure-works.com,A5D8E2D1-09D8-4342-8449-4DA63B44E3CA,2011-07-19 00:00:00.000
15645,14840,diane19@adventure-works.com,6BD8DFC1-DAD1-47C7-B891-D5BA75287D32,2013-11-17 00:00:00.000
15646,14841,jimmy14@adventure-works.com,51126F61-CF9C-451F-BBB4-BAD07AC8477E,2012-05-24 00:00:00.000
15647,14842,angel22@adventure-works.com,B5333735-5D7B-4940-B321-BAFC2B048C9E,2014-06-21 00:00:00.000
15648,14843,isaiah22@adventure-works.com,AFB31131-E267-475D-A66F-DBAD87B722E2,2014-03-12 00:00:00.000
15649,14844,alex27@adventure-works.com,9CF6C4FF-E5B1-4190-96EA-2C4B2EF0B3C1,2013-09-01 00:00:00.000
15650,14845,evan24@adventure-works.com,B134CE50-169F-4FC2-B2DC-89D9A3A5D4C0,2013-12-19 00:00:00.000
15651,14846,jimmy15@adventure-works.com,0191894F-2B76-4BF2-BEC1-38D54D84E523,2012-07-22 00:00:00.000
15652,14847,jimmy16@adventure-works.com,2A7815F2-95FF-41A3-A7E3-F8A51BE4F861,2012-08-16 00:00:00.000
15653,14848,mason21@adventure-works.com,89F533FE-E819-4B27-8D21-38EC66324863,2013-04-04 00:00:00.000
15654,14849,jimmy17@adventure-works.com,B564AE60-2910-4070-98A2-CDD201DF3878,2014-01-02 00:00:00.000
15655,14850,isaac23@adventure-works.com,DCA2DC71-A478-4274-969A-0BAEEBF7D775,2013-11-19 00:00:00.000
15656,14851,jesse24@adventure-works.com,89FE282C-32E9-4C7F-A260-A663D2F5599D,2014-01-14 00:00:00.000
15657,14852,jimmy18@adventure-works.com,0AF0DE8F-35D2-407E-BC0C-9C1325F27753,2012-06-29 00:00:00.000
15658,14853,sean31@adventure-works.com,1BC592EF-4854-40B7-ABE7-EF260712C635,2013-08-25 00:00:00.000
15659,14854,jimmy19@adventure-works.com,E5312F46-EE44-4D4B-8226-EA48B28FCB12,2013-10-06 00:00:00.000
15660,14855,timothy25@adventure-works.com,55C0F19A-70EF-4A9F-9F9D-53BEEA2438E8,2014-06-24 00:00:00.000
15661,14856,jimmy20@adventure-works.com,5F15D4A6-0FFF-421D-80AE-A549277C21DA,2012-12-12 00:00:00.000
15662,14857,james51@adventure-works.com,D66BF3B4-56F1-47CC-883B-7A6572103240,2013-05-16 00:00:00.000
15663,14858,jonathan31@adventure-works.com,AAF3C56C-231D-4B3E-9623-1830E2A35AA7,2013-07-29 00:00:00.000
15664,14859,jimmy21@adventure-works.com,8970E810-B9F5-411F-BF94-B2D53F25FCAB,2014-03-29 00:00:00.000
15665,14860,logan28@adventure-works.com,F7EA671D-6E87-4537-B4D7-E756F17EEC28,2013-12-02 00:00:00.000
15666,14861,jimmy22@adventure-works.com,8DFF56E4-4694-4871-AD7E-C49B828EC372,2013-10-15 00:00:00.000
15667,14862,nathan31@adventure-works.com,10970D38-61FF-4B87-9065-1620577528D4,2013-12-01 00:00:00.000
15668,14863,samuel32@adventure-works.com,20B19DD3-1805-48B0-84DF-4CE7714870AE,2013-07-26 00:00:00.000
15669,14864,jimmy23@adventure-works.com,D6350B3E-3657-40F0-95AB-43A8486FC4E6,2013-12-28 00:00:00.000
15670,14865,diane20@adventure-works.com,F1E10D76-289D-4092-8BAB-D9F0E79C69F7,2013-07-07 00:00:00.000
15671,14866,jimmy24@adventure-works.com,BE0294B6-AA56-47DE-BBAF-1B7C734B5E76,2013-11-12 00:00:00.000
15672,14867,jimmy25@adventure-works.com,D548C68B-6DBA-460B-966A-DAA4D5D3C477,2012-08-24 00:00:00.000
15673,14868,jimmy26@adventure-works.com,329EB4A4-97C2-4B49-9FB6-64183CF9E870,2013-09-15 00:00:00.000
15674,14869,hunter30@adventure-works.com,A5E4CBD6-251D-421E-A6AE-6E876A8226A7,2014-02-23 00:00:00.000
15675,14870,noah28@adventure-works.com,B453BB9B-BB36-4A97-878F-511570B1097C,2013-12-10 00:00:00.000
15676,14871,marc3@adventure-works.com,E40AB5E2-AA2E-4BF2-B1AC-3ADC67A419A7,2011-07-10 00:00:00.000
15677,14872,jose39@adventure-works.com,912F59CA-9444-4C40-8CBB-682C02FA0640,2012-04-28 00:00:00.000
15678,14873,marc4@adventure-works.com,CB112353-FE0A-452E-B96C-4E193839DE69,2014-01-31 00:00:00.000
15679,14874,thomas38@adventure-works.com,4DC34AB5-C65F-412A-80D8-577903D88C3D,2012-12-01 00:00:00.000
15680,14875,marc5@adventure-works.com,4D2846E2-5ED0-4F4D-A234-66FDB878E744,2013-12-27 00:00:00.000
15681,14876,marc6@adventure-works.com,B7452A31-6C42-4584-9DEC-5ED094FA6B29,2011-08-09 00:00:00.000
15682,14877,kyle31@adventure-works.com,C84D31AD-8430-4315-AB1D-369C22093CBD,2012-04-21 00:00:00.000
15683,14878,kevin38@adventure-works.com,43869BAC-B4F2-4B71-BEBE-627CD8D2B92C,2012-01-06 00:00:00.000
15684,14879,marc7@adventure-works.com,70F51C9A-1E98-4529-B437-A9683D48151A,2013-09-22 00:00:00.000
15685,14880,marc8@adventure-works.com,7DA907C4-888F-4DBC-BB56-F895787A37A4,2014-01-09 00:00:00.000
15686,14881,marc9@adventure-works.com,A7FC388D-CBF1-470A-8B91-2323BA173413,2014-05-05 00:00:00.000
15687,14882,elijah30@adventure-works.com,B9B5B8E1-D438-440A-86AD-5F11DB7ECDEE,2014-02-10 00:00:00.000
15688,14883,diane21@adventure-works.com,9193DF7E-6376-43D3-A90F-53C2B219A88E,2013-07-23 00:00:00.000
15689,14884,marc10@adventure-works.com,88C66122-AFC6-45C3-82C0-E3A1F2974AFD,2012-09-16 00:00:00.000
15690,14885,jason31@adventure-works.com,6332F95D-D60C-44EE-95B2-19575C3472B7,2013-12-22 00:00:00.000
15691,14886,luis34@adventure-works.com,EBE01F66-4C8C-4912-86BB-60D025355E17,2014-06-04 00:00:00.000
15692,14887,marc11@adventure-works.com,03EB3055-8809-4DF8-831C-165DD786840C,2013-07-23 00:00:00.000
15693,14888,aaron34@adventure-works.com,360DD1EB-51F2-4350-A8E9-2E30532C4766,2013-11-02 00:00:00.000
15694,14889,caleb30@adventure-works.com,8B9ACF22-66D1-425C-BA98-4B13268DEECE,2013-07-30 00:00:00.000
15695,14890,connor30@adventure-works.com,EA72B249-E8E2-45AE-A0BF-91B3D84D848F,2013-09-30 00:00:00.000
15696,14891,marc12@adventure-works.com,44C6AA4F-5F97-4D8A-825C-DA01F0B5A89E,2013-07-24 00:00:00.000
15697,14892,marc13@adventure-works.com,775FA367-4EE1-4C59-88E8-20BE52B32567,2013-04-21 00:00:00.000
15698,14893,marc14@adventure-works.com,B3920152-349C-4E6A-92D0-FF95F7B12669,2013-09-16 00:00:00.000
15699,14894,luke33@adventure-works.com,87208BCB-D24D-4BA2-BB96-87E1E9D80902,2013-08-08 00:00:00.000
15700,14895,jordan55@adventure-works.com,E3A04CDF-10AE-4B45-A6BC-CF9E9C3C9B0D,2013-12-27 00:00:00.000
15701,14896,jack36@adventure-works.com,93EC81F4-559C-44E8-8624-8C27EDBAF99D,2011-06-28 00:00:00.000
15702,14897,adam31@adventure-works.com,22909F4F-D588-47EF-A22F-E89EBDC367EC,2013-06-22 00:00:00.000
15703,14898,marc15@adventure-works.com,162E1194-E3B6-4FC7-8DBE-0BF0FA998134,2012-02-12 00:00:00.000
15704,14899,eric43@adventure-works.com,4725EB90-B985-45AF-BC17-99C25E2327D8,2013-12-14 00:00:00.000
15705,14900,jackson31@adventure-works.com,5481E025-3741-4AE6-883D-130E781948FA,2014-06-14 00:00:00.000
15706,14901,marc16@adventure-works.com,837BD73F-1598-4782-8EB6-CB458B9A36A7,2014-05-02 00:00:00.000
15707,14902,carlos27@adventure-works.com,A283D040-84D1-4C28-ABFC-00DEB9A77404,2014-01-09 00:00:00.000
15708,14903,marc17@adventure-works.com,98FDAAD3-D960-4503-8EFB-D793AA0645DB,2014-06-17 00:00:00.000
15709,14904,angel23@adventure-works.com,E5B38E5B-2150-4D56-B584-D141089AB17F,2013-10-14 00:00:00.000
15710,14905,marc18@adventure-works.com,57169053-DD53-4E95-B2A6-63DD90832656,2013-04-13 00:00:00.000
15711,14906,diane22@adventure-works.com,1B9F0C24-D9C0-4218-9678-34900068EAEB,2013-09-15 00:00:00.000
15712,14907,marc19@adventure-works.com,20AAC201-D62F-480C-A64B-376E4ACBC2EA,2012-10-15 00:00:00.000
15713,14908,marc20@adventure-works.com,2C314E39-6B24-4321-842A-9DE8D599F812,2014-03-27 00:00:00.000
15714,14909,isaiah23@adventure-works.com,D0F913EA-9E9E-4117-A518-9E686F340F80,2012-01-23 00:00:00.000
15715,14910,marc21@adventure-works.com,764CAEB8-6953-4E68-9007-D2AA2C7A03C6,2011-10-15 00:00:00.000
15716,14911,marc22@adventure-works.com,F177B777-3BA9-43BA-BA58-21ED2CB413D2,2013-12-09 00:00:00.000
15717,14912,alex28@adventure-works.com,0DCD8B60-AFF3-4440-A114-CB143694C4DB,2013-07-17 00:00:00.000
15718,14913,evan25@adventure-works.com,75A5ED7C-9EF3-43C9-B1C0-4F4293323776,2012-08-05 00:00:00.000
15719,14914,marc23@adventure-works.com,F4F5A6B1-0CC3-476A-A1DB-938E13FA32A8,2014-05-31 00:00:00.000
15720,14915,marc24@adventure-works.com,C870DD32-997A-41AD-B529-C4F601297676,2013-03-10 00:00:00.000
15721,14916,marc25@adventure-works.com,6B7FA1B7-2A5C-4C10-AFAD-D3371197D67C,2014-05-04 00:00:00.000
15722,14917,mason22@adventure-works.com,4E0D8986-5509-4AD5-82CA-2A8EE5FADB3C,2014-05-21 00:00:00.000
15723,14918,marc26@adventure-works.com,4F13BBD0-0033-48DE-A021-2B83638F001E,2013-11-23 00:00:00.000
15724,14919,billy1@adventure-works.com,8115095D-2F7D-4C4C-A310-773C9B3C653B,2013-10-04 00:00:00.000
15725,14920,billy2@adventure-works.com,1C1D4292-1DD7-40EC-9BBE-ABF205E2A707,2013-07-13 00:00:00.000
15726,14921,isaac24@adventure-works.com,6732A8E2-38D4-4258-8A3D-B1480B2FFD30,2013-07-07 00:00:00.000
15727,14922,diane23@adventure-works.com,2E7D9186-9963-440A-8F39-2E4004EDFADB,2013-11-24 00:00:00.000
15728,14923,billy3@adventure-works.com,63FD0578-2C5E-4A13-851E-4977F1798B5B,2014-02-07 00:00:00.000
15729,14924,jesse25@adventure-works.com,AE87C48A-9F24-4B50-B7F4-D28FB8D52D94,2013-11-19 00:00:00.000
15730,14925,sean32@adventure-works.com,6B6CF986-94BD-4B37-924B-6E9FB8105754,2011-09-12 00:00:00.000
15731,14926,billy4@adventure-works.com,18E15E18-F506-4D73-99F5-1A2CB33B2347,2014-01-27 00:00:00.000
15732,14927,billy5@adventure-works.com,DCE0F778-7C9E-42D5-945A-C3BB8E8B126A,2013-09-19 00:00:00.000
15733,14928,timothy26@adventure-works.com,30F30E90-CE45-4A89-8C41-8501EFF808A1,2014-01-21 00:00:00.000
15734,14929,james52@adventure-works.com,7C5AE9A2-065A-4457-BA8C-819E45ED18BD,2014-03-04 00:00:00.000
15735,14930,billy6@adventure-works.com,0AD7581C-71BA-4A70-9D6A-D59B36D28C2E,2011-08-07 00:00:00.000
15736,14931,jonathan32@adventure-works.com,5CE58A13-5C09-4754-8033-A21A509873BA,2014-05-06 00:00:00.000
15737,14932,billy7@adventure-works.com,8E1BCFE7-9721-4005-9EA6-46AB9BA47310,2013-07-13 00:00:00.000
15738,14933,logan29@adventure-works.com,DC2AE3E8-CAF1-4FED-A482-E1B61FAB627B,2013-08-08 00:00:00.000
15739,14934,billy8@adventure-works.com,F1354C1B-7D14-4C64-83E4-A1799E78CC9E,2013-05-11 00:00:00.000
15740,14935,billy9@adventure-works.com,AE57FD48-BCA4-482D-913D-BF44E78FDCA7,2011-09-09 00:00:00.000
15741,14936,nathan32@adventure-works.com,C3513E4E-1A3F-488D-B721-19EFCD5455B8,2013-12-26 00:00:00.000
15742,14937,samuel33@adventure-works.com,3A6349E3-12D1-4921-B416-0D21C50617CF,2013-08-11 00:00:00.000
15743,14938,hunter31@adventure-works.com,A1F53F9B-C643-4E6E-98FA-C26B55E02BC5,2013-08-03 00:00:00.000
15744,14939,billy10@adventure-works.com,1B69A777-B243-4F73-8F4C-D6AD998B3241,2014-04-22 00:00:00.000
15745,14940,noah29@adventure-works.com,EE1A6749-A90E-47B3-9AFC-C499A9F3594D,2013-08-26 00:00:00.000
15746,14941,robert45@adventure-works.com,A9820937-A117-441D-A1A9-9910695E78E6,2013-12-01 00:00:00.000
15747,14942,billy11@adventure-works.com,6FC14C83-67E1-459A-9C9D-AA5C0339BBB8,2013-09-07 00:00:00.000
15748,14943,jose40@adventure-works.com,EC91DFE0-797B-4D2C-94A2-70ECA5B616C3,2013-07-26 00:00:00.000
15749,14944,thomas39@adventure-works.com,C0457C6B-446C-4D0C-924B-AD3D7E921AE8,2014-01-12 00:00:00.000
15750,14945,kyle32@adventure-works.com,4F023EFF-207B-47F6-A741-9A36086FA69C,2013-09-01 00:00:00.000
15751,14946,kevin39@adventure-works.com,088E48FD-1E3B-4714-92F6-9E7B0A1DE1F5,2012-11-16 00:00:00.000
15752,14947,diane24@adventure-works.com,AF64337E-E9F0-4D76-9C86-81534A1A609E,2013-06-26 00:00:00.000
15753,14948,billy12@adventure-works.com,763E9A50-92F3-4BC3-ABEE-06BB1DB3B7EE,2012-08-10 00:00:00.000
15754,14949,gabriel32@adventure-works.com,F220A6CC-7DDE-471D-A389-78A1BFD7EEED,2014-04-25 00:00:00.000
15755,14950,billy13@adventure-works.com,BD0B413B-D114-4082-B583-4AAD635F28A5,2013-02-28 00:00:00.000
15756,14951,billy14@adventure-works.com,F7E42F5B-CEDA-4ECB-A525-10FA42DFEF9D,2013-07-20 00:00:00.000
15757,14952,elijah31@adventure-works.com,B34B24F8-3B99-4841-9E64-3D0E85029191,2014-05-01 00:00:00.000
15758,14953,billy15@adventure-works.com,E45B52F3-5EF3-474A-A0A8-B81EC3968A9B,2013-11-18 00:00:00.000
15759,14954,jason32@adventure-works.com,96690136-7A7C-4DF9-9F8B-8584EF4197E4,2014-04-11 00:00:00.000
15760,14955,luis35@adventure-works.com,A79844C9-DCC3-4790-9A7D-23FFEE9FAE44,2011-12-06 00:00:00.000
15761,14956,aaron35@adventure-works.com,8ACA6954-A8F9-451E-9191-DDC43C2361E9,2011-06-27 00:00:00.000
15762,14957,billy16@adventure-works.com,07778FD1-FC0B-4B0E-B4CC-23BACB8FFE69,2012-12-09 00:00:00.000
15763,14958,billy17@adventure-works.com,397BD95D-317C-4475-B281-5A93FC9C62D1,2013-12-28 00:00:00.000
15764,14959,caleb31@adventure-works.com,00DDB874-4E79-440F-9F8C-E3848CDB0943,2013-12-27 00:00:00.000
15765,14960,connor31@adventure-works.com,899A8888-2DA9-4BFC-9C29-1A67D39B8BB5,2013-02-20 00:00:00.000
15766,14961,billy18@adventure-works.com,AABE9226-EA0C-4832-8365-DA88081BB667,2014-04-21 00:00:00.000
15767,14962,billy19@adventure-works.com,54965166-683B-42C6-8697-569B26236355,2013-11-13 00:00:00.000
15768,14963,diane25@adventure-works.com,2BCEB9DF-563F-4596-9CE6-437B46870720,2013-12-30 00:00:00.000
15769,14964,billy20@adventure-works.com,0EFC5B99-406D-4B4D-9C04-75CE67741201,2014-03-20 00:00:00.000
15770,14965,luke34@adventure-works.com,F985C497-D798-4DC3-8461-2975BAC3E699,2014-03-06 00:00:00.000
15771,14966,billy21@adventure-works.com,C4941FD1-7DAE-498D-B341-4122512082FD,2014-02-18 00:00:00.000
15772,14967,jordan56@adventure-works.com,E6266A9F-9D53-43D6-8A72-0D689E3BC98F,2013-07-05 00:00:00.000
15773,14968,billy22@adventure-works.com,611DB0DC-F50F-4A2F-85DF-77DD246D1268,2013-12-15 00:00:00.000
15774,14969,hector20@adventure-works.com,5C883842-1086-4EAD-A44E-999C1D841377,2014-05-23 00:00:00.000
15775,14970,hector21@adventure-works.com,5F052F2A-C809-452B-8956-7C33FF8AAAAE,2013-10-15 00:00:00.000
15776,14971,jack37@adventure-works.com,C52207B3-542F-48E3-BFA8-70799F9DEBBA,2011-08-04 00:00:00.000
15777,14972,adam32@adventure-works.com,3D6F42F8-63EE-4B71-A724-C01D40E466D5,2014-01-30 00:00:00.000
15778,14973,martin3@adventure-works.com,F36BB582-A65C-491D-952E-70E661BC4F57,2013-08-21 00:00:00.000
15779,14974,eric44@adventure-works.com,1AB63715-3280-4A75-A3BB-5068312B4192,2013-07-30 00:00:00.000
15780,14975,martin4@adventure-works.com,2DAC9E84-5B0A-4393-B4E6-95BBFB6B16CD,2013-12-14 00:00:00.000
15781,14976,jackson32@adventure-works.com,EFFBB540-C58C-498F-8F80-6552F6BFFB6C,2013-12-24 00:00:00.000
15782,14977,martin5@adventure-works.com,DA24DC4D-C59B-4206-9F44-9E21056F389B,2012-01-24 00:00:00.000
15783,14978,carlos28@adventure-works.com,9DC7D4B8-3764-4D51-88DB-20084C80002B,2013-07-17 00:00:00.000
15784,14979,troy0@adventure-works.com,FB7D35D0-A448-4295-BCF4-D55DAE8B9BA3,2012-05-06 00:00:00.000
15785,14980,troy1@adventure-works.com,641A3363-8661-413D-8BBB-885A77BE0283,2014-02-10 00:00:00.000
15786,14981,isaiah24@adventure-works.com,8D88494F-368F-46EB-9776-EB84011109C0,2013-08-06 00:00:00.000
15787,14982,alex29@adventure-works.com,9AC4B908-3C38-43CE-98B3-F663E8711A91,2014-01-05 00:00:00.000
15788,14983,diane26@adventure-works.com,272305D9-4E28-442F-BE71-947F99C1DF54,2013-09-26 00:00:00.000
15789,14984,troy2@adventure-works.com,E741B36E-246F-4EEF-B261-F1CFC2CF2259,2013-08-18 00:00:00.000
15790,14985,evan26@adventure-works.com,15F8A81A-3212-45A1-A2CE-E1C3F7874564,2012-07-05 00:00:00.000
15791,14986,troy3@adventure-works.com,088B26F6-93EF-4959-99D8-87123658FB62,2013-12-30 00:00:00.000
15792,14987,troy4@adventure-works.com,43604222-2385-4D7D-AB51-7181398FD244,2014-02-26 00:00:00.000
15793,14988,mason23@adventure-works.com,17271000-B950-42D3-AB39-61AC1FE1C55E,2013-11-29 00:00:00.000
15794,14989,troy5@adventure-works.com,25E6FEA5-696F-424A-B3C1-8ABA1DAEEC99,2014-04-22 00:00:00.000
15795,14990,isaac25@adventure-works.com,900B4931-E741-4A53-BCD8-E4F4C9F32773,2014-04-26 00:00:00.000
15796,14991,sean33@adventure-works.com,C9148B48-0502-44A5-8E2F-215D869D821B,2014-03-27 00:00:00.000
15797,14992,timothy27@adventure-works.com,56E384D2-AFB2-4A46-823F-6CF04058E55F,2013-09-25 00:00:00.000
15798,14993,troy6@adventure-works.com,190D3F12-4FB5-4F1E-A38C-99AB4ECD6091,2011-06-19 00:00:00.000
15799,14994,carlos29@adventure-works.com,283529CF-D6AC-4C74-9622-5098A31E3666,2013-08-02 00:00:00.000
15800,14995,troy7@adventure-works.com,B1BF13BC-EA4C-435F-9BAA-2AC0C196357F,2013-04-11 00:00:00.000
15801,14996,troy8@adventure-works.com,690F3094-F968-49FD-A5D7-23A2DDC57CCC,2014-04-07 00:00:00.000
15802,14997,angel24@adventure-works.com,E8BA644D-6265-40CF-A8AE-580568F2BCCF,2013-12-04 00:00:00.000
15803,14998,troy9@adventure-works.com,88CFA68F-7FC1-4847-B7F5-BC0F1F61DB5D,2012-07-19 00:00:00.000
15804,14999,isaiah25@adventure-works.com,8769B9AC-ED75-42A5-8559-783872C509D2,2012-11-09 00:00:00.000
15805,15000,troy10@adventure-works.com,D1205813-69D4-4F5D-B74F-B01A4FB1E06E,2013-12-02 00:00:00.000
15806,15001,alex30@adventure-works.com,ADDB2C9E-9CB5-47AD-BD42-0DC64953937B,2013-10-23 00:00:00.000
15807,15002,troy11@adventure-works.com,6C7359C1-89A2-426D-82A3-637555302FE2,2012-10-15 00:00:00.000
15808,15003,evan27@adventure-works.com,5E047D24-F2A5-4EC7-AB83-A6735188701A,2014-01-04 00:00:00.000
15809,15004,mason24@adventure-works.com,0D7325A5-3E7C-4B09-B499-6554FA207552,2013-08-28 00:00:00.000
15810,15005,troy12@adventure-works.com,30EE7E49-8B06-41D2-AD29-6F6708634EE7,2014-02-07 00:00:00.000
15811,15006,troy13@adventure-works.com,E88EE828-B899-4E0B-B4A9-8C8B259BC0C9,2014-01-07 00:00:00.000
15812,15007,jesse26@adventure-works.com,3AA34863-7231-4599-85D6-9A33AB4CECF1,2014-03-07 00:00:00.000
15813,15008,troy14@adventure-works.com,091C5170-8401-44CC-A8D7-F771F2E0DF53,2012-01-06 00:00:00.000
15814,15009,troy15@adventure-works.com,77EF6D01-7658-40A1-B0E8-468CDECDE9FD,2013-12-23 00:00:00.000
15815,15010,sean34@adventure-works.com,E08A049B-FF03-4A13-8567-98BD7F8671B5,2014-05-06 00:00:00.000
15816,15011,timothy28@adventure-works.com,A3AEC8E0-7EE9-43E9-B8D1-D38359FBE107,2013-06-30 00:00:00.000
15817,15012,troy16@adventure-works.com,0660B2E9-0158-4C45-A094-F127A4C94CA1,2013-07-15 00:00:00.000
15818,15013,troy17@adventure-works.com,19FEF2D5-49EE-4F68-93EE-449B9E681649,2011-12-25 00:00:00.000
15819,15014,patrick27@adventure-works.com,E9DBE1DE-8F53-4995-8D9F-888B98AD4C16,2013-07-20 00:00:00.000
15820,15015,troy18@adventure-works.com,D39E43B8-8A20-4AB4-884A-D2C56020E17D,2013-02-28 00:00:00.000
15821,15016,troy19@adventure-works.com,DC771A1C-683A-4A8F-8195-4230CBE2799F,2012-05-29 00:00:00.000
15822,15017,brian34@adventure-works.com,5E8D2652-346B-4BC1-8380-01DABB82D08C,2013-03-24 00:00:00.000
15823,15018,bryce21@adventure-works.com,17268630-1C8C-4986-8A27-0F25377FD8F6,2013-10-19 00:00:00.000
15824,15019,chase23@adventure-works.com,61758A8B-ABDD-4C35-A69C-DA02DBFA74AE,2014-05-03 00:00:00.000
15825,15020,troy20@adventure-works.com,8A09ADB3-4421-4911-8DB5-4ADEDA50D6CA,2014-05-30 00:00:00.000
15826,15021,kelvin20@adventure-works.com,6BCEABA3-B7EB-473A-8B59-BCDC5072EF0E,2012-09-19 00:00:00.000
15827,15022,kellie0@adventure-works.com,04F1E0B7-DAAD-446B-A4EE-44BFDCFEF98B,2014-05-07 00:00:00.000
15828,15023,troy21@adventure-works.com,7225B4D9-69A8-4327-A008-638BB277254C,2012-11-19 00:00:00.000
15829,15024,troy22@adventure-works.com,73C7CD8C-F702-4E23-A17A-9B1A515EA1BD,2011-08-27 00:00:00.000
15830,15025,troy23@adventure-works.com,5A3DD5BC-0F73-4633-A616-0FF3ED3371A8,2013-11-12 00:00:00.000
15831,15026,sebastian21@adventure-works.com,3195DD9A-5280-4BCC-908D-28D839066E3C,2012-03-30 00:00:00.000
15832,15027,allen0@adventure-works.com,7249DB57-7A01-4C23-9F32-8DE758198805,2012-07-30 00:00:00.000
15833,15028,allen1@adventure-works.com,C3D5C033-EF48-4322-AE89-D4541B01BEAD,2013-11-13 00:00:00.000
15834,15029,cole23@adventure-works.com,F1991E4B-F44B-4A12-AFE9-C1408ED924E8,2012-06-14 00:00:00.000
15835,15030,allen2@adventure-works.com,74B4FDA9-ACF6-48C3-ABAE-ABD93F45B56B,2013-12-09 00:00:00.000
15836,15031,jared24@adventure-works.com,AB1427EC-120A-4571-B86B-0BF5D8D2E45B,2014-05-24 00:00:00.000
15837,15032,bryan22@adventure-works.com,B96BA044-99B9-45C9-9D5D-19E133F9D081,2011-07-20 00:00:00.000
15838,15033,garrett27@adventure-works.com,672E1FFB-4AFD-4D5F-B086-13AA13287C16,2013-11-25 00:00:00.000
15839,15034,allen3@adventure-works.com,FF4B4E8B-037A-44E1-A4B2-0AC3B2403C8B,2013-10-05 00:00:00.000
15840,15035,steven32@adventure-works.com,639BB389-BB9D-46BE-A25D-18CC37AB056E,2014-01-04 00:00:00.000
15841,15036,adrian21@adventure-works.com,75877BC1-6387-4844-96CA-97D2885DDA91,2013-12-27 00:00:00.000
15842,15037,cody22@adventure-works.com,E5E03E8F-9731-4C91-8D3A-234387D8D498,2013-01-06 00:00:00.000
15843,15038,charles70@adventure-works.com,ABD06461-AD3C-4D82-BFD0-084447A32CF9,2013-12-13 00:00:00.000
15844,15039,allen4@adventure-works.com,9D7F7C20-6730-45C0-AAED-8818C9C0C56C,2014-03-17 00:00:00.000
15845,15040,devin86@adventure-works.com,979D385D-EC39-4666-8E58-9F35087A3299,2012-07-18 00:00:00.000
15846,15041,allen5@adventure-works.com,69DBEB3C-87F1-46EF-A872-F18D669B0CB3,2014-01-27 00:00:00.000
15847,15042,kellie1@adventure-works.com,A605A5CE-02DA-4A0F-B16C-E8EABECE7AE3,2013-12-16 00:00:00.000
15848,15043,eduardo89@adventure-works.com,0484C239-A612-4C29-8D36-697AE1AD2582,2013-08-24 00:00:00.000
15849,15044,allen6@adventure-works.com,E501C926-2C86-46A3-BDA2-7AB4BBBDDA4F,2012-06-25 00:00:00.000
15850,15045,richard102@adventure-works.com,8992EAF7-CC68-4D50-AE2E-DD6837913B84,2014-02-04 00:00:00.000
15851,15046,maurizio0@adventure-works.com,10279B96-FA41-4050-88B4-B9D4CDD2EFCF,2012-08-14 00:00:00.000
15852,15047,marcus96@adventure-works.com,AA2482A7-3D54-4302-9386-1E9C8B751278,2014-02-25 00:00:00.000
15853,15048,ian88@adventure-works.com,86BFFF4E-F740-46E7-99DF-238FF5743814,2014-01-23 00:00:00.000
15854,15049,allen7@adventure-works.com,42E1193E-1841-48CD-85BB-53E8B3E137D1,2013-12-23 00:00:00.000
15855,15050,lucas92@adventure-works.com,E192DE70-987A-4ADD-AB3F-972D728EF2B4,2014-02-07 00:00:00.000
15856,15051,allen8@adventure-works.com,B4CDCE7C-7B91-4347-8DBD-6E3FCA3EEFF5,2014-06-30 00:00:00.000
15857,15052,allen9@adventure-works.com,9C0E9B91-E078-4C20-AB4D-B0EC1C669D74,2013-05-26 00:00:00.000
15858,15053,seth91@adventure-works.com,811FB937-BA0B-4521-905F-39EE5E8F0349,2014-02-12 00:00:00.000
15859,15054,allen10@adventure-works.com,D13B5282-8F33-4753-B25D-78D2D4D5C6EC,2013-07-24 00:00:00.000
15860,15055,allen11@adventure-works.com,E9F45CA9-6A01-4B55-B39D-9EE30FC4E0B8,2013-09-14 00:00:00.000
15861,15056,allen12@adventure-works.com,10F13125-86CC-45CF-85FB-E9E553D642DE,2013-06-30 00:00:00.000
15862,15057,hunter32@adventure-works.com,5EAA5CDF-1317-45FC-B678-D65E72A907A6,2013-11-23 00:00:00.000
15863,15058,kellie2@adventure-works.com,45269509-11A2-449C-92E5-F1B173AF4269,2013-11-05 00:00:00.000
15864,15059,allen13@adventure-works.com,3B35B885-1735-4EAC-BD41-365AF2C57C58,2011-06-25 00:00:00.000
15865,15060,noah30@adventure-works.com,331B4CA4-E397-4C31-A173-A44EAB513F1D,2014-06-07 00:00:00.000
15866,15061,robert46@adventure-works.com,418B72AC-DD50-4965-ACC8-F4169DB3E249,2013-03-13 00:00:00.000
15867,15062,allen14@adventure-works.com,B522499E-CD8F-487A-BD2B-99FA981B2D10,2012-01-05 00:00:00.000
15868,15063,josé41@adventure-works.com,F39607D3-8B37-491B-A837-C79B5323A438,2014-03-01 00:00:00.000
15869,15064,allen15@adventure-works.com,97090126-008B-49DE-B144-F1C206A24BE0,2011-08-01 00:00:00.000
15870,15065,thomas40@adventure-works.com,DA2F1A3E-865A-4283-AB97-943937EBEC06,2014-03-18 00:00:00.000
15871,15066,allen16@adventure-works.com,97818493-B11A-421C-943B-603423DDE0DF,2013-02-07 00:00:00.000
15872,15067,allen17@adventure-works.com,053441B3-1EA0-432B-8DDA-287503A06B7E,2014-04-27 00:00:00.000
15873,15068,kyle33@adventure-works.com,B1079D48-2085-4C9B-A829-86464657DF4C,2013-05-28 00:00:00.000
15874,15069,allen18@adventure-works.com,441307C4-56BD-4184-BC94-27F63F0D20AE,2011-09-07 00:00:00.000
15875,15070,kevin40@adventure-works.com,E1CFA005-9C6C-4408-A5D7-A82E38FF0EC2,2011-10-22 00:00:00.000
15876,15071,gabriel33@adventure-works.com,53948E8C-8EDD-4A5A-9A47-7AFC46322841,2014-06-10 00:00:00.000
15877,15072,elijah32@adventure-works.com,393478B1-851C-4780-97B1-A10D85F22FFC,2012-11-02 00:00:00.000
15878,15073,jason33@adventure-works.com,AF16A713-30AB-4955-8AC6-2C00E41A9E0C,2013-10-01 00:00:00.000
15879,15074,allen19@adventure-works.com,AE6F1721-C763-42C4-AA42-C2CB99D0E67D,2013-10-17 00:00:00.000
15880,15075,luis36@adventure-works.com,715275FF-00D6-4DB1-9F8D-C023787F6D9F,2014-04-22 00:00:00.000
15881,15076,johnathan1@adventure-works.com,C7FB292E-C5F8-4604-9468-AC4816445C3B,2012-12-23 00:00:00.000
15882,15077,johnathan2@adventure-works.com,6DBC13F4-AB09-457C-BD79-AC7E834604D7,2012-06-02 00:00:00.000
15883,15078,aaron36@adventure-works.com,9B59F6C9-19D6-4597-8482-B211CF36C605,2013-10-18 00:00:00.000
15884,15079,kellie3@adventure-works.com,9F2B98F5-DFB9-482C-AEB9-82D5F6B5D7F0,2013-08-14 00:00:00.000
15885,15080,johnathan3@adventure-works.com,6450B634-776E-4583-B221-6B29A5FF3B1F,2012-05-13 00:00:00.000
15886,15081,johnathan4@adventure-works.com,46AF61E7-6E48-499A-8AAC-ED9B776CBD93,2013-04-28 00:00:00.000
15887,15082,johnathan5@adventure-works.com,0D8DCB48-A643-4906-B463-0392BEF2DE80,2014-04-25 00:00:00.000
15888,15083,johnathan6@adventure-works.com,98A815DF-8BBB-4447-BF90-7A6F3230EEC6,2013-08-09 00:00:00.000
15889,15084,johnathan7@adventure-works.com,9C03FB77-CB7F-4895-A436-3F33799E0A71,2013-11-03 00:00:00.000
15890,15085,johnathan8@adventure-works.com,2C5A34E2-4A81-4580-8D58-27AFF093BE00,2014-03-05 00:00:00.000
15891,15086,johnathan9@adventure-works.com,46CE5311-F2C0-4D75-A6BC-06A52A48A238,2012-12-13 00:00:00.000
15892,15087,caleb32@adventure-works.com,169D2FF1-9E2C-4D3A-937A-1545B84728D3,2013-09-25 00:00:00.000
15893,15088,johnathan10@adventure-works.com,280C81BC-8F6B-4DD5-9795-90F7B8502EA4,2013-12-25 00:00:00.000
15894,15089,johnathan11@adventure-works.com,7172FE51-764C-4C81-9403-815AF7F951AD,2013-10-31 00:00:00.000
15895,15090,connor32@adventure-works.com,B5AAC434-A707-4464-9689-715AC244B1D6,2012-10-19 00:00:00.000
15896,15091,kellie4@adventure-works.com,1B5C1FD5-B06E-4D0E-915C-B85B2689365A,2012-07-05 00:00:00.000
15897,15092,johnathan12@adventure-works.com,D5B4135E-1AF8-455A-8910-0B9496091C71,2014-04-07 00:00:00.000
15898,15093,johnathan13@adventure-works.com,2166712D-2BD4-4183-8765-3BB5DABFD82B,2013-11-13 00:00:00.000
15899,15094,johnathan14@adventure-works.com,D99F31C6-6000-46F0-8378-75E54457146D,2013-08-03 00:00:00.000
15900,15095,jordan57@adventure-works.com,402BE4A6-9D17-4DD5-ADC5-F315AD016AE7,2014-05-28 00:00:00.000
15901,15096,jack38@adventure-works.com,D3E975AE-7E2B-4E78-9CE2-F62DAF17430C,2013-02-08 00:00:00.000
15902,15097,johnathan15@adventure-works.com,7F642E99-4E16-44A4-88D6-06D1F7434237,2014-02-17 00:00:00.000
15903,15098,adam33@adventure-works.com,9BBC63E5-C7D5-40AD-A5AE-CD8138BAA584,2013-08-08 00:00:00.000
15904,15099,johnathan16@adventure-works.com,729A925A-1463-4D7C-A1AF-7A52CD1175D4,2014-01-30 00:00:00.000
15905,15100,johnathan17@adventure-works.com,D0405434-1194-40B9-8899-9B38FE9EDA90,2014-05-24 00:00:00.000
15906,15101,eric45@adventure-works.com,86A34E23-831F-4DBE-BF09-A134F188BAEC,2013-09-07 00:00:00.000
15907,15102,johnathan18@adventure-works.com,C49BA7E4-3AA8-40D7-89E6-56ED3B746922,2011-08-21 00:00:00.000
15908,15103,jackson33@adventure-works.com,A085A884-88D7-4472-B346-91B5C976C886,2011-11-21 00:00:00.000
15909,15104,johnathan19@adventure-works.com,24E14F56-0C6B-4A82-BBD4-8F08946B04DD,2013-08-22 00:00:00.000
15910,15105,johnathan20@adventure-works.com,E9ED0087-19D7-4D9B-9134-4CACC6B67085,2012-04-02 00:00:00.000
15911,15106,carlos30@adventure-works.com,6B1D405A-5502-4EF8-8AA5-71B0E2C88D0F,2014-01-07 00:00:00.000
15912,15107,angel25@adventure-works.com,26965570-FBDA-45A0-94BD-4044FD329AC1,2013-02-13 00:00:00.000
15913,15108,manuel0@adventure-works.com,C7FEC9AD-1BDD-4DB4-AF09-E5E500D9CE80,2014-05-19 00:00:00.000
15914,15109,isaiah26@adventure-works.com,2B673821-6D3F-445A-A2DB-E4AA8F8DC1E5,2012-05-23 00:00:00.000
15915,15110,alex31@adventure-works.com,C69A9E4A-9CF6-468E-BF70-452EE12425B9,2013-07-07 00:00:00.000
15916,15111,manuel1@adventure-works.com,DC34D288-40AD-4264-9DD5-06358E6848F6,2014-04-29 00:00:00.000
15917,15112,evan28@adventure-works.com,15E16AE4-53F0-456A-B919-DEB6AFF88E33,2011-12-12 00:00:00.000
15918,15113,manuel2@adventure-works.com,15F19B0B-E461-4913-A24D-9A0497D12650,2014-01-07 00:00:00.000
15919,15114,isaac26@adventure-works.com,3C445FDB-8204-4338-902D-097F7EB816C4,2014-04-19 00:00:00.000
15920,15115,manuel3@adventure-works.com,03F13907-69E0-43AC-A147-C72711BF897B,2013-07-08 00:00:00.000
15921,15116,jesse27@adventure-works.com,D3F66E2F-C203-4142-ACC9-151D2E02987A,2014-05-22 00:00:00.000
15922,15117,sean35@adventure-works.com,1D1769C6-B99F-47A9-9280-AB7823394AF2,2013-02-03 00:00:00.000
15923,15118,manuel4@adventure-works.com,B7E9339C-BBDC-4318-871E-F6F26411023F,2014-04-12 00:00:00.000
15924,15119,timothy29@adventure-works.com,456E51FC-7B31-4D1D-ABC5-9084F15AC2B2,2014-02-02 00:00:00.000
15925,15120,manuel5@adventure-works.com,D9BE8531-EC0A-4E06-B5BA-967442993266,2013-10-02 00:00:00.000
15926,15121,manuel6@adventure-works.com,C708C108-1679-4374-BCB0-4028F676C8A3,2012-07-05 00:00:00.000
15927,15122,james53@adventure-works.com,AD7DCB83-D877-420F-9D66-E7F6BADB04A4,2013-09-29 00:00:00.000
15928,15123,manuel7@adventure-works.com,37E66B5B-4292-4CDF-9BF7-F3B74EBF39E1,2013-03-28 00:00:00.000
15929,15124,jonathan33@adventure-works.com,838E910B-2F3F-4AB8-B2E7-8AC9F405B8A9,2014-01-03 00:00:00.000
15930,15125,manuel8@adventure-works.com,5288FBF7-4B61-4E00-B719-55372038F34B,2014-05-09 00:00:00.000
15931,15126,manuel9@adventure-works.com,6BB209B5-7DCF-4019-A26A-533E79E8AF33,2013-12-01 00:00:00.000
15932,15127,manuel10@adventure-works.com,8CA972E5-49B4-4638-B025-7C49D56E1893,2013-09-16 00:00:00.000
15933,15128,logan30@adventure-works.com,2DC84D3F-EF9F-4323-9436-81DA2FC5BFF0,2014-01-07 00:00:00.000
15934,15129,manuel11@adventure-works.com,17FAC770-2D56-4515-93D9-84FF0F0C484B,2013-11-15 00:00:00.000
15935,15130,manuel12@adventure-works.com,C7DA3D91-DCEF-469E-B72A-0167EC687EEF,2014-05-10 00:00:00.000
15936,15131,nathan33@adventure-works.com,D340DA52-408F-4079-A1AB-C8BD7F23F51F,2014-05-07 00:00:00.000
15937,15132,kellie5@adventure-works.com,79409779-C6EA-4B4B-94A9-D39772A94A7F,2012-07-25 00:00:00.000
15938,15133,manuel13@adventure-works.com,855B5371-ACE6-4BF2-A144-BC9865E8A4D7,2012-06-03 00:00:00.000
15939,15134,samuel34@adventure-works.com,F341270F-94A3-4807-81F8-80F2F2FD5987,2013-10-01 00:00:00.000
15940,15135,manuel14@adventure-works.com,11F66FE4-41E2-47C7-96D2-076B59B144C9,2011-06-12 00:00:00.000
15941,15136,hunter33@adventure-works.com,B49BCBEE-F13D-48C8-9F96-B37EEDB80D63,2013-11-28 00:00:00.000
15942,15137,noah31@adventure-works.com,124D4CB5-1455-44B7-9476-9D9310EC7E52,2014-05-13 00:00:00.000
15943,15138,robert47@adventure-works.com,4F23210E-F519-41BB-805A-98AB406A7450,2013-07-13 00:00:00.000
15944,15139,manuel15@adventure-works.com,D729F5C4-0846-499F-B5A7-066154C44466,2013-01-08 00:00:00.000
15945,15140,manuel16@adventure-works.com,DB4A6561-AB5E-4C5B-B43C-606C52B22328,2013-05-26 00:00:00.000
15946,15141,manuel17@adventure-works.com,A1A29359-B347-4AD1-BFE5-C341D0867363,2014-03-10 00:00:00.000
15947,15142,manuel18@adventure-works.com,9F929FF4-36A6-495B-9889-40B1F7D2AE26,2013-07-23 00:00:00.000
15948,15143,manuel19@adventure-works.com,15B39226-A33D-4244-A8DF-AC7C48B9A858,2011-08-26 00:00:00.000
15949,15144,thomas41@adventure-works.com,2A884443-2842-4C07-8F37-F6A23E4F248E,2011-07-12 00:00:00.000
15950,15145,kyle34@adventure-works.com,E60211CB-6598-4905-954F-F196C167342A,2011-08-23 00:00:00.000
15951,15146,henry2@adventure-works.com,D7A99FE2-878A-4EAA-A056-2F347BB8FFBD,2013-12-01 00:00:00.000
15952,15147,henry3@adventure-works.com,6F2F7035-916A-4A9C-8205-83A411184AC3,2014-01-08 00:00:00.000
15953,15148,kevin41@adventure-works.com,5E68AED2-BBE9-4B29-BC10-DB3FCC8FD2E0,2013-09-01 00:00:00.000
15954,15149,gabriel34@adventure-works.com,E6D388C7-D6A9-4B39-95C5-462C7FBB1617,2013-11-13 00:00:00.000
15955,15150,kellie6@adventure-works.com,1C527F00-5686-488C-864D-97F6566677DF,2013-11-15 00:00:00.000
15956,15151,henry4@adventure-works.com,F4ACFBBB-8485-4D52-9593-4D41E3F4646A,2014-01-23 00:00:00.000
15957,15152,henry5@adventure-works.com,4CD67FBB-CAD6-48A5-B5CE-3AD84E590529,2013-10-09 00:00:00.000
15958,15153,henry6@adventure-works.com,9F0A2B59-E47B-4338-B298-7F020C4FE15C,2014-05-11 00:00:00.000
15959,15154,elijah33@adventure-works.com,8B4A3F51-25E4-4273-8FB3-C62DD619B39A,2012-12-17 00:00:00.000
15960,15155,henry7@adventure-works.com,A9051050-A635-4758-9007-F5F1B3F9DCAB,2014-05-05 00:00:00.000
15961,15156,jason34@adventure-works.com,2E1F1DB9-E258-4702-BAB9-AA323993F0D2,2014-04-19 00:00:00.000
15962,15157,henry8@adventure-works.com,1CC4F0B7-760B-4FC9-9C33-0D9CDB5DC743,2013-12-15 00:00:00.000
15963,15158,luis37@adventure-works.com,DDCA7FFC-D368-48BB-B1DA-514AEF9B1776,2013-09-15 00:00:00.000
15964,15159,aaron37@adventure-works.com,90698D0D-059A-46E1-B86A-0CEF4323DFFA,2013-08-14 00:00:00.000
15965,15160,henry9@adventure-works.com,19F03719-EB67-4FF0-994E-34E7FE5C12E2,2011-10-06 00:00:00.000
15966,15161,caleb33@adventure-works.com,CC80F7A9-ACE2-4C73-923E-A1228D0B0F2A,2013-10-16 00:00:00.000
15967,15162,henry10@adventure-works.com,DAFF1AA9-5398-4CC7-90DC-006C6C61F618,2013-04-10 00:00:00.000
15968,15163,connor33@adventure-works.com,CC167E04-988D-4726-B306-7194EBBE18A4,2014-04-08 00:00:00.000
15969,15164,luke35@adventure-works.com,1624FFF6-22E0-4AC8-BF2C-D886C90AFD5A,2014-05-05 00:00:00.000
15970,15165,brian35@adventure-works.com,D508BFB1-94AD-4D21-A191-1E60D7AEBF91,2014-06-06 00:00:00.000
15971,15166,henry11@adventure-works.com,0C76A529-A2D5-4879-9450-7ABD68B98B84,2012-12-01 00:00:00.000
15972,15167,henry12@adventure-works.com,CBDD3794-461C-4CE5-9F8F-97455758B897,2013-04-15 00:00:00.000
15973,15168,henry13@adventure-works.com,18597461-61FB-49EA-B428-418D784164AA,2013-08-02 00:00:00.000
15974,15169,jordan58@adventure-works.com,6A932E5D-56E0-4507-958C-CAD2BB414C49,2013-01-03 00:00:00.000
15975,15170,henry14@adventure-works.com,5C002258-74C8-46F5-8833-6057831302D9,2013-09-22 00:00:00.000
15976,15171,jack39@adventure-works.com,851DD627-4518-43BB-83AC-99058A78E88A,2013-08-01 00:00:00.000
15977,15172,henry15@adventure-works.com,A6801E12-91B8-4B87-8727-CB8B4A08AAE4,2014-02-06 00:00:00.000
15978,15173,henry16@adventure-works.com,943B1C1E-9A15-4DBC-A783-279AEE580A4A,2013-07-01 00:00:00.000
15979,15174,adam34@adventure-works.com,470E5D92-936B-48E3-A75C-FB26EC7E60CA,2014-01-07 00:00:00.000
15980,15175,henry17@adventure-works.com,B8805839-6DE6-487E-AC68-4CAF6B3B723F,2012-09-15 00:00:00.000
15981,15176,eric46@adventure-works.com,5210979A-764A-4051-AF11-61CBE95905F5,2014-05-26 00:00:00.000
15982,15177,henry18@adventure-works.com,B0F24554-9819-4F3B-A1FE-03FA1257CBC6,2014-03-30 00:00:00.000
15983,15178,jackson34@adventure-works.com,A25ED1DC-B5FA-4A02-BF61-5800D738DBF1,2013-12-01 00:00:00.000
15984,15179,carlos31@adventure-works.com,E5127054-719E-4AFA-9C20-2A9794F37A7A,2013-11-06 00:00:00.000
15985,15180,henry19@adventure-works.com,3DC5402C-87BC-4D7E-8636-419AEB7A0D72,2013-12-31 00:00:00.000
15986,15181,henry20@adventure-works.com,D6A4C681-57FE-4741-9587-2D370E5FE93E,2013-08-04 00:00:00.000
15987,15182,angel26@adventure-works.com,A802CF06-689B-45DA-9D44-1F8C90266AE7,2014-05-06 00:00:00.000
15988,15183,kelvin21@adventure-works.com,B8F152E5-911E-43AC-846C-14E2A859C97C,2013-03-01 00:00:00.000
15989,15184,kellie7@adventure-works.com,5BC0AFE4-034E-4643-B6FA-9ACCC7ACCC07,2013-08-08 00:00:00.000
15990,15185,henry21@adventure-works.com,F9D21E06-BDBE-4263-92DE-A15E7966E961,2014-02-16 00:00:00.000
15991,15186,isaiah27@adventure-works.com,D191442D-0B51-42D7-A6C1-22BB0C8A98BF,2013-03-10 00:00:00.000
15992,15187,alex32@adventure-works.com,37E6ED37-52F6-4DC1-B249-368333374FCB,2014-03-07 00:00:00.000
15993,15188,henry22@adventure-works.com,74D22A7E-E049-45F3-B801-602AB482AD4D,2013-01-28 00:00:00.000
15994,15189,mason25@adventure-works.com,99C61381-9CC4-4B81-9982-F63798435484,2013-07-05 00:00:00.000
15995,15190,bobby2@adventure-works.com,4FB256D4-0BEF-4095-BDC6-813619461E72,2014-04-29 00:00:00.000
15996,15191,bob4@adventure-works.com,0D13D7F5-AF62-4EE9-890E-C794DC5994C9,2013-07-10 00:00:00.000
15997,15192,bob5@adventure-works.com,31C00652-E08D-4DCE-9A81-CA4D7C1CA654,2013-10-10 00:00:00.000
15998,15193,jesse28@adventure-works.com,6DB34A33-C132-47C2-B3B9-5742309B1CB8,2014-05-04 00:00:00.000
15999,15194,sean36@adventure-works.com,AFE351C0-9824-41EF-9B22-FC9037EC8381,2014-05-26 00:00:00.000
16000,15195,bobby3@adventure-works.com,2F9B8D38-12F4-49C4-89F5-05C38349E575,2013-08-25 00:00:00.000
16001,15196,bobby4@adventure-works.com,8DFD4BA0-8A53-4547-B0E9-416F0CB2648D,2014-02-14 00:00:00.000
16002,15197,kellie8@adventure-works.com,8EA1ACC6-394F-4EC5-A175-003669D22B0B,2012-08-23 00:00:00.000
16003,15198,bob6@adventure-works.com,F808395F-BDE2-4E31-9F73-EB9806E9DC66,2013-04-15 00:00:00.000
16004,15199,james54@adventure-works.com,0BDE5F82-4127-47B7-914A-1C5574BE70E0,2013-07-28 00:00:00.000
16005,15200,jonathan34@adventure-works.com,A4CB55B8-5431-4673-A860-03D41D6703FB,2014-02-05 00:00:00.000
16006,15201,logan31@adventure-works.com,5E904ABB-8349-4BB5-86A7-688BA5283B8F,2012-04-17 00:00:00.000
16007,15202,beth25@adventure-works.com,B43E4353-0731-407A-9BA8-1FE4898B49A9,2014-04-16 00:00:00.000
16008,15203,bobby5@adventure-works.com,73E458AA-D23C-4E55-9E00-F5002A9A1766,2013-08-27 00:00:00.000
16009,15204,nathan34@adventure-works.com,E2F3C82F-FFA0-4882-80E0-A37189F1C71D,2013-12-06 00:00:00.000
16010,15205,bobby6@adventure-works.com,471A3B78-D455-44F7-BFD4-C951A6F3AA78,2013-12-20 00:00:00.000
16011,15206,samuel35@adventure-works.com,70D47BBB-311F-4793-8F64-F1D89A8B9974,2013-07-12 00:00:00.000
16012,15207,bobby7@adventure-works.com,862288E1-E30D-4BC7-A6AB-01F1CBD0B172,2013-01-03 00:00:00.000
16013,15208,hunter34@adventure-works.com,88386A32-3F83-4271-B76D-B96F6663E1E2,2014-05-21 00:00:00.000
16014,15209,bobby8@adventure-works.com,8D8710B5-B0DB-49D1-849C-525420876C42,2013-09-21 00:00:00.000
16015,15210,noah32@adventure-works.com,71459272-AE58-4C35-BF26-F69DCAABD638,2014-01-17 00:00:00.000
16016,15211,bobby9@adventure-works.com,992BAD85-F9DC-449F-85DE-B4EB4EDD69F0,2013-10-10 00:00:00.000
16017,15212,robert48@adventure-works.com,47B6F6D8-49B0-4D00-85EA-D58ADFA72826,2011-12-23 00:00:00.000
16018,15213,bobby10@adventure-works.com,7A4C2646-D6FB-42E4-B398-C736DD76C538,2013-03-30 00:00:00.000
16019,15214,kellie9@adventure-works.com,92289CB9-4232-401F-A37A-3D0DCEAD49CD,2013-02-19 00:00:00.000
16020,15215,bob7@adventure-works.com,B629A387-6A17-47CC-9CAD-C82E57B5727C,2012-06-22 00:00:00.000
16021,15216,jose42@adventure-works.com,74218C97-D401-4FDE-8891-3008265C07AB,2013-09-12 00:00:00.000
16022,15217,thomas42@adventure-works.com,628F20FA-6DCA-4107-B64F-F65295672923,2014-05-24 00:00:00.000
16023,15218,bob8@adventure-works.com,84F15ECD-6F2B-4EE2-BE6D-81BB21DC6E12,2012-07-06 00:00:00.000
16024,15219,kyle35@adventure-works.com,3A1FDF62-836A-46CB-B641-74BE0D4E4975,2014-04-11 00:00:00.000
16025,15220,bob9@adventure-works.com,EB2F80F8-CFC3-4789-AA8B-4DDCFD528A83,2013-11-27 00:00:00.000
16026,15221,kevin42@adventure-works.com,CB9F5625-37E8-4A2E-B479-EEA18ECA21BF,2013-11-03 00:00:00.000
16027,15222,gabriel35@adventure-works.com,403F5B72-F0B7-4D35-821C-01AB8721307E,2012-07-24 00:00:00.000
16028,15223,bob10@adventure-works.com,D6FE8401-EF87-4849-8BE0-DFD18636E294,2013-10-28 00:00:00.000
16029,15224,shirleen0@adventure-works.com,25F5B417-B109-4293-98DF-0A35A0164B09,2014-04-30 00:00:00.000
16030,15225,bobby11@adventure-works.com,A35C0F77-71C7-46D6-B97A-07D7542EEDFD,2013-05-10 00:00:00.000
16031,15226,caleb34@adventure-works.com,9330E72E-4B96-4743-8498-C6F4423C2707,2014-03-21 00:00:00.000
16032,15227,connor34@adventure-works.com,71BB5AA0-AFE5-44FA-BDE2-75B88506A53B,2014-04-17 00:00:00.000
16033,15228,bobby12@adventure-works.com,C54F1717-5A03-4FC8-B354-1BC963959408,2014-03-19 00:00:00.000
16034,15229,luke36@adventure-works.com,BF27BCED-9F6B-4621-AC79-02673A045AE4,2013-12-25 00:00:00.000
16035,15230,jordan59@adventure-works.com,27EA0F97-C614-41B2-97DB-5054BD21E44D,2013-04-03 00:00:00.000
16036,15231,bobby13@adventure-works.com,D4C3BC31-50C1-4E35-96DE-910A04900ACF,2014-04-17 00:00:00.000
16037,15232,jack40@adventure-works.com,4B12A1E2-0325-4DBF-A60B-4C2E05D03D78,2013-08-17 00:00:00.000
16038,15233,andre0@adventure-works.com,D122F2C5-6F3D-4F18-9804-100031994837,2014-01-29 00:00:00.000
16039,15234,adam35@adventure-works.com,6BD76500-F60D-4D86-AC91-820C03D45304,2014-03-27 00:00:00.000
16040,15235,eric47@adventure-works.com,EB12D07B-28F9-45B7-94EF-9680CD86FACA,2011-12-05 00:00:00.000
16041,15236,jackson35@adventure-works.com,1A03DC40-335A-4036-B34D-EBF756F2D75D,2014-04-19 00:00:00.000
16042,15237,andre1@adventure-works.com,C923F06F-46BC-4146-9DCE-1204734771B4,2014-02-15 00:00:00.000
16043,15238,kellie10@adventure-works.com,741607F1-264A-4E6A-9BF0-016745FC4A89,2014-01-17 00:00:00.000
16044,15239,andre2@adventure-works.com,F50EB6D9-5385-4DE8-A48B-B0A8AA003398,2014-05-15 00:00:00.000
16045,15240,carlos32@adventure-works.com,1EA63D9D-B05B-4110-B06C-CB5D74314AF2,2014-05-11 00:00:00.000
16046,15241,angel27@adventure-works.com,6A656676-47FF-4100-9D18-20D11C9ACD2D,2012-09-15 00:00:00.000
16047,15242,andre3@adventure-works.com,6CBFC0E7-E856-4C46-8659-44386BE3E5F7,2013-04-16 00:00:00.000
16048,15243,isaiah28@adventure-works.com,4FCD2C81-4577-4CE8-AE4A-1405072D1D12,2014-02-22 00:00:00.000
16049,15244,andre4@adventure-works.com,92D2343D-0340-43BF-B2E1-66CD512A6331,2013-08-30 00:00:00.000
16050,15245,alex33@adventure-works.com,23C46738-DEF6-4CE1-BC15-D9BA72F062DC,2014-01-18 00:00:00.000
16051,15246,evan29@adventure-works.com,4D059C68-D8FF-47AF-8055-8C4BFA6579C6,2014-05-14 00:00:00.000
16052,15247,andre5@adventure-works.com,23A7C852-F61D-4B08-BDA3-0F2450839DB3,2014-06-01 00:00:00.000
16053,15248,sunil5@adventure-works.com,3C69E232-E6F0-4442-91BD-FB58A9628DB6,2014-03-31 00:00:00.000
16054,15249,isaac27@adventure-works.com,808DF4AB-06F7-43C9-85E7-57DB7833257F,2014-05-31 00:00:00.000
16055,15250,andre6@adventure-works.com,8A432BFC-8253-4BB7-B01F-DCE2B30F9249,2012-10-29 00:00:00.000
16056,15251,jesse29@adventure-works.com,6BF56D8F-73A4-41AA-8439-2EFE6D5ED555,2011-08-26 00:00:00.000
16057,15252,andre7@adventure-works.com,9730E667-FEBB-4620-A9A7-213984A526B6,2013-11-04 00:00:00.000
16058,15253,andre8@adventure-works.com,CD6C3F9F-5AB8-44D8-B651-E8C6B1C1CC45,2014-02-19 00:00:00.000
16059,15254,sean37@adventure-works.com,669535BE-2430-4AC1-9A3D-B16E06DA6E03,2011-11-01 00:00:00.000
16060,15255,timothy30@adventure-works.com,6800C67B-0967-49B5-83A7-D44EFF3DF12A,2013-09-08 00:00:00.000
16061,15256,andre9@adventure-works.com,06ECA331-82E6-4AE3-982A-914AEFEB2CC0,2013-12-18 00:00:00.000
16062,15257,kellie11@adventure-works.com,876016C5-488F-429B-9C18-C8C3D3CD3998,2013-09-21 00:00:00.000
16063,15258,andre10@adventure-works.com,6336E5AC-188B-46E6-A5A1-9D1A4282A2BC,2011-07-08 00:00:00.000
16064,15259,james55@adventure-works.com,5D845861-8368-42E0-96D4-2F0FC17AEF99,2013-07-24 00:00:00.000
16065,15260,andre11@adventure-works.com,46AD428D-ECBF-496C-80F6-48C41350675B,2013-07-27 00:00:00.000
16066,15261,andre12@adventure-works.com,0810098E-DA1D-4B25-8867-A4DC54DB44CF,2013-10-21 00:00:00.000
16067,15262,jonathan35@adventure-works.com,42A6D5D5-CA9D-42FE-AC96-5E6D57324891,2012-02-16 00:00:00.000
16068,15263,andre13@adventure-works.com,CC6F9DD5-01CF-4072-8D08-5E25B21EB302,2014-05-15 00:00:00.000
16069,15264,logan32@adventure-works.com,C739500C-EC7E-4B07-A764-1303CB447535,2012-06-28 00:00:00.000
16070,15265,nathan35@adventure-works.com,CA505031-32C4-47C1-8E7F-05C4C8DA0556,2014-03-24 00:00:00.000
16071,15266,samuel36@adventure-works.com,E4482DF8-F557-4953-BFC1-16C26735BD84,2013-12-07 00:00:00.000
16072,15267,andre14@adventure-works.com,88C10CD4-67DD-4C0D-9CFC-C9756F31FCFF,2014-03-31 00:00:00.000
16073,15268,hunter35@adventure-works.com,66523383-5430-49A8-964A-0BC98891E209,2014-04-24 00:00:00.000
16074,15269,andre15@adventure-works.com,94508701-4600-47E6-97D7-988F62FC8FBD,2012-08-30 00:00:00.000
16075,15270,noah33@adventure-works.com,3821390A-70FD-40B7-A274-0CCA3C4CA965,2013-12-17 00:00:00.000
16076,15271,andre16@adventure-works.com,4EBEF710-6107-426D-A434-B9E4CC06ADCE,2013-11-15 00:00:00.000
16077,15272,robert49@adventure-works.com,BFA36272-62D8-4F80-A348-78E3988D703D,2014-04-18 00:00:00.000
16078,15273,jose43@adventure-works.com,43456769-1280-487B-9849-D7934CF105C7,2014-03-06 00:00:00.000
16079,15274,thomas43@adventure-works.com,61316A9A-8A38-4849-B0D4-BC5F2CA8ED02,2012-12-30 00:00:00.000
16080,15275,andre17@adventure-works.com,9F855255-04F5-4E08-90C4-7C909EEEE66A,2012-09-30 00:00:00.000
16081,15276,kyle36@adventure-works.com,F0A443C5-22E3-4DA3-BBE7-D88FD0C82006,2014-02-01 00:00:00.000
16082,15277,andre18@adventure-works.com,A120E8DA-AD17-47AC-99C7-C7DA82743FE3,2014-05-29 00:00:00.000
16083,15278,kellie12@adventure-works.com,4E3FCB01-424D-42B7-9C43-03F577803106,2013-11-18 00:00:00.000
16084,15279,andre19@adventure-works.com,82684643-953B-4417-8FB9-60657065F56B,2013-03-30 00:00:00.000
16085,15280,kevin43@adventure-works.com,93BE60E4-493A-4240-B880-1F4715068CEE,2013-09-22 00:00:00.000
16086,15281,gabriel36@adventure-works.com,8AF46DA0-3C2D-4186-B8E7-940A844E1E60,2013-11-26 00:00:00.000
16087,15282,andre20@adventure-works.com,836AAE5F-F3D2-4A81-A68C-19395D767E62,2012-04-08 00:00:00.000
16088,15283,kristopher0@adventure-works.com,6219ADBB-B88F-4F72-B634-8D5EFB7A84BC,2014-05-11 00:00:00.000
16089,15284,kristopher1@adventure-works.com,E3E3B18F-7DD7-4C78-98B9-88B2FA1679C6,2014-02-26 00:00:00.000
16090,15285,kristopher2@adventure-works.com,55DD0649-1229-49D0-B6B4-C70796D63E61,2014-04-14 00:00:00.000
16091,15286,elijah34@adventure-works.com,C4FDE3DD-B3DF-486C-A157-5D8658E4F9C1,2011-11-19 00:00:00.000
16092,15287,kristopher3@adventure-works.com,DB1C1206-F73F-4350-9017-879775A1E274,2013-05-11 00:00:00.000
16093,15288,kristopher4@adventure-works.com,3777D0F1-88AF-4398-8C12-184417C95846,2014-01-14 00:00:00.000
16094,15289,jason35@adventure-works.com,58E897F9-3C8C-4C1E-9C51-90CE3B3B3997,2014-03-08 00:00:00.000
16095,15290,luis38@adventure-works.com,BB91CA9F-0EDA-4430-846E-098BC8F57E32,2013-10-28 00:00:00.000
16096,15291,aaron38@adventure-works.com,390D0C92-C273-4348-BFBD-2E080EADD0B5,2013-11-02 00:00:00.000
16097,15292,kristopher5@adventure-works.com,FC1DCB90-D255-4E4A-829E-74C15491DE1A,2013-04-02 00:00:00.000
16098,15293,kristopher6@adventure-works.com,F067F37B-6C3F-4F60-AA1C-472F22196EAF,2013-01-31 00:00:00.000
16099,15294,kellie13@adventure-works.com,C66777C1-973A-42B3-B097-2FA3EA7BC4C8,2013-12-10 00:00:00.000
16100,15295,caleb35@adventure-works.com,2614E252-F085-4FC1-AAB0-5FC68DAD34B3,2014-01-11 00:00:00.000
16101,15296,kristopher7@adventure-works.com,3BD0A084-B55C-4952-85B3-35089F1AB656,2013-11-06 00:00:00.000
16102,15297,connor35@adventure-works.com,20155F21-B52A-4C6C-B911-DF3190C6DFDA,2013-11-14 00:00:00.000
16103,15298,kristopher8@adventure-works.com,F341450B-9054-4684-BB0B-0066F536918B,2013-09-17 00:00:00.000
16104,15299,luke37@adventure-works.com,7C74C1F5-7C14-4526-84FC-A0811DF8F8CE,2013-12-25 00:00:00.000
16105,15300,jordan60@adventure-works.com,05B0D62B-1B7E-4D23-8EE4-032576D93B7C,2013-10-30 00:00:00.000
16106,15301,jack41@adventure-works.com,95BD51A1-01F7-49D7-8C0F-7003DE0A09E4,2012-11-26 00:00:00.000
16107,15302,kristopher9@adventure-works.com,34CF4E3D-340B-46DF-B198-6D1E1B3291C7,2013-08-27 00:00:00.000
16108,15303,adam36@adventure-works.com,5B5D7BD0-A000-400F-9814-B437EA00B146,2011-12-05 00:00:00.000
16109,15304,kristopher10@adventure-works.com,31945F26-C323-428C-8ED8-6C855B97ECF0,2014-01-17 00:00:00.000
16110,15305,eric48@adventure-works.com,5B071C32-58FA-4A05-BB2A-B999C094D4EC,2013-11-19 00:00:00.000
16111,15306,kristopher11@adventure-works.com,25E4CDF4-5CEB-4F5E-95C1-3F85AD584480,2014-05-12 00:00:00.000
16112,15307,jackson36@adventure-works.com,12AB21A8-50ED-488C-9111-3E2AA3FBC68D,2012-02-17 00:00:00.000
16113,15308,kristopher12@adventure-works.com,EBDFCBE5-9368-43E6-900A-99995B34D69D,2013-09-09 00:00:00.000
16114,15309,kellie14@adventure-works.com,C693A33D-0EAB-4958-B5E1-669A3C5BE57E,2014-06-25 00:00:00.000
16115,15310,kristopher13@adventure-works.com,5B404139-8BB4-428A-98D6-D132860CA29C,2013-05-17 00:00:00.000
16116,15311,kristopher14@adventure-works.com,6702E384-0A43-463A-9561-385746F80D1A,2012-01-03 00:00:00.000
16117,15312,kristopher15@adventure-works.com,62D4E777-8E16-4619-9EC9-E9D533165DEF,2012-07-21 00:00:00.000
16118,15313,carlos33@adventure-works.com,E751B7E5-6670-4101-B9B2-28C4A415301F,2014-02-16 00:00:00.000
16119,15314,kristopher16@adventure-works.com,F299A12C-8932-40F6-B35D-D77F68533CE7,2013-10-10 00:00:00.000
16120,15315,kristopher17@adventure-works.com,DCC76FCD-E8C0-4254-9797-6FD2DD441837,2012-01-11 00:00:00.000
16121,15316,kristopher18@adventure-works.com,0F4719F1-92CA-4798-9B53-15D88C797E43,2014-03-24 00:00:00.000
16122,15317,kristopher19@adventure-works.com,137500ED-C1EB-4DFB-9906-A5C2473D23A8,2013-11-11 00:00:00.000
16123,15318,angel28@adventure-works.com,89C5AEF1-15D7-4489-9EC1-AD7A3AC61B02,2011-12-28 00:00:00.000
16124,15319,kristopher20@adventure-works.com,71CEEF54-37E8-40D2-B967-63B3843046A8,2013-07-08 00:00:00.000
16125,15320,molly1@adventure-works.com,A6D827CA-FE80-48E2-8A56-9FCFE689E062,2014-03-15 00:00:00.000
16126,15321,isaiah29@adventure-works.com,00D048DA-8533-44EF-9F1C-E2246826941A,2013-07-13 00:00:00.000
16127,15322,molly2@adventure-works.com,F3CB1899-B446-4819-ACDC-96271A7C4D1C,2013-12-07 00:00:00.000
16128,15323,alex34@adventure-works.com,1D9A16B5-1739-4A77-A4F1-E8A214FC0AF8,2014-03-18 00:00:00.000
16129,15324,kellie15@adventure-works.com,AC4BF338-56BA-4D47-9718-93F2013B067C,2012-11-29 00:00:00.000
16130,15325,molly3@adventure-works.com,76EB81AA-67DC-4415-978D-8CE637C7700E,2014-06-28 00:00:00.000
16131,15326,evan30@adventure-works.com,8C4413CD-883D-4DEF-BB2A-C560F15920FE,2012-07-14 00:00:00.000
16132,15327,mason26@adventure-works.com,1B721AAD-64FB-47C9-8D07-BAA1FDA1F777,2014-04-30 00:00:00.000
16133,15328,molly4@adventure-works.com,B2455038-627D-460C-A1AF-75124C1C1222,2014-04-22 00:00:00.000
16134,15329,molly5@adventure-works.com,49264AE7-35F1-44BE-A51F-29591B61045A,2013-07-28 00:00:00.000
16135,15330,molly6@adventure-works.com,D00337C6-84F9-4D0B-9A14-617983D11443,2013-08-01 00:00:00.000
16136,15331,isaac28@adventure-works.com,7FAA5D38-297D-4F88-B36A-8D77F6C8DD73,2014-06-28 00:00:00.000
16137,15332,jesse30@adventure-works.com,73571C07-E58C-4FD3-B3A2-5B0131A62F22,2013-12-18 00:00:00.000
16138,15333,molly7@adventure-works.com,B0A131F9-F6D1-4388-9E69-623CC6132EB3,2013-01-25 00:00:00.000
16139,15334,timothy31@adventure-works.com,873BD8CB-2BAA-43F5-B47C-22251F7886A6,2012-07-26 00:00:00.000
16140,15335,molly8@adventure-works.com,75F037BB-1943-4017-A370-5BA8337627CD,2014-02-05 00:00:00.000
16141,15336,james56@adventure-works.com,902B09A9-DCA9-446A-A39D-68B2B62D84E8,2014-04-27 00:00:00.000
16142,15337,jonathan36@adventure-works.com,E83B456C-02EC-4C30-8F52-5BF250E8C148,2012-05-20 00:00:00.000
16143,15338,molly9@adventure-works.com,94E48E98-6831-4452-A994-B3A9838A628E,2012-05-18 00:00:00.000
16144,15339,logan33@adventure-works.com,D223CF4A-A0F8-4A97-B484-4523C81C9036,2013-09-09 00:00:00.000
16145,15340,kellie16@adventure-works.com,6DA02901-40F2-4DED-B14C-E857CABDF830,2013-11-25 00:00:00.000
16146,15341,molly10@adventure-works.com,1BA649F8-0BBE-4538-AF87-7F7136D3D1F7,2012-09-14 00:00:00.000
16147,15342,nathan36@adventure-works.com,C4E0B908-6ED3-47BD-8FEA-D2138B6D4EE5,2013-02-09 00:00:00.000
16148,15343,samuel37@adventure-works.com,6715B6B5-3B63-4E13-A890-4C030E8C7244,2013-07-26 00:00:00.000
16149,15344,molly11@adventure-works.com,81396CF3-D622-4C94-B1B0-92EB11F11BC2,2014-01-25 00:00:00.000
16150,15345,hunter36@adventure-works.com,87B3A534-910E-4F78-B762-8203004F8B36,2013-12-15 00:00:00.000
16151,15346,ioannis0@adventure-works.com,9AC6DB07-F858-4E86-8B41-C6C560BCAEB6,2012-03-22 00:00:00.000
16152,15347,noah34@adventure-works.com,E2D08113-836C-4A4C-AA18-F1571D4ED83E,2014-05-06 00:00:00.000
16153,15348,molly12@adventure-works.com,28BB2452-8DF7-43BD-84E5-468CAB79FA52,2013-11-27 00:00:00.000
16154,15349,robert50@adventure-works.com,49393B8E-8979-4AEC-B3FD-2CACF84DDE38,2011-10-05 00:00:00.000
16155,15350,molly13@adventure-works.com,3C31A2D9-D220-47FD-8975-1BA0E4149B36,2014-01-22 00:00:00.000
16156,15351,thomas44@adventure-works.com,731679E8-9C90-47DA-944B-C27126A466EA,2013-07-08 00:00:00.000
16157,15352,kyle37@adventure-works.com,618A4538-2D3D-4B9A-AFEA-BD6E7DC3FD00,2014-01-18 00:00:00.000
16158,15353,kevin44@adventure-works.com,1FD1AB78-96DF-4534-8FD3-158E2EFC15A8,2013-08-07 00:00:00.000
16159,15354,gabriel37@adventure-works.com,E36E2C15-0BF5-460B-ACF5-9E5F1FA231BB,2013-08-26 00:00:00.000
16160,15355,molly14@adventure-works.com,CDA4F8D8-BCB6-4711-8103-BD04146CF98A,2014-01-28 00:00:00.000
16161,15356,elijah35@adventure-works.com,C3D24509-223B-4235-9D39-AE27CAA2C191,2014-05-05 00:00:00.000
16162,15357,molly15@adventure-works.com,BF32B60E-9F1E-4AB4-8F20-AA992DD460DC,2012-11-04 00:00:00.000
16163,15358,molly16@adventure-works.com,180F9C46-7B39-4E8D-B720-BEEE8C33B96B,2013-08-22 00:00:00.000
16164,15359,molly17@adventure-works.com,790BB664-B438-48BF-9FD5-B13CCC6DB293,2014-05-11 00:00:00.000
16165,15360,jason36@adventure-works.com,F7D30023-68DF-4C65-A6E7-B263B2C9D6F4,2012-12-21 00:00:00.000
16166,15361,luis39@adventure-works.com,95F45353-EC61-4A25-A493-70D728B18342,2013-06-18 00:00:00.000
16167,15362,aaron39@adventure-works.com,420C2DFF-D527-4E4D-B605-7A89A61A287F,2014-02-10 00:00:00.000
16168,15363,kelvin22@adventure-works.com,291AA46B-DC03-4F1F-BD70-00C2CC156A77,2014-03-10 00:00:00.000
16169,15364,molly18@adventure-works.com,B8C5C6A8-AD51-44C3-A654-0739EF48FDEF,2013-08-12 00:00:00.000
16170,15365,caleb36@adventure-works.com,81C85B2A-9875-4A4F-B35B-AB4FED5F1564,2013-12-27 00:00:00.000
16171,15366,molly19@adventure-works.com,3D1EB0FA-E6BC-43D8-B122-51C1293C87D8,2013-08-17 00:00:00.000
16172,15367,connor36@adventure-works.com,6C3CA5EF-3FE5-45A2-8CFE-287B4883F41C,2013-11-23 00:00:00.000
16173,15368,luke38@adventure-works.com,56A0DDD3-F5FD-4727-BFBD-B0DFA5703E54,2012-11-21 00:00:00.000
16174,15369,molly20@adventure-works.com,B518305E-573C-4B61-84E2-BC48364FEF69,2012-05-17 00:00:00.000
16175,15370,jordan61@adventure-works.com,D8C603C3-CC88-4671-94E6-4D73A5126094,2013-09-21 00:00:00.000
16176,15371,tina2@adventure-works.com,59773C48-762A-4BD1-A261-85FC71EE9F45,2013-07-22 00:00:00.000
16177,15372,jack42@adventure-works.com,12682A5E-AC11-4EA2-A355-5B854316163D,2014-03-23 00:00:00.000
16178,15373,tina3@adventure-works.com,94E5DDC6-F274-4C30-B107-6C8FAE20192E,2013-12-03 00:00:00.000
16179,15374,adam37@adventure-works.com,4EC4B618-0814-4B9B-A965-817340B931E3,2013-02-14 00:00:00.000
16180,15375,eric49@adventure-works.com,CD9AA2D6-9769-4F71-B015-EBDE3628082C,2012-07-27 00:00:00.000
16181,15376,jackson37@adventure-works.com,B3AB97FF-3683-48DC-ABB5-92F6DD8AA70D,2012-06-21 00:00:00.000
16182,15377,tina4@adventure-works.com,92462A39-3178-4AB3-8FD0-6811974D04C6,2012-12-18 00:00:00.000
16183,15378,carlos34@adventure-works.com,FB240A58-98A2-4CD9-93CF-923924D9B8D2,2013-12-10 00:00:00.000
16184,15379,tina5@adventure-works.com,B49AEB59-0C83-4F5C-9F74-05323D0BDC91,2013-06-18 00:00:00.000
16185,15380,angel29@adventure-works.com,6FA703E2-3282-4507-8920-18F229B5DDF7,2013-11-14 00:00:00.000
16186,15381,isaiah30@adventure-works.com,D168023F-0404-42DA-AEEE-7D2C273C5824,2013-10-18 00:00:00.000
16187,15382,tina6@adventure-works.com,13DC31C8-C95D-471A-8D9C-AD59548EC033,2014-01-21 00:00:00.000
16188,15383,alex35@adventure-works.com,C53D9351-6623-4AE2-AB85-B744CB5C212C,2013-07-18 00:00:00.000
16189,15384,tina7@adventure-works.com,9A8E73A8-AF52-40FE-AE2E-C09ADE7C0927,2013-04-14 00:00:00.000
16190,15385,evan31@adventure-works.com,743A4ED5-1B8F-49B8-BE3E-08BAA0DC5B14,2012-04-07 00:00:00.000
16191,15386,tina8@adventure-works.com,72B51544-380F-4AD0-9D21-66893FBE83F3,2013-08-12 00:00:00.000
16192,15387,mason27@adventure-works.com,89A2182F-EF84-4187-82C5-7E556841F654,2013-07-05 00:00:00.000
16193,15388,isaac29@adventure-works.com,3EAC21D7-3423-48BA-9246-038F28D86CE7,2013-09-19 00:00:00.000
16194,15389,tina9@adventure-works.com,70BAB953-C9C1-44C6-8389-D7F1884672AC,2013-09-06 00:00:00.000
16195,15390,jesse31@adventure-works.com,5FCC00AA-4297-4424-B57D-A0D835F236CC,2014-04-07 00:00:00.000
16196,15391,tina10@adventure-works.com,52D7336D-2A53-424D-A5F8-0D2BD815549F,2012-02-17 00:00:00.000
16197,15392,sean38@adventure-works.com,CC2F2D47-AB46-4B7B-BD99-42A1BC199FFE,2013-08-03 00:00:00.000
16198,15393,tina11@adventure-works.com,29B8DA48-7194-45D3-B367-A3D2B0E68E3D,2014-05-03 00:00:00.000
16199,15394,timothy32@adventure-works.com,3B166D09-CB2B-494B-B824-7D91F8ECDE93,2014-05-26 00:00:00.000
16200,15395,tina12@adventure-works.com,A19A2BC1-64F2-4A0F-B787-53CCADBF44D1,2013-04-28 00:00:00.000
16201,15396,tina13@adventure-works.com,3DEA6266-CDD5-4303-9244-7BA2262366F9,2013-08-02 00:00:00.000
16202,15397,james57@adventure-works.com,4B3BBC34-4906-48BC-8FC3-5E5B1FF41780,2013-08-26 00:00:00.000
16203,15398,jonathan37@adventure-works.com,C892B123-0ABB-4944-9853-AB774C6CC4B0,2013-12-22 00:00:00.000
16204,15399,kevin45@adventure-works.com,1D93D93A-B5CC-4BF7-BD82-CFC2441DB432,2012-06-01 00:00:00.000
16205,15400,tina14@adventure-works.com,FCF5D7A0-B106-4EC7-8123-635C053DE40E,2013-07-25 00:00:00.000
16206,15401,gabriel38@adventure-works.com,3FE8790B-CA96-4289-AE61-63A407C2F62A,2012-12-06 00:00:00.000
16207,15402,tina15@adventure-works.com,023D90FA-945F-4299-BE61-2B7CB3791E04,2011-11-01 00:00:00.000
16208,15403,elijah36@adventure-works.com,8A92EF7B-6399-423C-A5ED-F4C2117B0B6C,2013-10-16 00:00:00.000
16209,15404,kellie17@adventure-works.com,752CE071-36F1-4C26-B110-19084C03B85A,2011-07-22 00:00:00.000
16210,15405,tina16@adventure-works.com,8A98FCB4-8BAB-48C8-8D5E-D7B701811A0B,2013-11-11 00:00:00.000
16211,15406,tina17@adventure-works.com,8D05F050-0F02-4AF6-8BD4-1AE13C3BD86D,2013-12-20 00:00:00.000
16212,15407,luis40@adventure-works.com,DAAD6AE1-1A74-4DA5-9D8E-068ABA8BDB7A,2014-02-23 00:00:00.000
16213,15408,tina18@adventure-works.com,045A70DD-C1EF-4ABE-B419-152EA9444CA5,2014-01-01 00:00:00.000
16214,15409,aaron40@adventure-works.com,626CAB04-939A-4A03-97A0-CD7961DBCBA7,2014-02-09 00:00:00.000
16215,15410,tina19@adventure-works.com,AE1B0DFF-EEE3-44DE-BE89-597BE0BB60FB,2011-11-14 00:00:00.000
16216,15411,caleb37@adventure-works.com,6AA013FA-4A71-4DCA-9452-3415D42EC035,2014-02-20 00:00:00.000
16217,15412,connor37@adventure-works.com,4ECF1CB0-968D-4D5C-9AA6-61723F8F084E,2014-01-08 00:00:00.000
16218,15413,luke39@adventure-works.com,B5BD5193-3AAA-44D4-AFB2-7AF308930397,2013-07-26 00:00:00.000
16219,15414,jack43@adventure-works.com,4B01034A-B906-46B9-A59E-46647A914AB6,2014-02-11 00:00:00.000
16220,15415,tina20@adventure-works.com,932E357D-75D3-4E6F-9CFF-602BF07CBB79,2012-02-19 00:00:00.000
16221,15416,adam38@adventure-works.com,AE694122-57F6-414B-BDB9-1EA81C84B3E0,2012-04-12 00:00:00.000
16222,15417,tina21@adventure-works.com,5C4D5A12-F0CE-4D6A-B9F7-85CC64105E11,2014-05-19 00:00:00.000
16223,15418,eric50@adventure-works.com,05A67728-0AE3-4443-9E77-7328A8CB5D35,2013-10-13 00:00:00.000
16224,15419,tina22@adventure-works.com,3B2DAA1F-AC7C-4328-80CC-2CF4C085AEF8,2013-05-17 00:00:00.000
16225,15420,tina23@adventure-works.com,6ECA6351-F43F-417E-8404-603C0054F132,2013-11-13 00:00:00.000
16226,15421,denise3@adventure-works.com,4E73C21D-8B5D-4F31-AB30-057509F6E4B9,2013-05-25 00:00:00.000
16227,15422,carlos35@adventure-works.com,2EC568EF-22F1-41B4-82BC-4332CBAEBB73,2012-11-14 00:00:00.000
16228,15423,angel30@adventure-works.com,8B6CB6B2-C903-4BBD-92C3-E324EDA76066,2012-03-18 00:00:00.000
16229,15424,denise4@adventure-works.com,7F6BAFA3-CA40-4E96-8627-7030A6938BCE,2011-12-09 00:00:00.000
16230,15425,isaiah31@adventure-works.com,06DAD889-4C30-4E6B-9ECB-F1EE98B070BF,2013-11-13 00:00:00.000
16231,15426,kellie18@adventure-works.com,415350B3-5C87-4304-B31B-7257BF9339EE,2013-10-18 00:00:00.000
16232,15427,alex36@adventure-works.com,E92E0B7C-A5B1-4C6A-8943-89D071C13FCA,2013-10-02 00:00:00.000
16233,15428,denise5@adventure-works.com,14B73A0B-173E-407C-8B37-72418BC2FA5E,2013-11-01 00:00:00.000
16234,15429,denise6@adventure-works.com,D0765CF3-E6C2-4982-804E-9C3F62DF1575,2012-06-25 00:00:00.000
16235,15430,denise7@adventure-works.com,AC649F6C-6617-4B52-BA4D-A99DEA4238B1,2013-11-25 00:00:00.000
16236,15431,evan32@adventure-works.com,16785091-5A36-4420-AEA6-C637D8F9B96F,2014-06-30 00:00:00.000
16237,15432,mason28@adventure-works.com,6472FACC-49A4-4DF6-A046-12ABD58D016F,2014-02-27 00:00:00.000
16238,15433,denise8@adventure-works.com,B1DDE143-44A3-4A38-BA98-21C329740C2F,2014-02-08 00:00:00.000
16239,15434,denise9@adventure-works.com,DFB356A9-9F33-4A14-8C5E-BDC5147AD484,2014-04-23 00:00:00.000
16240,15435,denise10@adventure-works.com,A1CCEE78-D69F-4005-A03B-F5D651ADEE2C,2011-07-21 00:00:00.000
16241,15436,denise11@adventure-works.com,B6D216F9-68EB-4977-AB7F-CCE72323E84C,2013-10-12 00:00:00.000
16242,15437,jesse32@adventure-works.com,FF526B0D-5E7B-4F6D-9537-C7407A81B0B2,2013-08-10 00:00:00.000
16243,15438,kellie19@adventure-works.com,6AAB4A44-8E8C-4BB7-92BE-49EC70B7CD2A,2014-06-16 00:00:00.000
16244,15439,sean39@adventure-works.com,09DD45BD-5C8B-4B8D-967C-62A4298035DB,2012-06-03 00:00:00.000
16245,15440,denise12@adventure-works.com,534EA4F6-AFE1-42B9-A543-9E0F48494C6C,2013-08-13 00:00:00.000
16246,15441,timothy33@adventure-works.com,5CC7427C-571F-43F1-9B5E-3775B70958ED,2013-12-09 00:00:00.000
16247,15442,james58@adventure-works.com,F00816E2-2CA3-44A6-BC98-0E90C45FC494,2013-10-10 00:00:00.000
16248,15443,denise13@adventure-works.com,91B3EBC4-07A3-4562-8DA6-502C0D531A11,2012-12-08 00:00:00.000
16249,15444,logan34@adventure-works.com,DB47BF8B-86F0-4F71-9412-39DEDB6C5395,2013-08-21 00:00:00.000
16250,15445,samuel38@adventure-works.com,C09EAC2E-231D-4D76-A374-C9E674AF18F9,2013-08-18 00:00:00.000
16251,15446,denise14@adventure-works.com,1FB9BBAC-6CFE-40D9-A7EC-DC4419A46482,2012-02-10 00:00:00.000
16252,15447,denise15@adventure-works.com,641FF1F0-3A4F-44F0-A16F-2BA96F595E6A,2012-10-05 00:00:00.000
16253,15448,hunter37@adventure-works.com,6420A7E1-6001-4BF0-8257-87DF24C142D4,2014-03-23 00:00:00.000
16254,15449,noah35@adventure-works.com,5A134BCF-EA1B-440D-AC65-245C1FA9AF22,2014-03-16 00:00:00.000
16255,15450,robert51@adventure-works.com,10FEE44F-2862-451A-8BE9-A54E1A42D878,2013-09-04 00:00:00.000
16256,15451,jose44@adventure-works.com,D494830C-6227-47D0-965C-733E9096366C,2014-05-29 00:00:00.000
16257,15452,thomas45@adventure-works.com,32339A8E-A732-4F2B-A9C5-529D1B509FA1,2013-09-20 00:00:00.000
16258,15453,denise16@adventure-works.com,F92124C2-07B5-4DFE-89DD-112FD94DBDF8,2011-12-22 00:00:00.000
16259,15454,denise17@adventure-works.com,92BAA940-659B-42B8-B717-FC73F55E255C,2012-12-15 00:00:00.000
16260,15455,denise18@adventure-works.com,FE87C6DD-F977-4351-BDA7-0C6E2E4011DA,2013-01-05 00:00:00.000
16261,15456,kyle38@adventure-works.com,164C3232-8E85-4E84-84E4-01ACC7EDE9F5,2012-10-18 00:00:00.000
16262,15457,kevin46@adventure-works.com,884FA221-109D-4466-A645-195E57DBA922,2011-06-05 00:00:00.000
16263,15458,denise19@adventure-works.com,4B1A77EE-C3FF-4B9B-8B0A-AAEBEFF93453,2014-04-08 00:00:00.000
16264,15459,gabriel39@adventure-works.com,D0CD2B8F-4873-47BF-BD8A-4931D8DDB088,2013-05-03 00:00:00.000
16265,15460,gloria3@adventure-works.com,69614D62-4A35-4700-82D5-3CA005E778AD,2014-01-05 00:00:00.000
16266,15461,denise20@adventure-works.com,CFF8DA8A-C459-45E2-A0CC-CEFD410923E6,2013-12-10 00:00:00.000
16267,15462,jason37@adventure-works.com,4B0ABAE7-27FB-445B-BFAF-B34185B2CE7B,2011-07-13 00:00:00.000
16268,15463,luis41@adventure-works.com,BC0F5071-3C10-468F-BE49-22852C379454,2013-10-25 00:00:00.000
16269,15464,denise21@adventure-works.com,A7D5BA67-386A-417D-973E-B2D943880B5C,2011-07-12 00:00:00.000
16270,15465,denise22@adventure-works.com,1FBD444B-2669-4AA1-8794-5CA642D44FC9,2013-12-19 00:00:00.000
16271,15466,bethany0@adventure-works.com,FA48CB58-5216-4532-8749-897D1F9D28BF,2013-12-25 00:00:00.000
16272,15467,aaron41@adventure-works.com,FAFB551E-D83F-4156-8CB0-15157C2FAFB7,2014-03-12 00:00:00.000
16273,15468,bethany1@adventure-works.com,4CFD61D8-0F90-402E-A5D5-0F1A09EBF61B,2014-04-24 00:00:00.000
16274,15469,bethany2@adventure-works.com,B5E7803B-1BD7-4AE2-84E0-A9E8C75A5877,2013-11-29 00:00:00.000
16275,15470,caleb38@adventure-works.com,52232BFC-A73C-40B7-8B1A-9A28C2C3C4C5,2013-04-19 00:00:00.000
16276,15471,bethany3@adventure-works.com,4BF3F388-E78E-49F3-853C-B2F79AC3C390,2013-09-20 00:00:00.000
16277,15472,casey0@adventure-works.com,70FF0EC9-6D5D-4BF1-973B-10827940E619,2012-02-08 00:00:00.000
16278,15473,casey1@adventure-works.com,C0EC0651-0F7C-46FD-AC48-AD8112996ABB,2014-03-03 00:00:00.000
16279,15474,casey2@adventure-works.com,76FC9412-B18C-4906-903E-5FBD4A96927A,2013-07-18 00:00:00.000
16280,15475,casey3@adventure-works.com,700FCB26-6BD0-4681-9622-372D5E9A95A5,2012-07-20 00:00:00.000
16281,15476,casey4@adventure-works.com,B38BB030-0781-4722-A727-21F4D2081C74,2011-12-18 00:00:00.000
16282,15477,casey5@adventure-works.com,6B7AD7A6-761A-4A4C-B54F-93A66DE8635A,2013-07-08 00:00:00.000
16283,15478,luke40@adventure-works.com,6930EC77-8FBC-4798-9C69-3FE34959EE35,2012-11-10 00:00:00.000
16284,15479,casey6@adventure-works.com,1B38E21E-F6BA-45CE-B75E-DEEAB39F9170,2011-08-31 00:00:00.000
16285,15480,jordan62@adventure-works.com,B20D012B-40EA-412F-BD14-E23B05BDB528,2013-07-04 00:00:00.000
16286,15481,jack44@adventure-works.com,D4AC3B8C-FFA3-45A9-A0C5-8E9CA8943091,2013-07-26 00:00:00.000
16287,15482,casey7@adventure-works.com,C998AF3C-480D-4FB7-87C6-1B079D8817AB,2013-08-19 00:00:00.000
16288,15483,adam39@adventure-works.com,75429705-3E08-4497-A3E2-C2ED842E21CA,2012-03-05 00:00:00.000
16289,15484,casey8@adventure-works.com,44091389-14FB-431A-BA78-6E96916B9CEE,2013-01-12 00:00:00.000
16290,15485,casey9@adventure-works.com,AA6230FC-C69E-40BE-B06F-4FF87808D80A,2014-05-20 00:00:00.000
16291,15486,casey10@adventure-works.com,E544F5CC-FB12-4A8F-A450-FEA6B270DADC,2013-09-28 00:00:00.000
16292,15487,eric51@adventure-works.com,44251787-EB7C-4A6A-9026-BA1454E35791,2014-02-22 00:00:00.000
16293,15488,jackson38@adventure-works.com,6C2A371F-D131-40E2-984C-37EF9D3E73AE,2014-01-12 00:00:00.000
16294,15489,casey11@adventure-works.com,1E7B45CC-A5D7-48AC-91BE-917D9CDF4462,2012-12-28 00:00:00.000
16295,15490,carlos36@adventure-works.com,18C9D8B8-F9A2-47E1-AF7E-9F19E3E0BFE8,2014-05-04 00:00:00.000
16296,15491,angel31@adventure-works.com,A0865C6B-2079-4944-A9E4-9130B0B3315A,2013-07-10 00:00:00.000
16297,15492,casey12@adventure-works.com,E26BBA54-2EBE-4A1D-853C-60C77D6AFE9A,2013-09-23 00:00:00.000
16298,15493,isaiah32@adventure-works.com,BBDA973E-FC31-42B3-B3C7-5C28CF6737E8,2014-04-07 00:00:00.000
16299,15494,gloria4@adventure-works.com,3724559B-7D0B-4A54-B23E-E2F6E6E81886,2012-06-18 00:00:00.000
16300,15495,casey13@adventure-works.com,B162E3B9-BB5A-4193-A8CF-2EC56E79DD07,2011-06-09 00:00:00.000
16301,15496,alex37@adventure-works.com,FE6E8A70-5D14-41BB-B854-AD47B8E2D0C7,2013-04-14 00:00:00.000
16302,15497,evan33@adventure-works.com,7671BC2A-6C44-4E30-BC24-86BB29F4EB2C,2014-03-07 00:00:00.000
16303,15498,mason29@adventure-works.com,B8D1FC8D-AAD4-4474-AB6C-7D1C1AE27188,2013-10-15 00:00:00.000
16304,15499,casey14@adventure-works.com,AC12FB28-8C5C-4925-830E-384D18C6BA16,2013-11-05 00:00:00.000
16305,15500,casey15@adventure-works.com,2D8BAC04-9CA2-4ABF-95DF-9CF9E316811B,2013-09-13 00:00:00.000
16306,15501,casey16@adventure-works.com,13B1DD1C-0533-4D6F-81C7-FC36E19C76D8,2014-03-06 00:00:00.000
16307,15502,isaac30@adventure-works.com,E62D8096-226F-4738-BFDB-A85C6248E346,2013-07-16 00:00:00.000
16308,15503,jesse33@adventure-works.com,8A79E0E0-588F-418C-89D6-804019559E82,2014-03-20 00:00:00.000
16309,15504,casey17@adventure-works.com,90800080-A733-420A-A866-6A686AB1752D,2012-09-29 00:00:00.000
16310,15505,casey18@adventure-works.com,CA1FBB21-A0F6-435D-9041-F33E64B9B9FC,2013-01-16 00:00:00.000
16311,15506,sean40@adventure-works.com,DC77B273-A71D-401F-8A2E-2A531660C1AA,2011-09-07 00:00:00.000
16312,15507,casey19@adventure-works.com,6120F2C9-187D-4802-87A0-E18B4DBDB7D3,2012-09-13 00:00:00.000
16313,15508,timothy34@adventure-works.com,6C305B4E-09CF-450C-AC1D-63BC94CF257E,2013-08-11 00:00:00.000
16314,15509,james59@adventure-works.com,89637808-9751-44EA-8B2B-97E2DB96CB8C,2013-08-11 00:00:00.000
16315,15510,casey20@adventure-works.com,3E66DA56-DB8E-47E5-B977-29FAB85DD94A,2012-07-05 00:00:00.000
16316,15511,jonathan38@adventure-works.com,892CE903-7CE3-436A-85E6-4D892237B088,2014-02-20 00:00:00.000
16317,15512,logan35@adventure-works.com,E67E705C-4C85-4E07-86A6-963DD713A543,2013-08-13 00:00:00.000
16318,15513,nathan37@adventure-works.com,E1C1C7EB-303F-4F59-81E7-E79880BD1602,2013-08-04 00:00:00.000
16319,15514,samuel39@adventure-works.com,7E66A58B-5775-4460-A4B1-082BB66898C0,2014-02-17 00:00:00.000
16320,15515,henry23@adventure-works.com,5C61CF6C-FB27-4008-A22F-3DFD77DCCACD,2013-11-12 00:00:00.000
16321,15516,gloria5@adventure-works.com,D973E149-C851-45FC-8CB1-58441C2D2E45,2011-07-03 00:00:00.000
16322,15517,casey21@adventure-works.com,2A3B236C-9BF8-4E25-BFD8-F1DBFC3F5D1D,2014-03-20 00:00:00.000
16323,15518,noah36@adventure-works.com,5A393C77-B5A3-4AF3-9479-0F598B5B2FAB,2014-03-14 00:00:00.000
16324,15519,casey22@adventure-works.com,FE976E93-6ED7-4138-BC21-134E8EC487C9,2014-04-03 00:00:00.000
16325,15520,jose45@adventure-works.com,58FF1C71-F177-4433-87CF-3AF8810EB2F5,2013-07-27 00:00:00.000
16326,15521,katrina0@adventure-works.com,EC61CE7C-5BF7-4B92-9891-C4019530F93E,2014-06-23 00:00:00.000
16327,15522,katrina1@adventure-works.com,87DBC5AD-2092-4A33-827C-134E0E9B3BFE,2013-05-28 00:00:00.000
16328,15523,katrina2@adventure-works.com,F07D18B1-53FC-458B-89AE-E539C6054212,2013-08-22 00:00:00.000
16329,15524,katrina3@adventure-works.com,F32F9339-B7C6-4ED2-B9AC-45833CC87669,2012-08-20 00:00:00.000
16330,15525,thomas46@adventure-works.com,CE83B282-5A10-4FF1-9C7A-EC06C3F3B235,2014-04-13 00:00:00.000
16331,15526,katrina4@adventure-works.com,4CDEF5C2-ACF4-4A61-A52B-0689D55AEFE8,2013-12-30 00:00:00.000
16332,15527,katrina5@adventure-works.com,999A8FC0-5908-4C31-954F-E17DEC8869C8,2013-04-29 00:00:00.000
16333,15528,kevin47@adventure-works.com,F2E97B7D-186D-422A-9C94-7325E4B4A57E,2014-01-26 00:00:00.000
16334,15529,gabriel40@adventure-works.com,1618C48A-3EA2-4969-B845-83CE105DD3D5,2014-06-07 00:00:00.000
16335,15530,katrina6@adventure-works.com,A24ACDFB-48C8-4823-9219-491620E6BC9F,2014-06-13 00:00:00.000
16336,15531,elijah37@adventure-works.com,2F97D7E1-7F44-4698-A9D2-B17750108316,2014-05-24 00:00:00.000
16337,15532,katrina7@adventure-works.com,B4C69CCB-ECB2-4729-A221-0BF73A84C89D,2014-06-27 00:00:00.000
16338,15533,jason38@adventure-works.com,ED48FF7A-E9D9-453C-9D2C-E2BC5B40900A,2014-02-06 00:00:00.000
16339,15534,katrina8@adventure-works.com,F471D689-E95B-4059-8B97-0F6A1BE23DB9,2012-10-10 00:00:00.000
16340,15535,katrina9@adventure-works.com,19B5C45F-4171-40FF-968A-E0F08906FB56,2013-08-16 00:00:00.000
16341,15536,katrina10@adventure-works.com,BD17D0CD-743D-4A1C-A01A-156FD1784E89,2013-12-24 00:00:00.000
16342,15537,luis42@adventure-works.com,6F07C42D-64B6-4A62-9BE8-C3B4D278C774,2014-04-08 00:00:00.000
16343,15538,mohamed1@adventure-works.com,43A9BC0A-2265-40D8-985E-11C3DBEE2A93,2013-10-10 00:00:00.000
16344,15539,aaron42@adventure-works.com,19C8AE31-D468-4269-A2A6-89D4BFF52012,2012-11-24 00:00:00.000
16345,15540,caleb39@adventure-works.com,731F1C87-FC93-4DE8-B9BD-51F091F0920D,2013-12-17 00:00:00.000
16346,15541,katrina11@adventure-works.com,DCE07C8C-CFD0-44C2-B14B-D02680EACB86,2013-05-07 00:00:00.000
16347,15542,katrina12@adventure-works.com,DB7AE476-0929-4351-925C-12674C3FE58B,2014-04-14 00:00:00.000
16348,15543,connor38@adventure-works.com,227AE94F-D6FA-4E60-869D-33ADE88263F0,2013-06-29 00:00:00.000
16349,15544,katrina13@adventure-works.com,2E464B3B-B90B-442F-83E9-5C59599C74B9,2012-03-08 00:00:00.000
16350,15545,katrina14@adventure-works.com,24BF1293-F488-46A3-8D85-ACA92467DD56,2013-08-14 00:00:00.000
16351,15546,luke41@adventure-works.com,1DD7BBDB-94E7-40E7-91C2-A2B006B5E699,2013-02-08 00:00:00.000
16352,15547,jordan63@adventure-works.com,236C84C8-2CE0-4473-B5A2-EA0F6793B15B,2013-07-03 00:00:00.000
16353,15548,kelvin23@adventure-works.com,7542E781-9118-4A8F-93CD-3EF30378E118,2013-11-11 00:00:00.000
16354,15549,gloria6@adventure-works.com,338F1248-6F4E-4AC0-81FD-26E9944A542B,2011-11-25 00:00:00.000
16355,15550,katrina15@adventure-works.com,A2812E1F-50BF-4B3C-ACA4-C5CAD107EB53,2012-06-16 00:00:00.000
16356,15551,katrina16@adventure-works.com,9473E503-BC20-4F47-AEDC-72A2241AE363,2013-07-16 00:00:00.000
16357,15552,jack45@adventure-works.com,AF2D25AA-5207-48A8-A8A7-27169A9AF6F3,2011-09-10 00:00:00.000
16358,15553,adam40@adventure-works.com,CDABC2E2-9B22-4067-BC38-2FD14E6B9BBE,2014-03-23 00:00:00.000
16359,15554,katrina17@adventure-works.com,30CE419C-3A81-49C3-8761-DA0BA3B0D8A9,2014-04-06 00:00:00.000
16360,15555,katrina18@adventure-works.com,7509F4A3-5A1E-40E5-B868-945EB4B63E88,2014-03-07 00:00:00.000
16361,15556,katrina19@adventure-works.com,7FAF30C8-AE91-4545-B0E8-3AA6539CB8FE,2013-04-09 00:00:00.000
16362,15557,katrina20@adventure-works.com,982953E4-5A6F-4898-898B-B6CD98692E33,2011-06-02 00:00:00.000
16363,15558,jackson39@adventure-works.com,63B1E3C0-23A7-4D7C-B74D-2A9C0F14F05A,2013-08-04 00:00:00.000
16364,15559,carlos37@adventure-works.com,ED362AAC-F1F4-4BA1-B740-147F6A541836,2013-10-30 00:00:00.000
16365,15560,katrina21@adventure-works.com,C3446A5A-4210-4B36-AE6A-8248F94532C0,2011-12-10 00:00:00.000
16366,15561,latoya0@adventure-works.com,E4F79091-C800-4798-8AE8-F5A7E1872CAF,2011-12-14 00:00:00.000
16367,15562,angel32@adventure-works.com,20EACCE3-B570-4307-BA63-67B056398E6F,2014-06-14 00:00:00.000
16368,15563,latoya1@adventure-works.com,DBB77306-1E59-400E-B074-5FCAD0F2A96C,2012-09-27 00:00:00.000
16369,15564,isaiah33@adventure-works.com,79ECC384-EE81-4C65-9727-7F8E0BC76192,2014-04-12 00:00:00.000
16370,15565,alex38@adventure-works.com,9D3F2D32-1F92-4EF4-933D-959103EFAC2D,2014-06-27 00:00:00.000
16371,15566,evan34@adventure-works.com,6A3A1602-4169-4BDC-BC4D-3BB1B9D38D6D,2014-02-05 00:00:00.000
16372,15567,mason30@adventure-works.com,DE2EE590-0222-4CB7-9393-0BA7911AD578,2014-01-04 00:00:00.000
16373,15568,latoya2@adventure-works.com,7961880B-B474-43AF-A2E9-1DB8241B9C7A,2013-07-20 00:00:00.000
16374,15569,isaac31@adventure-works.com,B052F213-B3D5-4D06-8666-622B51F2C695,2013-09-20 00:00:00.000
16375,15570,jesse34@adventure-works.com,764BE8E4-1645-4A8A-B41E-B9C4BEDAD2BD,2014-04-20 00:00:00.000
16376,15571,sean41@adventure-works.com,657BF27B-18E3-40B9-B599-1165650289B3,2013-10-20 00:00:00.000
16377,15572,latoya3@adventure-works.com,15BF5831-C6E0-43A8-A67E-20FB1D05ADCC,2012-11-28 00:00:00.000
16378,15573,latoya4@adventure-works.com,ABEECBDB-F476-4B7A-88FE-35496CD7777D,2013-04-06 00:00:00.000
16379,15574,latoya5@adventure-works.com,763FEB25-3906-462C-8D26-C2E4404E6105,2014-06-19 00:00:00.000
16380,15575,latoya6@adventure-works.com,8213E4F5-7A19-4E82-A7AB-F2C788B15FB5,2013-07-18 00:00:00.000
16381,15576,timothy35@adventure-works.com,D595CAF3-07B5-4B76-9838-097EFD9ADCF1,2014-06-15 00:00:00.000
16382,15577,latoya7@adventure-works.com,F31FBFBA-3A23-4793-9DA3-5AB382F6B67B,2014-06-21 00:00:00.000
16383,15578,james60@adventure-works.com,D4FA810B-F381-4270-8072-7624EF275ADB,2014-01-19 00:00:00.000
16384,15579,latoya8@adventure-works.com,B974863A-40FA-4DC3-98C6-3A505492879B,2012-07-19 00:00:00.000
16385,15580,jonathan39@adventure-works.com,C31258E4-F4EE-49BE-B554-CF843E231AE4,2013-11-28 00:00:00.000
16386,15581,latoya9@adventure-works.com,C821AFA2-9A1A-4026-A3E1-D80AAD924B52,2013-12-07 00:00:00.000
16387,15582,logan36@adventure-works.com,491228D1-1CF4-41D2-9453-DB7D71618BD6,2013-02-03 00:00:00.000
16388,15583,latoya10@adventure-works.com,65D6AEC2-81CC-4B59-AC2D-CC7801E5CA88,2012-07-29 00:00:00.000
16389,15584,nathan38@adventure-works.com,765F4B02-DAFC-4F57-A9E9-FB5A81EC7A27,2014-02-23 00:00:00.000
16390,15585,samuel40@adventure-works.com,09D8C181-7228-4602-9C62-B16DE72042FC,2013-10-28 00:00:00.000
16391,15586,latoya11@adventure-works.com,95226BE6-ED96-477F-A795-FF6CC658871C,2013-11-18 00:00:00.000
16392,15587,greg8@adventure-works.com,8B8D1733-F104-42D0-8CB8-65005E499996,2012-09-10 00:00:00.000
16393,15588,noah37@adventure-works.com,C8E94451-7CB2-4287-BF0B-FE315835C656,2013-10-27 00:00:00.000
16394,15589,latoya12@adventure-works.com,934E9E1A-CA5F-4684-BE2F-3512BA1D30F7,2014-01-19 00:00:00.000
16395,15590,robert52@adventure-works.com,0AA78510-3874-42CB-85F4-0EAA20BAF612,2014-02-16 00:00:00.000
16396,15591,jose46@adventure-works.com,CD1D293B-13EA-4035-99FD-087D285FB02E,2014-02-26 00:00:00.000
16397,15592,latoya13@adventure-works.com,C3045B14-C4D7-46AC-9861-878AADCC7638,2013-08-11 00:00:00.000
16398,15593,latoya14@adventure-works.com,C7A93418-23F7-437A-BF1D-D3697FBDC634,2012-08-29 00:00:00.000
16399,15594,thomas47@adventure-works.com,7A3C1125-4FD3-4373-910E-C5348117138F,2014-01-09 00:00:00.000
16400,15595,latoya15@adventure-works.com,366BB568-C173-481B-ABCA-E6C595B79670,2011-10-14 00:00:00.000
16401,15596,kyle39@adventure-works.com,2ED434B0-E6AE-4AB9-B1F4-475823E80750,2011-11-19 00:00:00.000
16402,15597,latoya16@adventure-works.com,DDB58797-F5AE-48A1-B63E-6D9CEB04CC5B,2014-04-18 00:00:00.000
16403,15598,kevin48@adventure-works.com,CE8BAC26-BF3D-412E-8199-C7E8B2D03E86,2014-02-19 00:00:00.000
16404,15599,latoya17@adventure-works.com,6EC1EBA9-0DED-4B86-90ED-1F02D3F6E0C6,2014-01-08 00:00:00.000
16405,15600,latoya18@adventure-works.com,4103EB7A-9BCC-4DD2-B13E-4CC8D2A173C8,2011-06-21 00:00:00.000
16406,15601,latoya19@adventure-works.com,826846FB-23D0-4172-B59C-9F2FF9FE7DD0,2013-11-18 00:00:00.000
16407,15602,gloria7@adventure-works.com,F3F59619-7ACD-457E-BCFB-90FDA9AF97AD,2012-02-13 00:00:00.000
16408,15603,latoya20@adventure-works.com,B3383A99-C289-421D-90A5-60B0EEEA48A4,2013-08-12 00:00:00.000
16409,15604,latoya21@adventure-works.com,8DB6A32D-4F13-44A1-A8A7-414116F171FC,2013-10-12 00:00:00.000
16410,15605,tracy2@adventure-works.com,AA6EC8CD-D9D5-4695-BA04-1C17466947CD,2013-08-17 00:00:00.000
16411,15606,tracy3@adventure-works.com,02CCF2F6-832E-4632-8E5D-34BEB03AFFC0,2013-09-22 00:00:00.000
16412,15607,tracy4@adventure-works.com,B081FEC6-3CAA-4D88-ACCA-FFE0B6421C95,2014-06-29 00:00:00.000
16413,15608,gabriel41@adventure-works.com,3908977A-894B-49FF-AA4C-2924B708D43F,2013-10-07 00:00:00.000
16414,15609,tracy5@adventure-works.com,1905725C-4923-4460-AF8E-62CE3493278E,2011-09-18 00:00:00.000
16415,15610,elijah38@adventure-works.com,D20C5464-75B3-47B1-B6AB-B9D46EFD45FE,2013-04-09 00:00:00.000
16416,15611,tracy6@adventure-works.com,312F5762-D848-420E-9735-2E65193880DF,2014-06-28 00:00:00.000
16417,15612,jason39@adventure-works.com,2C4E27D3-2A03-488B-8D17-A335370FF03B,2013-07-08 00:00:00.000
16418,15613,gloria8@adventure-works.com,B3AB4C8D-F0A9-4D09-8244-39FC737A0EF0,2012-02-06 00:00:00.000
16419,15614,luis43@adventure-works.com,D90CD70A-7893-4D89-984A-98F4D7730D26,2012-07-16 00:00:00.000
16420,15615,aaron43@adventure-works.com,C6DB3FD6-6A60-40AB-8395-B569F90EF503,2014-05-24 00:00:00.000
16421,15616,tracy7@adventure-works.com,518012B3-8171-4FCD-92DD-81DC9346BFD3,2013-08-24 00:00:00.000
16422,15617,tracy8@adventure-works.com,D5915B85-6A65-471D-B4CD-4235A66616CC,2014-05-07 00:00:00.000
16423,15618,tracy9@adventure-works.com,E425094D-850F-4DE6-9254-54572DA967E9,2014-04-02 00:00:00.000
16424,15619,caleb40@adventure-works.com,E87E95DD-B137-46E8-8798-5C81A2BC6F90,2014-01-18 00:00:00.000
16425,15620,tracy10@adventure-works.com,5F3C9482-AC23-4A0C-9624-9D359FD6AB92,2013-08-21 00:00:00.000
16426,15621,tracy11@adventure-works.com,803D8CE9-948C-401A-A686-466C4BFF27E8,2012-08-17 00:00:00.000
16427,15622,luke42@adventure-works.com,095847DE-CC24-4515-A3A9-620A2D018CB9,2014-01-08 00:00:00.000
16428,15623,tracy12@adventure-works.com,C2EA6350-6933-40F2-B7BE-10474B247E59,2012-05-20 00:00:00.000
16429,15624,tracy13@adventure-works.com,9D690966-F364-4024-B116-76589130B1B3,2014-03-25 00:00:00.000
16430,15625,tracy14@adventure-works.com,B0DD5195-F764-462A-A3E3-D8384CD5F182,2012-06-30 00:00:00.000
16431,15626,jordan64@adventure-works.com,20A6FF8E-D949-4EA6-AE5D-165D666B03FE,2012-06-24 00:00:00.000
16432,15627,tracy15@adventure-works.com,8ECC6D11-791B-47B4-A9DB-82B3CEE03D58,2011-12-22 00:00:00.000
16433,15628,gloria9@adventure-works.com,3DBBF72D-7E3A-43FE-BDEE-8A806818DE43,2012-06-21 00:00:00.000
16434,15629,sriniwa0@adventure-works.com,ADF4146E-40A4-4100-BFE3-5BA9D211D85F,2013-03-17 00:00:00.000
16435,15630,tracy16@adventure-works.com,95960945-3E28-4A44-A183-717656A5357A,2011-08-22 00:00:00.000
16436,15631,jack46@adventure-works.com,C57ED300-2097-494D-AA62-01ADCA91717F,2013-12-22 00:00:00.000
16437,15632,tracy17@adventure-works.com,8A22CC56-6CA7-42E8-B234-B02BF0529208,2013-12-14 00:00:00.000
16438,15633,tracy18@adventure-works.com,7970C0DE-DF34-4768-B7BF-798F450EB720,2013-11-08 00:00:00.000
16439,15634,tracy19@adventure-works.com,04157238-BE90-407F-BEA5-22859DC1BAB4,2012-09-23 00:00:00.000
16440,15635,tracy20@adventure-works.com,6927628D-FAAB-4928-A113-6EEE578D449A,2014-03-28 00:00:00.000
16441,15636,eric52@adventure-works.com,CCA1982C-F2BC-497C-9C9E-4056CEF3D987,2013-08-17 00:00:00.000
16442,15637,misty1@adventure-works.com,17414826-612D-47AE-8D87-D8E034DBAEA7,2013-08-22 00:00:00.000
16443,15638,jackson40@adventure-works.com,D7BEA891-3244-418F-82B9-15A9D90B401A,2014-02-23 00:00:00.000
16444,15639,misty2@adventure-works.com,F81601D8-64BE-479E-9CBA-DA0502AD8752,2011-12-19 00:00:00.000
16445,15640,carlos38@adventure-works.com,12C05A66-BD91-4410-84DD-98EA1993654F,2011-07-30 00:00:00.000
16446,15641,misty3@adventure-works.com,D9D263F9-F0FF-498D-9CF8-5AACC3E25FB7,2014-04-24 00:00:00.000
16447,15642,angel33@adventure-works.com,4F5E8754-7B78-446D-AEDF-C0DBDE8FEA6E,2011-07-20 00:00:00.000
16448,15643,isaiah34@adventure-works.com,BB6A4287-1073-4A72-BDE8-9588AAD3913D,2013-05-11 00:00:00.000
16449,15644,gloria10@adventure-works.com,51D09E4D-04AB-4EEC-AAA1-C97F47ACFE89,2014-05-11 00:00:00.000
16450,15645,misty4@adventure-works.com,DB54DC06-601E-486E-ADA6-225F250EB2FE,2013-03-23 00:00:00.000
16451,15646,alex39@adventure-works.com,CA5A1E0E-0EEF-4D5B-8463-285F8AEE8838,2012-04-06 00:00:00.000
16452,15647,misty5@adventure-works.com,8EE419AB-5E3A-44FF-93EA-EB8ED3D58F8C,2014-02-24 00:00:00.000
16453,15648,evan35@adventure-works.com,B53AF9B6-496F-4D4B-AFBB-ADDB9FF7E977,2014-04-06 00:00:00.000
16454,15649,misty6@adventure-works.com,0433EFF6-545B-4061-BF6A-D9F0F3E31306,2013-11-19 00:00:00.000
16455,15650,mason31@adventure-works.com,DF48B406-9331-4C03-9D52-F4010619507A,2014-05-05 00:00:00.000
16456,15651,misty7@adventure-works.com,81B1C74B-8CD2-48E3-9521-D98A2889486B,2013-02-07 00:00:00.000
16457,15652,isaac32@adventure-works.com,02DA5DEF-238A-459E-BEA8-7316B345F00C,2013-10-26 00:00:00.000
16458,15653,jesse35@adventure-works.com,8AC3BB5F-DD15-4A9C-97CF-47F9C96C6D09,2014-01-26 00:00:00.000
16459,15654,sean42@adventure-works.com,A5A69FDD-5351-4CD6-943B-E1B0AD8A455F,2014-05-24 00:00:00.000
16460,15655,misty8@adventure-works.com,63D302F3-0597-42AF-ADB7-98C30256CA04,2011-06-30 00:00:00.000
16461,15656,misty9@adventure-works.com,0050D1C7-EA2C-45C5-8858-C3F298A121FD,2012-12-17 00:00:00.000
16462,15657,misty10@adventure-works.com,4DF07352-1D62-4311-A82B-5064FB8B6164,2014-02-11 00:00:00.000
16463,15658,james61@adventure-works.com,89E693E3-8D8F-4B7B-8ADB-79AC3FE49E27,2014-06-08 00:00:00.000
16464,15659,jonathan40@adventure-works.com,9A9F51E8-B9C6-4073-A390-9DD62EB34690,2011-08-19 00:00:00.000
16465,15660,misty11@adventure-works.com,83DC1B44-A4E7-4577-827C-4E2937E2B4BF,2011-11-23 00:00:00.000
16466,15661,logan37@adventure-works.com,3A01F1B3-9E77-4FD8-A413-6B91EF1498EE,2012-10-15 00:00:00.000
16467,15662,nathan39@adventure-works.com,A7870ACC-6D49-419E-BDA2-108409B2DE3B,2014-06-25 00:00:00.000
16468,15663,misty12@adventure-works.com,771245CE-DEFC-4B70-9CF0-05245E2917F2,2013-09-04 00:00:00.000
16469,15664,misty13@adventure-works.com,EE13B653-9B7E-4817-A046-CE7CAA9F63C8,2013-11-22 00:00:00.000
16470,15665,gloria11@adventure-works.com,607BFAA5-CDB8-4BE6-B79C-6E9CC30E26F4,2013-07-09 00:00:00.000
16471,15666,misty14@adventure-works.com,E348539B-974F-4115-820C-1340F06B3308,2014-03-12 00:00:00.000
16472,15667,samuel41@adventure-works.com,3996CCEB-9A50-494E-86E0-D079B658047E,2011-09-08 00:00:00.000
16473,15668,hunter38@adventure-works.com,A6DCC8C4-F923-4558-B03A-EC442D5DC00E,2013-10-06 00:00:00.000
16474,15669,noah38@adventure-works.com,B91BFEE6-EFF4-4458-B265-82D152A1ED27,2013-06-11 00:00:00.000
16475,15670,misty15@adventure-works.com,61EB7AFE-5947-49BC-8758-2573B34544A1,2013-01-26 00:00:00.000
16476,15671,misty16@adventure-works.com,BE291EC1-CA83-4150-8654-35A60967190B,2013-07-07 00:00:00.000
16477,15672,robert53@adventure-works.com,B6E2FEFE-2A3B-4CF1-9D45-521AC46F711C,2013-09-23 00:00:00.000
16478,15673,jose47@adventure-works.com,66D8E8D3-89D6-44AD-9428-24D8825823B1,2013-12-10 00:00:00.000
16479,15674,misty17@adventure-works.com,33F00E21-2362-48AD-A3BF-25C9344D7535,2013-12-29 00:00:00.000
16480,15675,misty18@adventure-works.com,0ABF324F-13C3-4B00-B1AE-6ACD4D675F28,2013-11-07 00:00:00.000
16481,15676,misty19@adventure-works.com,9C020EBA-9661-46DF-966A-0DF91930C621,2013-09-04 00:00:00.000
16482,15677,thomas48@adventure-works.com,09479169-41AD-47DC-A4AE-B8D494231A7D,2014-04-18 00:00:00.000
16483,15678,misty20@adventure-works.com,FF4A8458-C6E3-44ED-BE7B-0E0B46007465,2013-07-12 00:00:00.000
16484,15679,misty21@adventure-works.com,4273CC63-20EF-4231-9F53-ACDF3DF1273E,2011-10-16 00:00:00.000
16485,15680,misty22@adventure-works.com,CB0D2A90-4EED-41F7-A805-F24D0ED1FE8A,2013-10-29 00:00:00.000
16486,15681,kyle40@adventure-works.com,26D40DE7-2FDD-4FCA-98C9-65C9546AF51D,2013-01-29 00:00:00.000
16487,15682,gloria12@adventure-works.com,6C9D4313-7FE0-4A8F-A8E5-0646E81DC693,2012-03-01 00:00:00.000
16488,15683,misty23@adventure-works.com,97E0EF44-BCC1-4F92-88A7-FCBA9B2D0E09,2011-06-06 00:00:00.000
16489,15684,connor39@adventure-works.com,F953E4D2-3C28-4C5C-8211-F0F18751909F,2013-11-19 00:00:00.000
16490,15685,luke43@adventure-works.com,86E31689-6037-47DB-9C4A-D8351E135DAF,2012-04-12 00:00:00.000
16491,15686,misty24@adventure-works.com,516FB686-F273-458B-B9FE-3FD56799D697,2013-10-06 00:00:00.000
16492,15687,jordan65@adventure-works.com,8AF2FEFA-EC1F-4CA8-A584-68BB98C9246A,2014-04-30 00:00:00.000
16493,15688,kelsey0@adventure-works.com,FD4CB318-8AD7-4841-874D-5AEEBFCA0D6D,2013-10-03 00:00:00.000
16494,15689,kevin49@adventure-works.com,D75A65BA-4DDB-48CA-835B-30BB4E87A186,2014-01-17 00:00:00.000
16495,15690,kelsey1@adventure-works.com,7DB43C61-EC2F-4864-827D-5B0A2A671480,2012-11-11 00:00:00.000
16496,15691,gabriel42@adventure-works.com,3EDF712E-82D0-4EBC-A4FB-2DAA6FFB78FA,2014-06-02 00:00:00.000
16497,15692,kelsey2@adventure-works.com,15121CF8-32F1-4B68-9939-F4B354AEA8DB,2012-04-19 00:00:00.000
16498,15693,elijah39@adventure-works.com,2BE79019-2372-4257-8078-77C5D2BE8D65,2014-05-27 00:00:00.000
16499,15694,kelsey3@adventure-works.com,DECDC2C7-9BAA-4249-A6FD-A9C1F284F2D4,2013-10-20 00:00:00.000
16500,15695,jason40@adventure-works.com,786EB360-08C5-4D90-ACFC-09D91B2386BF,2012-03-26 00:00:00.000
16501,15696,kelsey4@adventure-works.com,F13B271C-1611-4CA1-ADBC-076F9B3DD90E,2014-04-18 00:00:00.000
16502,15697,jack47@adventure-works.com,7F9AEEF6-2197-454D-8BB0-2E067B624155,2011-07-11 00:00:00.000
16503,15698,kelsey5@adventure-works.com,B18DB8E8-3C67-4C67-9E4B-8AA74E9C4B95,2013-12-14 00:00:00.000
16504,15699,connor40@adventure-works.com,24990C26-A9CA-4DC6-8B92-8045FC2D0593,2013-11-01 00:00:00.000
16505,15700,kelsey6@adventure-works.com,43E50803-6CBD-430C-8AF1-F70A99497B01,2013-11-07 00:00:00.000
16506,15701,luis44@adventure-works.com,721FB847-C76E-4046-A57A-05DBFA771125,2013-04-22 00:00:00.000
16507,15702,gloria13@adventure-works.com,18FD3FB3-7A52-4376-AA30-A56AC8018CA1,2014-01-16 00:00:00.000
16508,15703,kelsey7@adventure-works.com,BF2DA3CF-B2CC-4BBF-B88D-F9DD8493A337,2013-10-04 00:00:00.000
16509,15704,aaron44@adventure-works.com,DE1A0B2C-41F3-4739-8B0A-387006E44AEF,2014-01-16 00:00:00.000
16510,15705,kelsey8@adventure-works.com,8EA56657-B47F-461B-9C0C-8D91C8BC79AF,2012-11-07 00:00:00.000
16511,15706,kelsey9@adventure-works.com,B7182032-7B0F-411B-B20C-D1C1F73D2A70,2014-01-27 00:00:00.000
16512,15707,adam41@adventure-works.com,8D8C5E3A-973A-409E-8A36-68000567626E,2014-04-14 00:00:00.000
16513,15708,kelsey10@adventure-works.com,E1A9827C-8A19-4D68-BE9D-40088E615658,2014-03-20 00:00:00.000
16514,15709,samuel42@adventure-works.com,1E918B54-45FE-4598-965C-C39F9E8CDB6C,2012-05-26 00:00:00.000
16515,15710,kelsey11@adventure-works.com,869B21E8-A6AB-4E27-AFFC-5E4B72CAE42E,2013-07-18 00:00:00.000
16516,15711,kelsey12@adventure-works.com,971F7022-2F89-4D22-AE4D-58647D84C553,2013-09-12 00:00:00.000
16517,15712,kelsey13@adventure-works.com,9C64C587-0134-446F-A3B3-2ADEA40038EB,2013-09-29 00:00:00.000
16518,15713,caleb41@adventure-works.com,242DA6EB-A4D7-40B0-9091-72C5545D92D9,2014-01-15 00:00:00.000
16519,15714,jackson41@adventure-works.com,78FAB01C-03AC-446F-8E95-8DDFE69319C0,2013-11-26 00:00:00.000
16520,15715,kelsey14@adventure-works.com,968BE8E5-47AC-44B5-A338-D6FAC83C0859,2011-12-20 00:00:00.000
16521,15716,carlos39@adventure-works.com,36191713-0978-4E62-8BA8-60040BD15C53,2013-07-15 00:00:00.000
16522,15717,carlos40@adventure-works.com,9E2942F0-9F21-40B7-87ED-B3A40761AA50,2014-04-12 00:00:00.000
16523,15718,angel34@adventure-works.com,99E59B18-4AE0-459B-821D-7BE20C5EFD99,2011-10-08 00:00:00.000
16524,15719,gloria14@adventure-works.com,FC50C919-B8A3-40A3-9631-859BF489FF14,2014-02-11 00:00:00.000
16525,15720,kelsey15@adventure-works.com,511B4902-035F-472E-8A3D-A890CBABBF05,2012-10-02 00:00:00.000
16526,15721,isaiah35@adventure-works.com,34BFB97F-AD0C-43C9-A6D2-E87C812FF143,2014-01-11 00:00:00.000
16527,15722,alex40@adventure-works.com,3E8BE386-DBE5-44C3-8AFE-3E65B82E2D89,2013-07-18 00:00:00.000
16528,15723,kelsey16@adventure-works.com,565AD030-9B1B-41EA-9A5B-FD69B8993CF4,2013-01-13 00:00:00.000
16529,15724,kelsey17@adventure-works.com,99D8B8AD-3666-4492-8289-942E911E5D96,2012-07-14 00:00:00.000
16530,15725,hunter39@adventure-works.com,7B3333B3-EADA-418A-AF72-91F5993E1363,2014-01-08 00:00:00.000
16531,15726,kelsey18@adventure-works.com,A36A043B-DEDF-4ED8-877D-1CD15876D5CC,2013-08-17 00:00:00.000
16532,15727,evan36@adventure-works.com,914D0289-5A84-4622-8203-91605190CE03,2014-05-06 00:00:00.000
16533,15728,kelsey19@adventure-works.com,6E12EEEF-0472-4619-BC9C-A5B539D35CEA,2012-03-29 00:00:00.000
16534,15729,kevin50@adventure-works.com,292ACA88-CE86-48C4-BD37-9F777C484200,2014-01-28 00:00:00.000
16535,15730,mason32@adventure-works.com,069ED100-6149-4DD1-A0ED-E0D66BD1D566,2014-04-28 00:00:00.000
16536,15731,kara1@adventure-works.com,E740D1C9-5486-476F-BE5A-8A6A818EFE30,2014-05-09 00:00:00.000
16537,15732,gabriel43@adventure-works.com,A0CDE199-6040-44DD-B3BF-BCCC0303D3C7,2014-05-08 00:00:00.000
16538,15733,isaac33@adventure-works.com,CF8F5519-7C29-4BB0-9486-1C394F5139C0,2013-09-07 00:00:00.000
16539,15734,jesse36@adventure-works.com,9E3E2187-6D32-4B67-8D75-39A433BFE871,2013-10-26 00:00:00.000
16540,15735,kara2@adventure-works.com,1FA3F1E0-F873-4EA2-B0E8-BB4B54611446,2014-01-09 00:00:00.000
16541,15736,elijah40@adventure-works.com,5E2D3932-022A-4725-BEFC-DAEE3746361A,2014-05-18 00:00:00.000
16542,15737,kara3@adventure-works.com,35D2A5B7-4F96-4F64-A595-D74F1E3E081F,2013-10-18 00:00:00.000
16543,15738,gloria15@adventure-works.com,1A33B5AC-46B2-48AC-9354-630959931021,2013-11-15 00:00:00.000
16544,15739,sean43@adventure-works.com,FBC54A23-5194-4D81-BD21-2F442C2896B2,2013-08-28 00:00:00.000
16545,15740,timothy36@adventure-works.com,AE17F541-3B8A-46DD-9A85-F26980E01F74,2014-01-25 00:00:00.000
16546,15741,kara4@adventure-works.com,5F1AD8CE-B4AB-4EBB-B6DF-005FE8A127F4,2013-07-29 00:00:00.000
16547,15742,james62@adventure-works.com,59DFD5C9-98EA-4FC4-BB7F-D723D4B6A7C3,2013-11-05 00:00:00.000
16548,15743,kara5@adventure-works.com,7C16B2D1-0DE6-4CA5-89B2-E726F3D83E1E,2013-10-03 00:00:00.000
16549,15744,jesse37@adventure-works.com,3D9A93FA-DFF7-4311-B7A2-4BA918F8EF2E,2013-04-06 00:00:00.000
16550,15745,kara6@adventure-works.com,F5987076-6125-4765-B4D3-13B5E3219377,2013-07-14 00:00:00.000
16551,15746,kara7@adventure-works.com,DC001DE6-3A5D-4B9C-BB92-9989C3DABBC0,2014-01-26 00:00:00.000
16552,15747,kara8@adventure-works.com,4B4DDAC3-4537-4D57-8415-977AB58DE29F,2014-03-06 00:00:00.000
16553,15748,jonathan41@adventure-works.com,CC230A1C-86EF-46B3-ACDF-BFF1D202A0E5,2014-05-16 00:00:00.000
16554,15749,sean44@adventure-works.com,08ABFF94-5F86-4712-A884-44395D2329D7,2014-01-10 00:00:00.000
16555,15750,logan38@adventure-works.com,8D10392B-41DA-4AFD-B222-F586C860E90F,2013-10-25 00:00:00.000
16556,15751,kara9@adventure-works.com,2487D4C4-7F00-407F-8E4F-06835D968E9D,2012-10-16 00:00:00.000
16557,15752,nathan40@adventure-works.com,188F8B38-64E5-4377-9DF9-3F8EBE385D4F,2013-09-12 00:00:00.000
16558,15753,jason41@adventure-works.com,22DC01BF-1A22-4DD7-9FED-6E25D6A16998,2013-12-31 00:00:00.000
16559,15754,kara10@adventure-works.com,A321D9C5-9B75-49AE-B837-853DAE8B38F4,2011-12-22 00:00:00.000
16560,15755,samuel43@adventure-works.com,3C26EE7B-DED4-413E-AE4B-C01C2C49987C,2013-04-24 00:00:00.000
16561,15756,timothy37@adventure-works.com,0EF306DB-5589-4651-9246-663AAB319BF7,2012-02-22 00:00:00.000
16562,15757,luke44@adventure-works.com,0963E73D-E883-4070-9CCA-030C82DF7862,2014-03-07 00:00:00.000
16563,15758,gloria16@adventure-works.com,059BF753-93CC-4AA5-A6B0-58EA26B60313,2013-10-23 00:00:00.000
16564,15759,kara11@adventure-works.com,A3E12A35-BAE1-42BD-BC4C-2F978E0B9D64,2012-11-19 00:00:00.000
16565,15760,kara12@adventure-works.com,F2405880-9C2E-41CA-BBA3-F878B4E77C42,2013-07-07 00:00:00.000
16566,15761,kara13@adventure-works.com,701A7061-B931-45F8-B594-F1E557B7CC9A,2013-07-09 00:00:00.000
16567,15762,james63@adventure-works.com,4D21171C-C0D3-4B9A-8E63-D16AC99ADF84,2013-12-10 00:00:00.000
16568,15763,kara14@adventure-works.com,BFC0F256-EBD6-41B6-A89E-75CB463AA2B8,2014-04-23 00:00:00.000
16569,15764,connor41@adventure-works.com,409F98B7-6DF8-4087-9B8B-03482B3CE7FB,2013-11-01 00:00:00.000
16570,15765,kara15@adventure-works.com,0A7830A0-E877-4E2E-B692-94F9CDBB8234,2014-01-19 00:00:00.000
16571,15766,jordan66@adventure-works.com,D5CAFE7A-DFC9-4E8F-871D-41E027321B56,2014-05-28 00:00:00.000
16572,15767,kara16@adventure-works.com,6DDCDF74-8392-4F80-8CD9-EFEB4B093621,2014-01-06 00:00:00.000
16573,15768,kara17@adventure-works.com,ED47E891-1FC1-4511-8A09-9B79FA36C7EB,2012-08-23 00:00:00.000
16574,15769,kara18@adventure-works.com,8A3B9E4E-2700-4D1C-8389-578D15B47981,2012-06-22 00:00:00.000
16575,15770,jonathan42@adventure-works.com,0CF53759-2522-4F26-961B-740E6C6C3C02,2011-08-18 00:00:00.000
16576,15771,noah39@adventure-works.com,0F2670C4-47D6-47AB-AB9D-30C7CADED05A,2012-09-26 00:00:00.000
16577,15772,gloria17@adventure-works.com,160C1DFD-830E-4B29-8170-E9E35ED3D631,2012-07-06 00:00:00.000
16578,15773,kara19@adventure-works.com,6DA949D8-C242-4247-8C3D-82F5FD2A9EA3,2013-02-15 00:00:00.000
16579,15774,kara20@adventure-works.com,9067FD1B-A6CB-4E73-9EAC-DCF938488E74,2012-04-04 00:00:00.000
16580,15775,jack48@adventure-works.com,F0B0EBDC-5A7C-43FE-9FBC-854B66208BE3,2013-12-28 00:00:00.000
16581,15776,nichole0@adventure-works.com,BF45B483-AEDD-4F5C-B96C-0922A711E247,2012-02-20 00:00:00.000
16582,15777,nichole1@adventure-works.com,B9598593-E473-4E36-A484-3855C34BCA67,2013-08-24 00:00:00.000
16583,15778,adam42@adventure-works.com,52EEB6E9-AF5C-4B43-AE3A-3CD9AA7B3F44,2013-09-02 00:00:00.000
16584,15779,nichole2@adventure-works.com,2495FC0F-A3FD-4031-BB12-50B1896BCC47,2012-09-22 00:00:00.000
16585,15780,eric53@adventure-works.com,6A8A1B55-9588-4237-80C5-D05976674F91,2013-07-02 00:00:00.000
16586,15781,luis45@adventure-works.com,23371D11-447D-4661-8FA1-A0BD0C4902A2,2013-10-17 00:00:00.000
16587,15782,nichole3@adventure-works.com,6BCDE3F2-CEF6-4333-AB10-85BA725B73A3,2013-11-26 00:00:00.000
16588,15783,jackson42@adventure-works.com,B4C93C53-81B1-4695-8B42-C3E857F4D5B6,2012-07-28 00:00:00.000
16589,15784,nichole4@adventure-works.com,751BB334-FF5B-4699-BA51-D1A37E47942C,2012-03-25 00:00:00.000
16590,15785,robert54@adventure-works.com,57D50EE4-13AE-431D-B315-8B039034FBD1,2012-06-20 00:00:00.000
16591,15786,aaron45@adventure-works.com,5D156526-9F0B-4BE8-8FD1-363CEF32B701,2013-12-20 00:00:00.000
16592,15787,nichole5@adventure-works.com,F7F21335-2551-4BFE-AC63-B74D1E232A66,2014-04-07 00:00:00.000
16593,15788,nathan41@adventure-works.com,43D0341D-47C4-41B5-952E-C98FB383ADDB,2014-01-24 00:00:00.000
16594,15789,carlos41@adventure-works.com,1A458CF2-5BFB-4942-A9EA-93CF456D2CF7,2013-09-12 00:00:00.000
16595,15790,nichole6@adventure-works.com,9C6481FA-3C47-4D8B-89D2-BD7881D5E7D4,2013-07-20 00:00:00.000
16596,15791,angel35@adventure-works.com,0805E325-25AB-4B9C-8855-2FA254557035,2014-01-15 00:00:00.000
16597,15792,angel36@adventure-works.com,4F795F25-EBF0-4208-8B3B-D47EE131E983,2014-05-21 00:00:00.000
16598,15793,isaiah36@adventure-works.com,2115E8CA-9CB2-4042-8A67-21A99F597B11,2014-03-29 00:00:00.000
16599,15794,gloria18@adventure-works.com,F4AA3FB0-F3F4-40B4-82D1-0D61C61AD584,2013-09-27 00:00:00.000
16600,15795,nichole7@adventure-works.com,6A32C9C1-7DCA-4116-8F0D-9955303F0376,2014-01-28 00:00:00.000
16601,15796,isaiah37@adventure-works.com,E7408593-FDCA-4D9E-8CBE-7C8EB60A3985,2013-11-29 00:00:00.000
16602,15797,nichole8@adventure-works.com,DC1C323C-2A6C-4523-AC6E-633926B9A63B,2014-04-12 00:00:00.000
16603,15798,alex41@adventure-works.com,FE98DE94-AA17-49A0-BD5B-81BB4777316D,2014-01-17 00:00:00.000
16604,15799,nichole9@adventure-works.com,2B93A0AF-8381-4E41-953E-8612DBC4AA96,2014-04-13 00:00:00.000
16605,15800,evan37@adventure-works.com,334FB039-E3F8-4416-B780-5878813813B8,2014-05-10 00:00:00.000
16606,15801,nichole10@adventure-works.com,CE3F7CF7-FA58-4AA9-9077-154BB863AD71,2014-02-08 00:00:00.000
16607,15802,nichole11@adventure-works.com,869BE16F-555A-457D-8C06-2477F6326BD7,2014-02-22 00:00:00.000
16608,15803,mason33@adventure-works.com,E509DB80-6115-4FB6-A571-3A89EE13266E,2014-05-30 00:00:00.000
16609,15804,nichole12@adventure-works.com,08C17538-FE4B-437A-97C1-C68522D5CAB4,2014-01-12 00:00:00.000
16610,15805,isaac34@adventure-works.com,F258531A-2AB9-4163-B0D3-5EF51D45C28E,2014-02-01 00:00:00.000
16611,15806,nichole13@adventure-works.com,8CC650AF-5265-43C2-834F-86C458169BA0,2013-02-12 00:00:00.000
16612,15807,jesse38@adventure-works.com,70532668-DC06-44EF-AB13-C3A58B03089D,2013-06-30 00:00:00.000
16613,15808,sean45@adventure-works.com,EB99B3DC-3CEE-426F-A755-3AF4413EAF5E,2014-01-11 00:00:00.000
16614,15809,nichole14@adventure-works.com,F085D5C3-7924-442C-94BF-1C7E729560B6,2014-02-23 00:00:00.000
16615,15810,nichole15@adventure-works.com,B28F407E-0567-4B6A-8DAC-327BBD45B1BC,2014-04-07 00:00:00.000
16616,15811,gloria19@adventure-works.com,CD20F5E1-4007-457B-AE6F-FE9C6FA72F7D,2012-04-10 00:00:00.000
16617,15812,nichole16@adventure-works.com,759ECFEA-A651-4079-90E2-BD13BAD54DA5,2011-10-10 00:00:00.000
16618,15813,nichole17@adventure-works.com,9FFAEA8C-AB25-47D0-9607-FA9852B8EBE5,2013-07-26 00:00:00.000
16619,15814,timothy38@adventure-works.com,51EFF9C9-E75F-473A-AA13-5395E4E8B49D,2014-01-26 00:00:00.000
16620,15815,nichole18@adventure-works.com,283869F3-F68E-4C4F-9B9C-5E80682F3F7D,2013-06-30 00:00:00.000
16621,15816,jose48@adventure-works.com,627FD6E5-9713-4D53-9EAA-E9262B70D1E7,2014-04-05 00:00:00.000
16622,15817,james64@adventure-works.com,C4E35D2A-D704-407D-98EA-C6E5717A74C7,2013-10-25 00:00:00.000
16623,15818,jonathan43@adventure-works.com,1CFF915E-2167-4BA8-96E7-25D74C4E5214,2012-01-20 00:00:00.000
16624,15819,nichole19@adventure-works.com,5C4FB633-C9FC-48DA-AA6F-01B3D51B78CE,2011-08-30 00:00:00.000
16625,15820,nichole20@adventure-works.com,B03021B5-30AD-407C-924D-F5C456D1D1EB,2014-02-18 00:00:00.000
16626,15821,nichole21@adventure-works.com,6F25CF0A-071D-4418-9993-FF36014151F8,2013-04-22 00:00:00.000
16627,15822,alex42@adventure-works.com,CF6093C6-6109-4B08-884A-8B6F6FE9B4AD,2012-02-03 00:00:00.000
16628,15823,nichole22@adventure-works.com,55E9D471-C23D-48A3-971E-19ED7B48D3D2,2013-10-31 00:00:00.000
16629,15824,logan39@adventure-works.com,9C87E2E8-3859-4F95-A2EB-D914BCE79AE4,2013-11-09 00:00:00.000
16630,15825,thomas49@adventure-works.com,89FD0FFD-8793-4C89-A066-C0ABB8412FBC,2012-11-01 00:00:00.000
16631,15826,caleb42@adventure-works.com,B27DF86C-A7F5-42BA-8E77-AEB7FD4FCDD4,2014-04-12 00:00:00.000
16632,15827,nathan42@adventure-works.com,59724A6E-B646-4A31-A184-1E6447275266,2013-01-10 00:00:00.000
16633,15828,alison0@adventure-works.com,47E25A79-A7E8-462E-B7D4-957D7460314B,2013-08-20 00:00:00.000
16634,15829,kyle41@adventure-works.com,F12423AF-8C49-499E-BD30-5672EC0A52A9,2013-10-02 00:00:00.000
16635,15830,kevin51@adventure-works.com,33B2ECEF-FE43-4F47-91B0-D63647937D7F,2013-05-05 00:00:00.000
16636,15831,alison1@adventure-works.com,D5AAC392-743A-4144-8EE2-B9C012284DD7,2014-01-26 00:00:00.000
16637,15832,gabriel44@adventure-works.com,8034AD2A-4416-48FC-AD6D-567E0A25B9B2,2013-09-16 00:00:00.000
16638,15833,samuel44@adventure-works.com,5B8E8105-8B46-4CFC-8EAB-1E74A0E48DD3,2014-05-22 00:00:00.000
16639,15834,alison2@adventure-works.com,77F9DC36-AE94-4567-8BE2-928EDDE509B5,2014-01-24 00:00:00.000
16640,15835,alison3@adventure-works.com,594D8484-ED3C-4783-89B1-B89500105311,2013-09-24 00:00:00.000
16641,15836,evan38@adventure-works.com,1E299306-D56F-4D67-89B8-DF939A4FB4B2,2013-08-07 00:00:00.000
16642,15837,alison4@adventure-works.com,2048A56E-FA93-49BB-9463-8FE64EDDDEB0,2013-07-29 00:00:00.000
16643,15838,alison5@adventure-works.com,1E4A9658-7092-4E3F-B81E-C489590E478F,2013-10-31 00:00:00.000
16644,15839,samuel45@adventure-works.com,494B1EA7-5A62-4908-BC4A-C51530E68F03,2013-11-11 00:00:00.000
16645,15840,alison6@adventure-works.com,C26F9194-702E-4F03-B5C3-C80BF79EA407,2014-01-07 00:00:00.000
16646,15841,elijah41@adventure-works.com,0533214A-0C61-4688-9D03-DBE48C422CAF,2014-01-01 00:00:00.000
16647,15842,jason42@adventure-works.com,C17EE046-11B7-4D23-A622-6FF1A40463EF,2013-09-19 00:00:00.000
16648,15843,alison7@adventure-works.com,C5DF32F4-F54A-42FC-95FD-64524A2632D3,2012-06-02 00:00:00.000
16649,15844,alison8@adventure-works.com,C56195CF-E595-4210-AB0A-5B967677CF43,2014-01-18 00:00:00.000
16650,15845,alison9@adventure-works.com,3752A5B9-2D70-42B9-8EC6-010DE0C7BE1B,2014-04-07 00:00:00.000
16651,15846,alison10@adventure-works.com,00EB4714-6F50-4966-A40F-669682237C3D,2014-02-25 00:00:00.000
16652,15847,connor42@adventure-works.com,375468C2-63CD-4C5F-A011-2C2752B20E5D,2013-12-30 00:00:00.000
16653,15848,alison11@adventure-works.com,8D5BAD46-36D2-4E14-9AD5-76691CF32021,2014-03-17 00:00:00.000
16654,15849,gloria20@adventure-works.com,B445F5CF-FD06-43F6-BC4B-9D1EF18A4D66,2014-04-08 00:00:00.000
16655,15850,alison12@adventure-works.com,59A9061D-2E30-4CD2-A0C9-F4745FCCB39E,2013-10-23 00:00:00.000
16656,15851,hunter40@adventure-works.com,614C32D4-BF35-4C4D-AA09-BF5FCEAF69B7,2013-07-02 00:00:00.000
16657,15852,alison13@adventure-works.com,5E4BC80C-47B1-4D49-A5E1-57CC0DDC60AD,2014-03-30 00:00:00.000
16658,15853,luis46@adventure-works.com,5821D197-5FFA-4DBF-B4CD-594C2564E329,2013-05-27 00:00:00.000
16659,15854,noah40@adventure-works.com,F39B9D59-619D-42E1-906B-BAE6AB6034F4,2014-03-24 00:00:00.000
16660,15855,alison14@adventure-works.com,6B3D1DB8-528D-4969-89B9-DF49BA180769,2013-08-31 00:00:00.000
16661,15856,alison15@adventure-works.com,5A9D7DFF-FC91-476B-95D6-BB96777B6D2C,2013-06-30 00:00:00.000
16662,15857,noah41@adventure-works.com,A3929C2E-61A3-4CB3-8085-91F2876D99E1,2013-10-08 00:00:00.000
16663,15858,alison16@adventure-works.com,1C29CAC3-8652-4481-9892-D7F2A9308A5B,2011-10-19 00:00:00.000
16664,15859,aaron46@adventure-works.com,C9A022C5-9DFE-437C-A157-5D5F8DC7E198,2013-09-23 00:00:00.000
16665,15860,caleb43@adventure-works.com,B4C02FEF-00C8-4B8E-B864-ED9675A1A640,2013-11-04 00:00:00.000
16666,15861,alison17@adventure-works.com,005CFE14-5EE9-44B2-9751-3E1E5F99F99D,2014-01-10 00:00:00.000
16667,15862,connor43@adventure-works.com,395E117C-9026-4FEF-9C94-E58A45719E66,2013-03-03 00:00:00.000
16668,15863,alison18@adventure-works.com,45D2DDA6-EE08-4983-904C-2A6C73EB883B,2014-01-13 00:00:00.000
16669,15864,alison19@adventure-works.com,594E7BBE-C66B-4184-AB6A-AAC19A4692C4,2013-12-10 00:00:00.000
16670,15865,alison20@adventure-works.com,5512A222-EEC7-4158-9843-BC5B420D407B,2013-08-20 00:00:00.000
16671,15866,luke45@adventure-works.com,CA53F354-94AC-4421-AFE4-39DDD99DD186,2013-07-07 00:00:00.000
16672,15867,alison21@adventure-works.com,1D9A2257-C26B-4637-B0F4-9FB69C1D565C,2014-01-15 00:00:00.000
16673,15868,gloria21@adventure-works.com,CCE9510F-F867-4EF2-A2FB-E9EB14B15BB7,2013-12-13 00:00:00.000
16674,15869,alison22@adventure-works.com,C0A96DA5-7581-458D-9B5E-7BFEBBA65D9A,2013-08-31 00:00:00.000
16675,15870,alison23@adventure-works.com,FD3E0053-0E4F-40E6-BEEA-C63B99427553,2013-01-30 00:00:00.000
16676,15871,jordan67@adventure-works.com,99A5A97F-EF8A-4AD0-80FC-292AD6D40DF3,2013-07-12 00:00:00.000
16677,15872,jack49@adventure-works.com,75BA8AAF-391D-44FC-A57A-C2A415D33AED,2013-07-15 00:00:00.000
16678,15873,francisco1@adventure-works.com,08ADA1DE-E37B-4270-A971-A72EE6ED261A,2013-06-16 00:00:00.000
16679,15874,mason34@adventure-works.com,D646CA06-64E1-44B1-9BC4-7A5779D62915,2014-05-17 00:00:00.000
16680,15875,francisco2@adventure-works.com,C9DF4CFD-7394-4EB7-A804-E85975B7CDBC,2013-12-19 00:00:00.000
16681,15876,adam43@adventure-works.com,B5D1A917-7982-4E40-AAB6-723BB377CCDB,2011-12-08 00:00:00.000
16682,15877,eric54@adventure-works.com,79E00F0B-8B28-4C8F-86B5-B4F3BE067918,2013-07-30 00:00:00.000
16683,15878,jackson43@adventure-works.com,C246D643-A002-4C5F-8039-29D0DBE21862,2014-01-01 00:00:00.000
16684,15879,francisco3@adventure-works.com,19FF1EA6-1C44-4822-AEA7-F4D1FB7FA221,2012-04-30 00:00:00.000
16685,15880,robert55@adventure-works.com,AB138F29-8624-42F3-A7A4-F7CF8ED5A54E,2014-03-24 00:00:00.000
16686,15881,francisco4@adventure-works.com,72A1B60D-6D09-42DE-9854-FB64A9502B8C,2013-07-08 00:00:00.000
16687,15882,francisco5@adventure-works.com,4AEBCFC2-49F9-4C00-AB6F-83B4AEEEB810,2014-03-18 00:00:00.000
16688,15883,jose49@adventure-works.com,2890C587-027C-46CF-8147-CD9D6B6C3B68,2014-04-19 00:00:00.000
16689,15884,isaac35@adventure-works.com,1A3A157C-57A6-491F-A19B-B769F3147812,2014-06-11 00:00:00.000
16690,15885,francisco6@adventure-works.com,8A80650D-DA0C-47A1-A9A2-D481E28F102F,2011-12-16 00:00:00.000
16691,15886,carlos42@adventure-works.com,5CAF2084-584C-4329-9E1B-668993C5E0C8,2013-11-29 00:00:00.000
16692,15887,sean46@adventure-works.com,B350AF7A-FCE0-4BD3-9BC6-F9FF09D94A5F,2014-03-07 00:00:00.000
16693,15888,timothy39@adventure-works.com,9ACA790A-78AB-401D-9E62-DABF20F2A88B,2014-01-24 00:00:00.000
16694,15889,gloria22@adventure-works.com,52FA3883-41CC-4D0A-BBC1-A4CB3619B1ED,2012-01-16 00:00:00.000
16695,15890,francisco7@adventure-works.com,E206F71D-76C9-4EE0-826A-F06D4C904B78,2012-11-11 00:00:00.000
16696,15891,francisco8@adventure-works.com,50171FE9-3273-48C2-B42E-3912A453E68E,2011-11-16 00:00:00.000
16697,15892,francisco9@adventure-works.com,D77262D2-B9EA-42FF-A463-24CA512A0164,2013-07-23 00:00:00.000
16698,15893,thomas50@adventure-works.com,9F17B81F-1A39-4BE4-8F19-2CCD83DD9796,2014-05-25 00:00:00.000
16699,15894,angel37@adventure-works.com,0BB317D9-FB1E-4AFC-B958-4E89541F8D25,2013-12-09 00:00:00.000
16700,15895,francisco10@adventure-works.com,CA80BAC3-69F5-4ECC-958D-33DA39C884EC,2014-02-10 00:00:00.000
16701,15896,francisco11@adventure-works.com,439AC568-9344-4D66-8B38-1025DF015043,2011-10-19 00:00:00.000
16702,15897,francisco12@adventure-works.com,6403513D-9E5E-458B-80CC-AD5B4477E919,2014-03-23 00:00:00.000
16703,15898,jonathan44@adventure-works.com,47201BF6-3794-4C38-B9A2-1E69241FCC71,2013-07-05 00:00:00.000
16704,15899,francisco13@adventure-works.com,94FDD62D-16CD-4A72-93B7-EF09E087EFC5,2014-01-18 00:00:00.000
16705,15900,francisco14@adventure-works.com,6F5638A2-29F8-4ACA-ADB8-4FEC496F1B1F,2012-08-28 00:00:00.000
16706,15901,francisco15@adventure-works.com,E3A3C1F7-7FC6-4286-83BF-AC17E38BBD04,2011-10-19 00:00:00.000
16707,15902,francisco16@adventure-works.com,218C2E08-0DF1-4811-BDEA-B1C5C7B58BF3,2013-07-14 00:00:00.000
16708,15903,logan40@adventure-works.com,BF7DFE49-9EFD-4BBD-83E0-8E09121D9EE2,2013-11-28 00:00:00.000
16709,15904,nathan43@adventure-works.com,174558BC-D462-4BEF-A0C0-B1C0D9235843,2013-02-10 00:00:00.000
16710,15905,kelvin24@adventure-works.com,DE557534-9050-4AB4-9B6D-56B4B42A25C3,2013-05-18 00:00:00.000
16711,15906,melody0@adventure-works.com,6748BC94-9273-44F4-A0D5-58B74A54D9A2,2014-02-19 00:00:00.000
16712,15907,francisco17@adventure-works.com,FD4B3836-4E0D-465F-8453-76D12E8AA506,2014-06-02 00:00:00.000
16713,15908,kyle42@adventure-works.com,6582278B-B1BE-4905-AB42-6CCC06DA5896,2014-05-04 00:00:00.000
16714,15909,francisco18@adventure-works.com,484853BD-0793-4752-9705-28AD2241865C,2013-08-11 00:00:00.000
16715,15910,francisco19@adventure-works.com,556298FC-6842-43A8-8F0A-A3345DD55B24,2014-03-19 00:00:00.000
16716,15911,kevin52@adventure-works.com,D329E440-8BC9-4039-8613-598FA4FA8BD8,2013-10-24 00:00:00.000
16717,15912,francisco20@adventure-works.com,50D806E6-0264-4664-8308-CA9452DAE2E3,2012-05-13 00:00:00.000
16718,15913,francisco21@adventure-works.com,02144F71-516F-442F-B9FE-93FE0D589A6A,2013-04-15 00:00:00.000
16719,15914,samuel46@adventure-works.com,22B1242D-D486-44A3-8162-CA17DEB99A03,2014-01-31 00:00:00.000
16720,15915,hunter41@adventure-works.com,01480950-8154-48BF-B06C-2E6935206CE6,2013-12-06 00:00:00.000
16721,15916,francisco22@adventure-works.com,4B410C82-073D-4EFB-B0A4-263E6B1846B0,2013-08-12 00:00:00.000
16722,15917,isaiah38@adventure-works.com,00F45C5C-3B91-4184-8A61-1552E9B0764E,2013-11-01 00:00:00.000
16723,15918,francisco23@adventure-works.com,5248FCE1-6323-4C5D-B843-5596E2B64B38,2014-01-25 00:00:00.000
16724,15919,alex43@adventure-works.com,86172F11-FA6B-4587-8502-506DF3DA3344,2014-01-25 00:00:00.000
16725,15920,martin6@adventure-works.com,0793FBBF-4660-4496-A11C-B6A3A78C318B,2012-10-28 00:00:00.000
16726,15921,martin7@adventure-works.com,6238D585-5220-43E9-99C0-A5BB4F7BFA68,2014-05-22 00:00:00.000
16727,15922,jordan68@adventure-works.com,4B640EA1-7A46-4992-ABF8-46984FB3F492,2014-01-26 00:00:00.000
16728,15923,melody1@adventure-works.com,42F78C6F-2A77-404F-8028-95E14D580F7B,2014-04-27 00:00:00.000
16729,15924,martin8@adventure-works.com,D6375196-0936-473F-9B66-3582793A5D1C,2014-02-28 00:00:00.000
16730,15925,evan39@adventure-works.com,CC20A807-B894-4B6F-B2D4-909394714DED,2013-12-10 00:00:00.000
16731,15926,martin9@adventure-works.com,35D2C99D-C05A-41B9-9C4A-245988D409C4,2014-05-19 00:00:00.000
16732,15927,noah42@adventure-works.com,CCC79D07-C5F6-48EB-9FEC-0108972AEE23,2012-05-16 00:00:00.000
16733,15928,martin10@adventure-works.com,F5AB0E77-3669-496C-8EA3-5A1F8339F3BE,2014-03-07 00:00:00.000
16734,15929,mason35@adventure-works.com,64AC4B81-301C-4D05-AF30-4E6992BB3AA4,2013-08-06 00:00:00.000
16735,15930,gabriel45@adventure-works.com,D8340598-EA53-4F7C-9A2C-A3C83E620651,2012-03-30 00:00:00.000
16736,15931,jordan69@adventure-works.com,57832477-E96B-4E99-A9A0-98A000BD5C97,2013-01-23 00:00:00.000
16737,15932,martin11@adventure-works.com,DE7DC2DF-2FA3-49E4-A8CE-D702FC9B4111,2013-12-29 00:00:00.000
16738,15933,robert56@adventure-works.com,363093B2-D50D-45FF-A14D-859139D9BB37,2013-09-11 00:00:00.000
16739,15934,jason43@adventure-works.com,6C4AA299-CE47-4760-850A-BF697B09965A,2013-08-27 00:00:00.000
16740,15935,jack50@adventure-works.com,485F2AC4-B36F-416A-8773-EB6D7B78B9B2,2012-10-23 00:00:00.000
16741,15936,martin12@adventure-works.com,76F7B527-EA59-42F5-8443-0E2B29F5B81D,2013-12-31 00:00:00.000
16742,15937,jose50@adventure-works.com,62FBCF54-9CC6-49B8-A930-31D96F62E5A6,2013-10-05 00:00:00.000
16743,15938,martin13@adventure-works.com,ACC985EF-6B9E-45C3-AF6B-383A82FA4ACD,2014-01-20 00:00:00.000
16744,15939,luis47@adventure-works.com,8CF8DF52-32AC-4FC8-B64E-9035E2BCA879,2014-03-14 00:00:00.000
16745,15940,martin14@adventure-works.com,ABF9737A-89DE-4E3C-B138-E23C2AE74D6C,2012-02-23 00:00:00.000
16746,15941,aaron47@adventure-works.com,9D4A487A-66F5-4486-972E-2700F5D9834C,2013-11-13 00:00:00.000
16747,15942,isaac36@adventure-works.com,F731D8A9-374A-482A-8559-83ABF879567C,2012-06-09 00:00:00.000
16748,15943,martin15@adventure-works.com,B134E611-D67C-4E9E-848B-8C919587D14D,2014-06-01 00:00:00.000
16749,15944,melody2@adventure-works.com,F5BBF8C0-9C2C-425A-A09B-3D53B9DC46F6,2013-12-23 00:00:00.000
16750,15945,martin16@adventure-works.com,EBE1D71F-8E13-46C9-969E-8FD9CF91316E,2014-02-19 00:00:00.000
16751,15946,caleb44@adventure-works.com,5E117790-2533-4718-96B8-D53EAD7EFFBF,2014-01-16 00:00:00.000
16752,15947,martin17@adventure-works.com,5B685C9F-F589-4A1C-9F82-502277C38DC5,2013-08-23 00:00:00.000
16753,15948,martin18@adventure-works.com,EEEF51DE-16F9-4159-982C-B6A215CD48A1,2013-08-01 00:00:00.000
16754,15949,jesse39@adventure-works.com,033A336B-13BA-4D7F-B8A1-01FEA2BE30E4,2014-01-07 00:00:00.000
16755,15950,martin19@adventure-works.com,EC696882-EEE5-44F6-BBE2-7EDBCB896973,2012-11-30 00:00:00.000
16756,15951,martin20@adventure-works.com,A88C39E3-1ECE-4D10-95D0-ED00E459D91D,2011-10-05 00:00:00.000
16757,15952,adam44@adventure-works.com,1C14CE7E-483C-424F-A212-599E045A3D8B,2013-09-06 00:00:00.000
16758,15953,kyle43@adventure-works.com,48CE6F0A-8BFF-4E0F-AE1D-3463A1E0597F,2013-08-12 00:00:00.000
16759,15954,martin21@adventure-works.com,395EE7A3-0299-460D-8DBD-93570A660802,2013-11-28 00:00:00.000
16760,15955,martin22@adventure-works.com,2F2475C8-3178-4F0B-8D15-F71B2DBFD372,2013-08-28 00:00:00.000
16761,15956,martin23@adventure-works.com,B22B55CF-F44E-4D55-9FF1-2A5409BEEC58,2013-08-13 00:00:00.000
16762,15957,candice0@adventure-works.com,AC4C4885-1B74-4961-A2A2-38D431ED0D7C,2013-08-31 00:00:00.000
16763,15958,eric55@adventure-works.com,0D898008-278F-4837-8DFD-7DC8DC95806B,2013-07-24 00:00:00.000
16764,15959,melody3@adventure-works.com,C205F7D7-1254-4791-A389-E70292AB643B,2011-06-20 00:00:00.000
16765,15960,candice1@adventure-works.com,8EE0E893-E00A-48AC-AE52-B2AC95ED8126,2013-08-31 00:00:00.000
16766,15961,candice2@adventure-works.com,4C5D0CA3-C769-4E49-980D-14DBD0A7DF4C,2014-04-08 00:00:00.000
16767,15962,sean47@adventure-works.com,DFE78BAF-B991-413C-A2C8-C6BCF7F5446A,2013-12-01 00:00:00.000
16768,15963,candice3@adventure-works.com,67D4F4D0-14B2-4271-868A-3D5C872C8416,2013-02-18 00:00:00.000
16769,15964,jackson44@adventure-works.com,BD8ABABF-6B17-4FDB-A534-3190518496ED,2013-09-03 00:00:00.000
16770,15965,carlos43@adventure-works.com,0E88BBDD-2C7A-4790-83EE-11D4B5770027,2013-04-03 00:00:00.000
16771,15966,jack51@adventure-works.com,85355436-4228-47F8-927B-A17C1D7C5E35,2013-08-19 00:00:00.000
16772,15967,candice4@adventure-works.com,63A13901-E467-464E-9585-85B8DCF1CFA4,2014-05-29 00:00:00.000
16773,15968,candice5@adventure-works.com,D62B912D-D174-4CDA-B92E-F26FDA81A344,2013-01-14 00:00:00.000
16774,15969,adam45@adventure-works.com,06F8C34E-61CB-480C-B1D7-88B796A08212,2012-06-15 00:00:00.000
16775,15970,candice6@adventure-works.com,5E7FB6B0-843F-41CD-B84B-43D560390105,2013-11-19 00:00:00.000
16776,15971,angel38@adventure-works.com,9D84E92C-0731-4C97-8A6E-AAA2C0D4C809,2013-12-07 00:00:00.000
16777,15972,candice7@adventure-works.com,DE0ECFFF-6F80-4821-898E-1A577FC179E2,2013-09-24 00:00:00.000
16778,15973,eric56@adventure-works.com,93FB7824-EC13-428F-B966-A9AD6873C5B7,2013-10-25 00:00:00.000
16779,15974,isaiah39@adventure-works.com,A9BF336C-1A92-429E-AABF-9C681269B3D9,2013-07-26 00:00:00.000
16780,15975,mario0@adventure-works.com,8EDEA645-7400-4E28-A29A-2E84119C0560,2013-11-23 00:00:00.000
16781,15976,alex44@adventure-works.com,89E3FC7B-B49B-4E43-9C02-11EBA6EF3529,2013-02-04 00:00:00.000
16782,15977,jackson45@adventure-works.com,A87FEBE6-9321-40C8-97E5-169AA0D1D937,2014-04-25 00:00:00.000
16783,15978,evan40@adventure-works.com,59E8D5BF-2D04-4CB9-9DF3-B0CDE1F5DDE4,2013-08-17 00:00:00.000
16784,15979,mario1@adventure-works.com,DDA53FD9-4CDC-4202-AC07-80E00E6EF21A,2014-04-28 00:00:00.000
16785,15980,mason36@adventure-works.com,6C8A92DD-1946-4EEB-B6DC-EE7499A21DBF,2014-02-19 00:00:00.000
16786,15981,melody4@adventure-works.com,F3CBF5E4-D5F8-4BEF-91EA-8C3630615D81,2013-09-19 00:00:00.000
16787,15982,mario2@adventure-works.com,8D63F1BD-5EC9-463E-980A-D095581A56D1,2011-07-12 00:00:00.000
16788,15983,isaac37@adventure-works.com,7112EBE8-8A7C-4358-9C04-16E93BB80350,2014-06-28 00:00:00.000
16789,15984,carlos44@adventure-works.com,FB28B7EF-7524-4E0A-B384-D4F4AEE6A920,2013-09-03 00:00:00.000
16790,15985,mario3@adventure-works.com,B453959E-16C1-4B9E-97DF-E041A949E0EC,2014-04-08 00:00:00.000
16791,15986,james65@adventure-works.com,D68F1AA1-CECA-40DE-A1D0-BFA6AC1534C1,2012-04-29 00:00:00.000
16792,15987,robert57@adventure-works.com,67069223-6831-4F13-8CAE-8E0485BB5549,2012-05-06 00:00:00.000
16793,15988,jonathan45@adventure-works.com,A7EFD266-94EE-43FF-9839-68EE0F3A1C3C,2014-05-01 00:00:00.000
16794,15989,jackson46@adventure-works.com,81923B4E-C065-4632-92C7-5E9778797EF2,2014-04-08 00:00:00.000
16795,15990,mario4@adventure-works.com,7F388A16-4664-4E26-9AE6-D3D701E1FFE3,2013-08-01 00:00:00.000
16796,15991,mario5@adventure-works.com,1601FA69-C668-4BDC-AE36-C1EE5A71B6C9,2011-12-18 00:00:00.000
16797,15992,kyle44@adventure-works.com,3685C98A-66D8-4277-B3B6-75415A5BCE7C,2013-01-27 00:00:00.000
16798,15993,kevin53@adventure-works.com,CEF00B25-45B4-4517-964C-ED0828B2AD02,2014-03-25 00:00:00.000
16799,15994,isaiah40@adventure-works.com,A80364CD-79EE-4EB7-9A42-2EB927B05086,2014-02-28 00:00:00.000
16800,15995,gabriel46@adventure-works.com,D8A121F0-2E13-4CA4-8970-012BE400ABD8,2013-11-22 00:00:00.000
16801,15996,elijah42@adventure-works.com,44DA1617-9A0C-43F1-905B-CEC4BB2826C6,2014-02-19 00:00:00.000
16802,15997,logan41@adventure-works.com,F61B15A4-4EC7-4E8F-880D-37B87F661BE3,2013-12-09 00:00:00.000
16803,15998,mario6@adventure-works.com,BB1490AF-DFCE-4B01-8AE3-E5D6DAEA003B,2013-12-24 00:00:00.000
16804,15999,carlos45@adventure-works.com,2E87CAC4-B107-4938-B264-9C87D4DA42FA,2014-01-25 00:00:00.000
16805,16000,alex45@adventure-works.com,91E358EC-C0E4-4828-92AD-7394BE900A90,2013-08-28 00:00:00.000
16806,16001,angel39@adventure-works.com,F071FB4E-C52F-41D6-A41A-626691B539CD,2013-06-30 00:00:00.000
16807,16002,mario7@adventure-works.com,E8B177CA-071B-4DFF-B82C-0E3718F7364E,2012-04-04 00:00:00.000
16808,16003,mario8@adventure-works.com,31E0EC23-0021-4556-BBED-90683F12BD49,2011-07-13 00:00:00.000
16809,16004,evan41@adventure-works.com,EC25C6D7-B6CC-4042-B974-CAFDDDE850D6,2012-08-18 00:00:00.000
16810,16005,mason37@adventure-works.com,20136494-D677-48F5-9954-1353072AE9B0,2014-05-25 00:00:00.000
16811,16006,mario9@adventure-works.com,A10AE33B-8FDA-43ED-A0E2-BFC9766D3CE3,2012-11-06 00:00:00.000
16812,16007,isaac38@adventure-works.com,419BDF66-79CF-46DB-83C0-FFB8BC868623,2014-02-09 00:00:00.000
16813,16008,melody5@adventure-works.com,86838210-0536-455F-A255-159451A1822A,2014-02-18 00:00:00.000
16814,16009,mario10@adventure-works.com,8F318944-83DB-4C6B-8DA5-B5D416BDE76D,2013-02-28 00:00:00.000
16815,16010,mario11@adventure-works.com,31FA1DF1-D067-42DB-8903-9EF11BCE5F98,2013-06-20 00:00:00.000
16816,16011,nathan44@adventure-works.com,671A617B-DACB-4AD2-ADA8-B91EE7A9D77A,2013-07-23 00:00:00.000
16817,16012,jesse40@adventure-works.com,D7F2EF8B-E393-4BAE-B6F9-83859FBDE910,2013-08-18 00:00:00.000
16818,16013,mario12@adventure-works.com,4A365A1F-7C87-4CD7-B153-3AA5ADE62FC6,2012-04-26 00:00:00.000
16819,16014,jose51@adventure-works.com,25938985-3A73-45B1-964D-F88B92C210F6,2014-05-16 00:00:00.000
16820,16015,mario13@adventure-works.com,C4090BF8-6302-4660-B59B-EAB6F721C388,2014-02-20 00:00:00.000
16821,16016,sean48@adventure-works.com,F840651E-DBDA-4D3B-A11D-8A1293D4BF88,2014-04-26 00:00:00.000
16822,16017,mario14@adventure-works.com,A92ECD66-1299-4FE7-9E38-1903B62B7D51,2014-03-15 00:00:00.000
16823,16018,mario15@adventure-works.com,143E479C-A3CB-4977-9278-B53FFFC1D07F,2012-12-25 00:00:00.000
16824,16019,mario16@adventure-works.com,8AF98D37-F369-46B9-A569-336E6FD25BB3,2013-01-13 00:00:00.000
16825,16020,isaiah41@adventure-works.com,45BD3100-1A2A-4F4B-A4A0-7AF2D49B912E,2014-06-21 00:00:00.000
16826,16021,mario17@adventure-works.com,AB4CE49F-7A41-4E2F-B2C0-29C5D0342D34,2012-10-25 00:00:00.000
16827,16022,timothy40@adventure-works.com,5777638B-4C8C-4E60-974C-4BDDD018C969,2014-06-30 00:00:00.000
16828,16023,james66@adventure-works.com,972ECBF9-FD3F-4279-9FC6-A514D0397ED0,2014-03-03 00:00:00.000
16829,16024,mario18@adventure-works.com,B560FE4B-D38D-4B55-8AE4-1B1551B0A86D,2012-06-17 00:00:00.000
16830,16025,mario19@adventure-works.com,9F06CEA1-5BCD-49C8-A5EF-303F2BF391FA,2013-11-18 00:00:00.000
16831,16026,jonathan46@adventure-works.com,828CACCA-A635-466D-A6BC-CF70BBC1C802,2011-09-27 00:00:00.000
16832,16027,hunter42@adventure-works.com,ADB2AFA1-5015-439D-A281-E60D7870C201,2013-12-03 00:00:00.000
16833,16028,melody6@adventure-works.com,2581775E-A2E7-48A4-944F-E4970941DD87,2013-01-21 00:00:00.000
16834,16029,mario20@adventure-works.com,8E5DE753-A7F7-4E5C-B33A-3F60D40F2DEE,2013-12-14 00:00:00.000
16835,16030,thomas51@adventure-works.com,330AD397-4AB2-4F84-A803-41F8CDEEE7D5,2012-01-10 00:00:00.000
16836,16031,mario21@adventure-works.com,09241631-8A52-49A1-AAF3-4C2415C60978,2012-07-06 00:00:00.000
16837,16032,logan42@adventure-works.com,CD60E8CD-BC49-4C84-9E52-D72BE44D6498,2014-03-15 00:00:00.000
16838,16033,russell4@adventure-works.com,27EAB6A3-74CF-44FA-8BF2-000FC17F75F3,2013-09-24 00:00:00.000
16839,16034,russell5@adventure-works.com,C1F6BE84-1BB2-42B6-B0F1-7F953BB842DC,2014-04-24 00:00:00.000
16840,16035,nathan45@adventure-works.com,322E1EC6-D5B2-4B9F-B345-02D713F02ADF,2013-08-12 00:00:00.000
16841,16036,alex46@adventure-works.com,FD27B658-6DA1-4505-9938-06AB66556A1A,2014-01-25 00:00:00.000
16842,16037,russell6@adventure-works.com,31B0D211-0A90-424E-B2D8-3F038A119318,2013-08-27 00:00:00.000
16843,16038,russell7@adventure-works.com,66E04DF9-E5F0-4163-BB40-DC5123FBBBCC,2013-11-27 00:00:00.000
16844,16039,noah43@adventure-works.com,198397F1-7785-4CAD-BD24-9317ADC9C7B6,2014-03-14 00:00:00.000
16845,16040,kyle45@adventure-works.com,A609A03D-BFA9-4983-B242-6BBC5D30D14F,2013-08-01 00:00:00.000
16846,16041,kevin54@adventure-works.com,C1FA854F-C2ED-421E-BBFF-EF01AF13DCFE,2011-08-06 00:00:00.000
16847,16042,isaac39@adventure-works.com,ABFB3E18-A15B-4CDD-904A-364D9BD04915,2014-02-02 00:00:00.000
16848,16043,russell8@adventure-works.com,564B6359-5477-4A09-8C12-231FFA0E904D,2013-07-23 00:00:00.000
16849,16044,russell9@adventure-works.com,410780C1-C374-411F-A912-334202E8491D,2013-11-06 00:00:00.000
16850,16045,gabriel47@adventure-works.com,D697A9CF-E52B-433A-AF93-8D91F41C462A,2013-11-28 00:00:00.000
16851,16046,evan42@adventure-works.com,67E412A1-9124-4836-A4F2-FB5356409C69,2014-01-19 00:00:00.000
16852,16047,russell10@adventure-works.com,B903210F-F459-4F25-AD6F-185EB9C38B05,2011-11-22 00:00:00.000
16853,16048,robert58@adventure-works.com,B9D56361-E035-4D4F-BC72-676A2C68124F,2013-08-18 00:00:00.000
16854,16049,melody7@adventure-works.com,D364D314-FD75-4E5E-9C76-26898D250004,2013-08-31 00:00:00.000
16855,16050,russell11@adventure-works.com,8D2095C1-CBCD-4A36-B197-088DA1272BD5,2014-03-19 00:00:00.000
16856,16051,russell12@adventure-works.com,82486D94-57FF-4A0F-A0BE-AFD48304C823,2013-01-04 00:00:00.000
16857,16052,russell13@adventure-works.com,3EA3A848-C8AE-44EF-966E-9CD54CCE6FA2,2013-04-21 00:00:00.000
16858,16053,elijah43@adventure-works.com,606D78A1-5621-45C4-8AA0-31AC7B5DB035,2012-06-12 00:00:00.000
16859,16054,jason44@adventure-works.com,0EEDAA74-6892-4090-B85A-CD1E5717D889,2013-08-17 00:00:00.000
16860,16055,russell14@adventure-works.com,3CD9493D-E416-42F4-B6D9-D43B7719920B,2013-01-05 00:00:00.000
16861,16056,mohamed2@adventure-works.com,43C43621-0BA3-4114-9B41-6D58DFD07657,2012-08-13 00:00:00.000
16862,16057,luis48@adventure-works.com,2C4D5277-F714-48D9-B8DD-B11056888995,2013-09-19 00:00:00.000
16863,16058,jesse41@adventure-works.com,20807220-59F4-4D98-915D-910957150C45,2013-10-05 00:00:00.000
16864,16059,russell15@adventure-works.com,F449E46B-A8F8-4D70-961F-AC7F07C9AC24,2014-04-05 00:00:00.000
16865,16060,jose52@adventure-works.com,239E4A3C-F9A5-49CD-8993-BD0EEAE1E084,2012-11-28 00:00:00.000
16866,16061,russell16@adventure-works.com,6ADDD939-9213-4E64-95BB-37C07A67B099,2012-04-11 00:00:00.000
16867,16062,aaron48@adventure-works.com,095EAB89-6209-46A2-ABFB-1F0A42A9E1A2,2013-09-28 00:00:00.000
16868,16063,russell17@adventure-works.com,4567FE99-1872-4098-B7A4-B27F5F93D551,2012-06-30 00:00:00.000
16869,16064,russell18@adventure-works.com,44D10116-88E6-4545-9650-A0C93B82F861,2014-01-07 00:00:00.000
16870,16065,melody8@adventure-works.com,CEAD1D42-630D-4F6D-9B9E-89D282D063D3,2013-03-29 00:00:00.000
16871,16066,russell19@adventure-works.com,9A5FFEAE-713D-4F1F-9F06-F80BAD627A83,2014-04-18 00:00:00.000
16872,16067,connor44@adventure-works.com,C2674BE9-585B-433A-8491-437645FCD902,2013-02-20 00:00:00.000
16873,16068,thomas52@adventure-works.com,3DA57607-6D04-4123-B2EA-CD1B1649A83C,2014-03-20 00:00:00.000
16874,16069,russell20@adventure-works.com,2ABF4C4D-59B6-45E1-8411-A0499D012322,2013-11-25 00:00:00.000
16875,16070,russell21@adventure-works.com,ACC037AD-EBFE-4D2D-8EAF-072E9CC4F887,2012-09-20 00:00:00.000
16876,16071,mason38@adventure-works.com,43534D07-D54B-4085-8FE6-6CFE3DE11961,2014-02-27 00:00:00.000
16877,16072,russell22@adventure-works.com,81CB0F14-20A6-4B70-9059-72E74AFAAAC8,2014-06-14 00:00:00.000
16878,16073,russell23@adventure-works.com,F4860C12-9534-4BE7-8CEF-6A90AECC9DEC,2014-02-01 00:00:00.000
16879,16074,russell24@adventure-works.com,3C6243E7-3093-4D68-BCC4-8C6E15FCE93E,2013-09-12 00:00:00.000
16880,16075,russell25@adventure-works.com,449168D1-784C-4265-BEA0-59C45BF49169,2013-11-04 00:00:00.000
16881,16076,jerry0@adventure-works.com,AEACC884-BA5C-492F-8C46-079E6D5BA6D8,2013-02-21 00:00:00.000
16882,16077,jerry1@adventure-works.com,31E6AC50-171A-40B3-ABCA-7F1F03A325D6,2014-03-29 00:00:00.000
16883,16078,jerry2@adventure-works.com,248EF00B-8B3F-44B8-98A4-E3B3B2C02D5E,2014-02-18 00:00:00.000
16884,16079,luke46@adventure-works.com,EC937980-8166-44E3-9CCB-4BD7B56D21A5,2011-06-13 00:00:00.000
16885,16080,jerry3@adventure-works.com,A230F1B7-E801-4B15-A3ED-F32A9852D2DE,2014-03-17 00:00:00.000
16886,16081,jerry4@adventure-works.com,F824F4DD-BFC4-456A-A242-F2C35924EE95,2013-06-22 00:00:00.000
16887,16082,jerry5@adventure-works.com,11DB3DAC-F0E5-4B65-BDB3-717DD09F1981,2014-05-25 00:00:00.000
16888,16083,jerry6@adventure-works.com,5525EB30-739A-4B50-800C-9B1B493CC097,2013-05-12 00:00:00.000
16889,16084,kyle46@adventure-works.com,51D70099-01E0-479B-997F-9A755FB1B4DA,2014-05-04 00:00:00.000
16890,16085,jordan70@adventure-works.com,A7411C32-998E-49BA-8E41-CBDD5B806471,2013-12-06 00:00:00.000
16891,16086,jerry7@adventure-works.com,999BAF1A-B03B-4868-B28D-7DD60A2F69E4,2014-06-19 00:00:00.000
16892,16087,jerry8@adventure-works.com,FFC09645-7380-4FEE-B3D5-D3EE9D9BC56F,2011-12-14 00:00:00.000
16893,16088,jerry9@adventure-works.com,FA61EBE7-DFEF-4E0A-9BD4-EA4ED8BC803C,2013-12-24 00:00:00.000
16894,16089,jack52@adventure-works.com,3B01C0D6-3FF7-43EC-8D3D-04A2D96D7A4B,2013-10-17 00:00:00.000
16895,16090,jerry10@adventure-works.com,77D60217-8451-4CB7-8D7E-64216E37E9AD,2012-12-06 00:00:00.000
16896,16091,jason45@adventure-works.com,11DE40CC-606B-4092-9B1C-ECBD85AFA503,2013-07-18 00:00:00.000
16897,16092,isaac40@adventure-works.com,A963FCC2-C61E-47D0-855E-AA527EF1D1F8,2013-05-30 00:00:00.000
16898,16093,jerry11@adventure-works.com,B5052605-09EA-4BBA-9141-DFDDAF1D829A,2012-12-16 00:00:00.000
16899,16094,jesse42@adventure-works.com,6520CF28-5E1C-4871-B105-C64CACE20E10,2011-10-16 00:00:00.000
16900,16095,jerry12@adventure-works.com,6E7AF01A-C27E-4E48-85B5-6D932A940306,2013-11-05 00:00:00.000
16901,16096,adam46@adventure-works.com,DB00DF82-EFA3-4E98-9098-28BBCF83BE86,2014-05-15 00:00:00.000
16902,16097,eric57@adventure-works.com,C9FA99AE-93FF-4055-B387-FDED3C8BA16F,2013-07-15 00:00:00.000
16903,16098,kelvin25@adventure-works.com,7ED0B74C-028F-4AF1-B701-0DF262563C5F,2011-06-07 00:00:00.000
16904,16099,melody9@adventure-works.com,1DA5AE7B-852D-4440-A138-79AB18F5FD3C,2012-07-14 00:00:00.000
16905,16100,jerry13@adventure-works.com,4EB472D9-324E-4062-B3FE-849C1DBCC315,2013-10-30 00:00:00.000
16906,16101,luis49@adventure-works.com,1DA894F6-40D3-44F2-81B2-16A2B1C291DC,2014-05-08 00:00:00.000
16907,16102,jerry14@adventure-works.com,F5A31AD4-CCD5-4ACC-A351-039E6CD98883,2013-01-21 00:00:00.000
16908,16103,jerry15@adventure-works.com,2C821070-3A2E-4C73-8A2F-9CDB088291C3,2013-11-15 00:00:00.000
16909,16104,jerry16@adventure-works.com,A24E6AEB-AF51-4AAA-B4D3-D64545ADDCB6,2011-11-29 00:00:00.000
16910,16105,jackson47@adventure-works.com,2D6C7A2D-FE70-42BC-8645-F4B37B1A5223,2013-08-12 00:00:00.000
16911,16106,jerry17@adventure-works.com,F843123E-47E2-428B-A4D1-28922B52FEEF,2011-08-19 00:00:00.000
16912,16107,sean49@adventure-works.com,CD1B29AA-3B4F-4E06-AAB0-333422D4AB96,2013-10-21 00:00:00.000
16913,16108,caleb45@adventure-works.com,7088642D-7C91-4EA6-8E05-7A0369811D4C,2011-11-05 00:00:00.000
16914,16109,connor45@adventure-works.com,90252317-81D2-4A39-AF3D-63E0A4968ACF,2012-04-01 00:00:00.000
16915,16110,timothy41@adventure-works.com,835B75C2-F784-444A-8F97-BCE1A41ED1DD,2013-09-02 00:00:00.000
16916,16111,jerry18@adventure-works.com,B905D0E9-2831-4E61-B4BE-CE43D81E3523,2013-07-11 00:00:00.000
16917,16112,james67@adventure-works.com,110A63F0-2F1F-42CC-AECA-81A6884F4DE1,2014-04-25 00:00:00.000
16918,16113,jerry19@adventure-works.com,33AD4341-22BE-457A-A5AA-4FA578DC5E9F,2014-02-26 00:00:00.000
16919,16114,jonathan47@adventure-works.com,802E083B-AA51-4A4E-A596-4692ADD54288,2014-06-20 00:00:00.000
16920,16115,logan43@adventure-works.com,842F8918-CA3E-4218-AB16-FA1FB4E7DFEB,2013-12-15 00:00:00.000
16921,16116,jerry20@adventure-works.com,F9C3A7FB-74E8-4DD8-B1C0-165A13382E29,2014-03-15 00:00:00.000
16922,16117,nathan46@adventure-works.com,E7671E92-5983-474D-AE2F-286E22BE9184,2014-03-07 00:00:00.000
16923,16118,aaron49@adventure-works.com,99348179-D286-4647-AF2C-CC0B9FAC4FD1,2012-04-13 00:00:00.000
16924,16119,jerry21@adventure-works.com,BBE1E9C3-9980-4946-9D10-C3E2A095FC73,2014-02-11 00:00:00.000
16925,16120,nathan47@adventure-works.com,F7FA87ED-1781-4C04-A813-F15EDBED2963,2013-12-15 00:00:00.000
16926,16121,melody10@adventure-works.com,B46F9F7C-F6AE-49A6-AD11-ECA25C5B58FD,2013-10-25 00:00:00.000
16927,16122,samuel47@adventure-works.com,3C2B9001-91B1-4AE9-87FA-F122C0D78E39,2013-10-21 00:00:00.000
16928,16123,caleb46@adventure-works.com,284A2BD5-7E81-482C-A60A-852B163E2B53,2013-07-25 00:00:00.000
16929,16124,luke47@adventure-works.com,2A7A403A-59C9-4239-A4BD-3EA20ABC66BF,2013-12-29 00:00:00.000
16930,16125,jerry22@adventure-works.com,6B293F63-5E2F-493A-B77A-0C649B163547,2012-01-26 00:00:00.000
16931,16126,henry24@adventure-works.com,71C662DB-A50C-4277-A35D-C58456E7F1F6,2014-04-22 00:00:00.000
16932,16127,noah44@adventure-works.com,239FC6B2-3C53-423C-A9C5-A05B3CFC2BFE,2012-07-07 00:00:00.000
16933,16128,connor46@adventure-works.com,245647F2-E44C-4AC0-8FDB-41655A3DFF3A,2013-09-11 00:00:00.000
16934,16129,carl0@adventure-works.com,9193634C-BB42-4C68-A875-127DFC410680,2012-11-25 00:00:00.000
16935,16130,carl1@adventure-works.com,AED06E66-B720-48EE-93A1-CE3DC5FA4279,2011-11-13 00:00:00.000
16936,16131,robert59@adventure-works.com,D8080993-0568-42FA-A420-2FD45DDF2CAD,2014-03-27 00:00:00.000
16937,16132,luke48@adventure-works.com,C9376354-C739-4127-8C6F-2A4CD7C75862,2012-09-19 00:00:00.000
16938,16133,carl2@adventure-works.com,1D0E4657-466A-453C-B0B6-D428AF74410A,2014-02-07 00:00:00.000
16939,16134,carl3@adventure-works.com,882CF965-71CD-4DDC-AE78-42547B493948,2013-04-18 00:00:00.000
16940,16135,jordan71@adventure-works.com,856A4989-AD98-4FF5-BD0F-37124109BD30,2012-07-18 00:00:00.000
16941,16136,jack53@adventure-works.com,EEE929E8-1D1A-44B9-A53A-1F6FC9999C2E,2013-09-30 00:00:00.000
16942,16137,carl4@adventure-works.com,D37ED265-7220-4549-8E33-B1422B8FC63D,2013-09-03 00:00:00.000
16943,16138,jose53@adventure-works.com,EBF32561-737B-44BF-AC74-E4F7926D06DB,2014-06-18 00:00:00.000
16944,16139,thomas53@adventure-works.com,F4E92595-1408-4F38-A483-1C8D65BB2DE3,2012-01-28 00:00:00.000
16945,16140,carl5@adventure-works.com,12F1FC93-56B0-4CFC-922A-81FCAC0AAAF9,2014-03-15 00:00:00.000
16946,16141,carl6@adventure-works.com,FEC2DD5A-54E7-460A-B1B2-99B0667D6AD5,2013-02-26 00:00:00.000
16947,16142,adam47@adventure-works.com,6750074D-1808-4871-ACD3-80E59606EC4B,2013-07-04 00:00:00.000
16948,16143,jordan72@adventure-works.com,B0FFE94E-5918-4D9E-8892-5F154CD4E79A,2014-02-28 00:00:00.000
16949,16144,melody11@adventure-works.com,C6B2DCD5-DFA1-45F2-84DF-AB6400C7231C,2013-10-12 00:00:00.000
16950,16145,carl7@adventure-works.com,29D26FAE-34F8-455B-8655-2B02D8469717,2014-03-19 00:00:00.000
16951,16146,jack54@adventure-works.com,3456D0AF-2F88-4349-BF1B-04A32EFD3A3E,2011-07-21 00:00:00.000
16952,16147,adam48@adventure-works.com,EEE06E67-5732-4B7B-A49A-EC3B90EA77B0,2013-07-06 00:00:00.000
16953,16148,carl8@adventure-works.com,1F11E1F8-6A24-40E1-A72F-834241513C26,2013-09-16 00:00:00.000
16954,16149,carl9@adventure-works.com,A9927CFD-797B-4C0B-B43A-83A6F594B2EC,2013-08-02 00:00:00.000
16955,16150,eric58@adventure-works.com,F2DE579B-FA53-467A-BEF5-7088CD1DE2C9,2011-12-09 00:00:00.000
16956,16151,jackson48@adventure-works.com,A70C0965-7953-401D-9D0B-05482B80D98A,2013-11-27 00:00:00.000
16957,16152,carlos46@adventure-works.com,91AAEE4F-127B-4A1D-B834-B5E262582E3C,2013-10-30 00:00:00.000
16958,16153,carl10@adventure-works.com,A74D0C6E-7194-4B70-A051-F34D79780443,2012-11-15 00:00:00.000
16959,16154,angel40@adventure-works.com,FECD9BB0-9C8D-413D-B7CC-3482DAEF6395,2013-02-01 00:00:00.000
16960,16155,carl11@adventure-works.com,F3586216-7AE6-41CB-B3C9-3300C520FD41,2014-02-28 00:00:00.000
16961,16156,jackson49@adventure-works.com,ACC5C57A-AFEC-48C4-89BA-6C4386B9E56A,2014-04-19 00:00:00.000
16962,16157,carl12@adventure-works.com,9A2A4395-ECFC-467E-A661-16FF791CEDDB,2011-07-25 00:00:00.000
16963,16158,carl13@adventure-works.com,C61AF6F8-E7A8-4677-AE7C-EDFE3F5B64B6,2011-10-05 00:00:00.000
16964,16159,isaiah42@adventure-works.com,7E58FF79-3071-46BD-B3E3-7DB055F5C214,2014-05-26 00:00:00.000
16965,16160,carl14@adventure-works.com,3ABC7013-C50F-4503-BFA6-01D93A8B67F8,2013-08-24 00:00:00.000
16966,16161,alex47@adventure-works.com,7F024B8D-8039-43BC-B092-FB31618D5AA8,2013-10-22 00:00:00.000
16967,16162,carl15@adventure-works.com,30BBE15A-3644-4F2A-BB05-41D7EB019961,2013-09-22 00:00:00.000
16968,16163,carlos47@adventure-works.com,BD2BE944-6BAE-4450-9859-EE55BDDF5741,2014-03-08 00:00:00.000
16969,16164,melody12@adventure-works.com,EAC5C442-7FD2-4DA9-AEB4-0912CF8C94EE,2013-11-27 00:00:00.000
16970,16165,carl16@adventure-works.com,E08CEEBD-952F-45A3-B55B-838B77F1976E,2013-12-11 00:00:00.000
16971,16166,evan43@adventure-works.com,C1C259CC-4E3D-4EB0-B4E6-0A8ED0413114,2013-11-28 00:00:00.000
16972,16167,angel41@adventure-works.com,B37D378A-834C-4EE5-80E3-2843033A6BCD,2014-06-30 00:00:00.000
16973,16168,carl17@adventure-works.com,8F3C710B-7B22-4414-A839-9330B748AAB9,2014-05-06 00:00:00.000
16974,16169,isaiah43@adventure-works.com,40CD8D52-A964-4577-B24C-09D88D62B04F,2013-12-06 00:00:00.000
16975,16170,mason39@adventure-works.com,BC48FDB6-8A00-4902-B638-720A984C9188,2013-04-29 00:00:00.000
16976,16171,carl18@adventure-works.com,33368BE5-FBF8-4736-8B26-B19CF8769B6D,2011-08-14 00:00:00.000
16977,16172,jackson50@adventure-works.com,E7692905-A5A3-48B9-8B4F-640DEDEB17C1,2014-05-23 00:00:00.000
16978,16173,carl19@adventure-works.com,79FC9988-B109-4806-9796-2A0943A0066F,2012-07-02 00:00:00.000
16979,16174,carl20@adventure-works.com,2DA8F268-D8FE-456D-90D8-DE6D94CF462F,2012-01-22 00:00:00.000
16980,16175,timothy42@adventure-works.com,45F56F6F-7541-4CDE-9EC9-7EA46BC940D0,2012-01-26 00:00:00.000
16981,16176,carl21@adventure-works.com,C670C155-E430-42B6-AD39-723C2C169EFE,2013-12-08 00:00:00.000
16982,16177,ricardo0@adventure-works.com,BEFEEE45-5887-4E63-8A8F-769C6E93B96C,2013-12-03 00:00:00.000
16983,16178,samuel48@adventure-works.com,929B205B-DACC-457F-B755-7F7265EC8BCD,2012-06-16 00:00:00.000
16984,16179,alex48@adventure-works.com,1C589390-3BDF-4FDA-977C-DD53FCDB469F,2014-01-26 00:00:00.000
16985,16180,hunter43@adventure-works.com,B7B61339-75F3-45E3-8F1B-10D48F178DFF,2013-11-24 00:00:00.000
16986,16181,ricardo1@adventure-works.com,29F1149A-5022-4EF7-9E8B-B2233F8245EA,2013-07-11 00:00:00.000
16987,16182,james68@adventure-works.com,8A732BD9-F00F-45CB-B8E3-4E97A4430A6E,2013-12-07 00:00:00.000
16988,16183,ricardo2@adventure-works.com,61EB5C32-B992-41B1-A129-A408FC61E670,2014-02-19 00:00:00.000
16989,16184,carlos48@adventure-works.com,04FB4C56-7231-45A2-B43A-564AA9FBB924,2014-03-06 00:00:00.000
16990,16185,melody13@adventure-works.com,E8167CBE-EBDD-4AAA-AF27-108F4D52F154,2013-11-27 00:00:00.000
16991,16186,ricardo3@adventure-works.com,99DBB6A4-506F-4F08-B9AC-6E2E5ACDA594,2011-12-07 00:00:00.000
16992,16187,ricardo4@adventure-works.com,5BB694D7-9D25-4AFF-8E03-A390375CEBB2,2014-02-16 00:00:00.000
16993,16188,jonathan48@adventure-works.com,766B2E10-AABD-4D72-9E60-D5F791A83577,2013-10-17 00:00:00.000
16994,16189,logan44@adventure-works.com,CCB09101-3ADD-4A14-AE86-821B46D5CFC4,2012-06-07 00:00:00.000
16995,16190,ricardo5@adventure-works.com,A91800ED-0420-4F35-AD11-0CCE4FA21886,2013-12-29 00:00:00.000
16996,16191,nathan48@adventure-works.com,82F908B7-7977-492C-AAFC-9AC270BFB119,2013-08-02 00:00:00.000
16997,16192,kyle47@adventure-works.com,7B4C9658-FD7B-45DB-A7D3-FB9E0DCC27C3,2013-09-16 00:00:00.000
16998,16193,samuel49@adventure-works.com,4DB6A40D-3A45-48BC-8CF0-CC0EC4768877,2011-06-24 00:00:00.000
16999,16194,ricardo6@adventure-works.com,F29C5840-D128-496E-8BE9-6F8228A11802,2013-09-26 00:00:00.000
17000,16195,hunter44@adventure-works.com,10A60C80-DD61-4B5D-A9EF-F9454EB337DD,2014-06-12 00:00:00.000
17001,16196,ricardo7@adventure-works.com,FB274576-101A-42FB-8174-CEB28715D6DB,2013-01-11 00:00:00.000
17002,16197,noah45@adventure-works.com,5C5E77C9-4DDF-478C-AD7D-B0C9B866A05B,2014-04-12 00:00:00.000
17003,16198,robert60@adventure-works.com,B17AD2AA-0FA0-4C33-98D3-8E91F446BE7F,2012-05-22 00:00:00.000
17004,16199,noah46@adventure-works.com,453CD8C6-866A-4258-82B3-670AE6871B73,2011-07-21 00:00:00.000
17005,16200,ricardo8@adventure-works.com,938BCC56-FC15-40C1-A3A0-113A1CCD1147,2013-02-24 00:00:00.000
17006,16201,ricardo9@adventure-works.com,0CADD4FF-C74B-4F94-9C3E-B18B09668601,2012-08-29 00:00:00.000
17007,16202,ricardo10@adventure-works.com,49852E86-332F-45D7-B077-C238199F51FC,2013-08-25 00:00:00.000
17008,16203,ricardo11@adventure-works.com,CCF059AD-F013-4F1F-98F2-85F3A7E591F2,2013-11-21 00:00:00.000
17009,16204,melody14@adventure-works.com,C1CDB0B4-7471-42B0-8FEB-EFAE173D2EAF,2014-02-25 00:00:00.000
17010,16205,ricardo12@adventure-works.com,489BF511-2101-40B6-A506-6D67B76E0EF7,2013-08-08 00:00:00.000
17011,16206,kevin55@adventure-works.com,7067F5A9-A501-4323-81E7-240308968989,2012-05-23 00:00:00.000
17012,16207,josé54@adventure-works.com,91D9FDBA-28B1-47DE-A42F-6A94E7891B2D,2013-08-01 00:00:00.000
17013,16208,gabriel48@adventure-works.com,BBD2866D-34CC-49EE-8C29-D87489D99C25,2013-06-08 00:00:00.000
17014,16209,ricardo13@adventure-works.com,A69B03ED-0DA8-4D1C-AD78-7F358C2A9588,2013-01-27 00:00:00.000
17015,16210,evan44@adventure-works.com,2082D906-CDF7-42EC-93EB-2E52A9374503,2011-07-28 00:00:00.000
17016,16211,robert61@adventure-works.com,BB54B987-3995-4F16-B492-5BC399842BF3,2013-11-16 00:00:00.000
17017,16212,ricardo14@adventure-works.com,CA1AE3F6-1CFB-47EC-8678-90C9D994C1D0,2013-01-31 00:00:00.000
17018,16213,jose55@adventure-works.com,261B5522-E551-4128-8AEC-5D67DD43F16D,2014-04-08 00:00:00.000
17019,16214,ricardo15@adventure-works.com,491776F4-8C05-4B5E-B73D-F72270BB1F90,2013-09-01 00:00:00.000
17020,16215,mason40@adventure-works.com,DAC144F7-3B83-494E-9AAE-25780649C5C1,2014-06-10 00:00:00.000
17021,16216,ricardo16@adventure-works.com,EB78BD78-4803-46B3-A48A-B5AD4DEB66A1,2014-01-17 00:00:00.000
17022,16217,thomas54@adventure-works.com,35FFACD9-ED1E-4429-AFEF-88E890C20FAB,2013-10-01 00:00:00.000
17023,16218,elijah44@adventure-works.com,E2F66D54-4FF9-4A4E-B9FA-9D814679B273,2014-05-28 00:00:00.000
17024,16219,ricardo17@adventure-works.com,04024C76-55AB-479E-A776-17BE5BC62EDC,2012-05-28 00:00:00.000
17025,16220,ricardo18@adventure-works.com,3B410EAF-52CD-4838-AD47-9E438E50AB46,2012-06-01 00:00:00.000
17026,16221,isaiah44@adventure-works.com,7872A577-F3E6-4822-A779-FCF305B8BE44,2013-12-17 00:00:00.000
17027,16222,ricardo19@adventure-works.com,16870873-63F5-4A83-AC90-7D01BECA472F,2013-12-09 00:00:00.000
17028,16223,melody15@adventure-works.com,828478B6-FE95-4525-B1B1-3E5CEDBE2ADD,2014-05-06 00:00:00.000
17029,16224,ricardo20@adventure-works.com,C2E1805F-24AD-42B9-8FBA-A16E3A62A6CB,2014-05-20 00:00:00.000
17030,16225,kyle48@adventure-works.com,5DF26A47-D452-48FD-888B-1EC6ECBF3A9E,2013-07-25 00:00:00.000
17031,16226,jason46@adventure-works.com,855C5F68-4DE5-4832-9A8D-1DE084225A06,2013-06-21 00:00:00.000
17032,16227,thomas55@adventure-works.com,B873C0E1-0754-44DA-9F41-E59C45C7717F,2013-09-05 00:00:00.000
17033,16228,ricardo21@adventure-works.com,D947F384-F9EB-42BA-806D-38A219452CAB,2014-04-02 00:00:00.000
17034,16229,kevin56@adventure-works.com,3A6B4C0A-60B8-4BD6-8D33-A4C64A11ABCD,2014-05-26 00:00:00.000
17035,16230,johnny1@adventure-works.com,F0A59E01-9D1B-4BAB-9BC9-ADE92542EFC4,2014-04-23 00:00:00.000
17036,16231,johnny2@adventure-works.com,FC63AE3E-B946-43BB-8D1B-36D1DD23B22D,2013-09-24 00:00:00.000
17037,16232,isaac41@adventure-works.com,21D10E08-E034-4724-B8B9-59177ACBC8E4,2013-12-10 00:00:00.000
17038,16233,johnny3@adventure-works.com,DFCA7BD5-9BFB-400E-A8EE-1704E9643058,2014-02-01 00:00:00.000
17039,16234,gabriel49@adventure-works.com,A007D8A2-1BC6-4669-8E27-0970271BCCA1,2013-10-29 00:00:00.000
17040,16235,alex49@adventure-works.com,223078A8-E5D5-4C58-91EE-319D36CA1034,2012-12-13 00:00:00.000
17041,16236,johnny4@adventure-works.com,66AA7C83-1F41-4EC9-A0B6-66AAA924D5D5,2013-10-25 00:00:00.000
17042,16237,johnny5@adventure-works.com,B5B1B129-66F8-491F-BB3C-28320A233100,2013-06-22 00:00:00.000
17043,16238,johnny6@adventure-works.com,9EEC8889-02AA-4E05-B100-8D6B3B06F1F4,2012-07-16 00:00:00.000
17044,16239,elijah45@adventure-works.com,DACFFDD6-F829-47C2-A35F-227FA89B8108,2013-03-01 00:00:00.000
17045,16240,johnny7@adventure-works.com,F49B4ADE-4B63-4416-88D2-84D3C3362B62,2013-11-14 00:00:00.000
17046,16241,evan45@adventure-works.com,A529F372-4689-4C23-971D-EF15FF991C97,2013-12-07 00:00:00.000
17047,16242,melody16@adventure-works.com,88FBD28C-25FF-40CB-8B31-8FDFD2858732,2014-06-26 00:00:00.000
17048,16243,johnny8@adventure-works.com,C7F8AFC2-E3DB-4F8E-AD33-DBD1A4033434,2014-02-18 00:00:00.000
17049,16244,jesse43@adventure-works.com,862198D9-0B4D-4A9F-B7EB-95E6E6E9B4E9,2013-11-22 00:00:00.000
17050,16245,johnny9@adventure-works.com,784E5B96-EFDD-4E8C-A76B-AADCF4BDE15F,2012-11-19 00:00:00.000
17051,16246,mason41@adventure-works.com,9FD566E4-7BE1-4BA5-8E25-BBC0712EACD5,2013-07-28 00:00:00.000
17052,16247,isaac42@adventure-works.com,3F829951-508B-4E1F-98D6-12A97E199B5B,2013-08-25 00:00:00.000
17053,16248,jesse44@adventure-works.com,12EEC97A-78C3-4030-9B52-442D6EE9DE20,2014-04-16 00:00:00.000
17054,16249,johnny10@adventure-works.com,09FDBC09-E80D-46E3-9504-CCEEEB5729F5,2013-11-15 00:00:00.000
17055,16250,sean50@adventure-works.com,5C5E111E-854A-4E5F-93F4-5EDFF64C6A9D,2013-08-20 00:00:00.000
17056,16251,johnny11@adventure-works.com,5E1038D3-92EF-4F3D-9E62-D4F8CC350B8F,2012-04-11 00:00:00.000
17057,16252,luis50@adventure-works.com,20250A42-60E2-4071-B298-38831F359428,2013-08-25 00:00:00.000
17058,16253,johnny12@adventure-works.com,217CEBB0-6C4E-452C-BE52-7537C8B32C30,2014-05-16 00:00:00.000
17059,16254,johnny13@adventure-works.com,457DFA4D-B06C-45FF-91F6-694D40AD4388,2013-05-20 00:00:00.000
17060,16255,aaron50@adventure-works.com,0730B5BD-A3DA-4D35-BF0A-C563D819F569,2014-01-22 00:00:00.000
17061,16256,johnny14@adventure-works.com,22EAB498-4AA9-498B-AB1E-48F73BCAB636,2014-03-04 00:00:00.000
17062,16257,sean51@adventure-works.com,15877D12-A2FD-4FB2-A007-B2ADE7833855,2012-11-03 00:00:00.000
17063,16258,johnny15@adventure-works.com,85678859-A577-44AE-AF95-16236BED4956,2013-01-23 00:00:00.000
17064,16259,jesse45@adventure-works.com,CF8C0D45-3C68-4DA6-B34B-D1AA6BC06CF0,2013-03-01 00:00:00.000
17065,16260,johnny16@adventure-works.com,07792A51-6810-4A67-9629-D7884C079859,2012-03-11 00:00:00.000
17066,16261,johnny17@adventure-works.com,32E5A4B1-B050-45CE-9FEA-EB3863831A65,2014-01-26 00:00:00.000
17067,16262,hunter45@adventure-works.com,CEA50ACC-1340-4CD9-B97A-89B7D225154F,2013-07-29 00:00:00.000
17068,16263,johnny18@adventure-works.com,5A5CA268-49F4-4179-8AC8-24A17F37CF55,2011-11-15 00:00:00.000
17069,16264,sean52@adventure-works.com,B99C0653-CFED-4750-B5CC-42F6972F5897,2014-05-18 00:00:00.000
17070,16265,johnny19@adventure-works.com,05915669-6BB7-4EB2-A0A9-40D5C027C2BB,2012-11-08 00:00:00.000
17071,16266,timothy43@adventure-works.com,89B9E3CF-ABDD-45F9-A66A-A5CB931765B5,2013-09-13 00:00:00.000
17072,16267,timothy44@adventure-works.com,A9EB0CE7-3846-47EE-AD29-13CACFF85B23,2014-01-30 00:00:00.000
17073,16268,johnny20@adventure-works.com,3E5010B2-213A-4D3F-878C-8DC1D9BD7F49,2012-12-19 00:00:00.000
17074,16269,johnny21@adventure-works.com,0C6FAD10-7F73-4503-BE22-5FD8FD361FBD,2013-08-19 00:00:00.000
17075,16270,james69@adventure-works.com,51975ADA-60AC-4059-A9E6-4B5FDC0C1C90,2013-12-07 00:00:00.000
17076,16271,johnny22@adventure-works.com,DEAEB3BD-4C64-45CE-AC2E-463F5D75EB51,2013-05-29 00:00:00.000
17077,16272,johnny23@adventure-works.com,0294E304-9A38-42FA-B0F1-2EF1C2F27FB1,2013-01-06 00:00:00.000
17078,16273,shaun2@adventure-works.com,09950074-09A4-41CA-AC65-9AD6F683D571,2014-04-12 00:00:00.000
17079,16274,shaun3@adventure-works.com,FDC46F16-2A5F-4E7A-B684-79621F301A54,2011-08-02 00:00:00.000
17080,16275,shaun4@adventure-works.com,0E4858FC-FDB2-4F05-BA40-DFB96EE94C08,2012-07-08 00:00:00.000
17081,16276,melody17@adventure-works.com,46D2B498-7944-4316-8890-49ED0F39A38B,2011-06-10 00:00:00.000
17082,16277,jonathan49@adventure-works.com,7A5D9CEA-1BF9-48DD-9E9B-BAFF2C92DCE0,2014-04-17 00:00:00.000
17083,16278,shaun5@adventure-works.com,78DA2E20-58EF-4066-BC8D-239D4CD0F9E5,2014-03-28 00:00:00.000
17084,16279,jonathan50@adventure-works.com,9EC297B3-38D3-4B1C-B18F-6D89D32FACBF,2013-08-03 00:00:00.000
17085,16280,shaun6@adventure-works.com,A2E3FB9B-07A8-4519-A5C7-EAFF870518A8,2014-02-25 00:00:00.000
17086,16281,shaun7@adventure-works.com,88934068-EC4C-459F-8ECA-760A7223639D,2013-11-02 00:00:00.000
17087,16282,logan45@adventure-works.com,B0501CFA-D41E-404B-94DF-13FE9FC27B52,2013-08-17 00:00:00.000
17088,16283,kevin57@adventure-works.com,00A357EC-0011-49E4-B74B-664CDAEA0D41,2012-07-22 00:00:00.000
17089,16284,shaun8@adventure-works.com,0110255D-BBA6-497D-94A2-6A891D033A6F,2013-07-20 00:00:00.000
17090,16285,gabriel50@adventure-works.com,20AD1015-9514-460D-BB93-C6168DE4E3CA,2013-10-25 00:00:00.000
17091,16286,shaun9@adventure-works.com,89B31CB1-78F3-4DA1-8F4D-E6F3C50C40DC,2011-08-22 00:00:00.000
17092,16287,shaun10@adventure-works.com,4F0AB1BE-9C01-4EB3-B9E5-834D9017C062,2012-01-27 00:00:00.000
17093,16288,greg9@adventure-works.com,66BBCEC7-CA56-42C3-84C4-07F6D9D2E85F,2014-01-29 00:00:00.000
17094,16289,shaun11@adventure-works.com,22D83B02-19F6-4695-AF06-8DBCA2F24F85,2013-04-01 00:00:00.000
17095,16290,shaun12@adventure-works.com,87F364AE-3568-424A-B005-EBAD8E276BBF,2014-02-18 00:00:00.000
17096,16291,elijah46@adventure-works.com,30CB43F0-F25B-4A14-8E7F-87610E16034B,2013-11-22 00:00:00.000
17097,16292,kelvin26@adventure-works.com,1210A2C0-5A20-4CA4-8A9A-5B42F661EA5A,2013-09-04 00:00:00.000
17098,16293,melody18@adventure-works.com,78BBFF9F-3183-4CF5-AEDD-4FDD2664799A,2013-04-08 00:00:00.000
17099,16294,shaun13@adventure-works.com,FB299B25-3292-4335-9C66-961E09DF71AD,2014-03-23 00:00:00.000
17100,16295,noah47@adventure-works.com,9BF7F60F-FD40-49EC-AEF9-BC78074D94FA,2013-07-16 00:00:00.000
17101,16296,jason47@adventure-works.com,CCB48831-648B-497F-840A-66ADB16E27CD,2013-09-01 00:00:00.000
17102,16297,timothy45@adventure-works.com,313A12CA-350E-4A99-B572-6AB4DD46FA86,2014-04-11 00:00:00.000
17103,16298,shaun14@adventure-works.com,D1E55EEC-333C-45BE-AAC7-B2DC1CCA4766,2013-11-29 00:00:00.000
17104,16299,shaun15@adventure-works.com,891CCFC4-A9BF-4F56-A1AB-B6D6B3D6EBF8,2013-12-03 00:00:00.000
17105,16300,shaun16@adventure-works.com,994D87A4-594E-4A5A-B5C1-FCB17AA6583E,2011-10-28 00:00:00.000
17106,16301,logan46@adventure-works.com,C03AD9E6-7727-46AB-B157-869A42149210,2013-07-15 00:00:00.000
17107,16302,nathan49@adventure-works.com,04FF5AC8-776F-4826-8FFD-66046C76C1C5,2012-08-12 00:00:00.000
17108,16303,shaun17@adventure-works.com,5F357DB9-55E1-4807-910D-CFBD3446BE23,2013-01-23 00:00:00.000
17109,16304,aaron51@adventure-works.com,6B9F86B9-0E84-496A-92FC-CB294167B0CC,2013-06-15 00:00:00.000
17110,16305,caleb47@adventure-works.com,1E781B83-A345-4D15-AB75-C5B9F6C6EF7F,2014-01-01 00:00:00.000
17111,16306,shaun18@adventure-works.com,A1734B46-6720-4CED-9F5C-39F8FD906D82,2014-05-17 00:00:00.000
17112,16307,shaun19@adventure-works.com,F3AEF219-BEE6-4EC1-A36F-A5BED3F01752,2014-02-16 00:00:00.000
17113,16308,shaun20@adventure-works.com,F1C48D11-8104-4487-AFB0-61577A983B90,2013-10-15 00:00:00.000
17114,16309,luis51@adventure-works.com,7E0587E0-E84C-46DD-8DB4-9655563975C6,2014-01-23 00:00:00.000
17115,16310,melody19@adventure-works.com,E0457731-3D5D-4A4B-87A6-AB53874A1592,2013-02-07 00:00:00.000
17116,16311,shaun21@adventure-works.com,2FD2BCF0-3CD8-4167-80E4-2FBC04F645D9,2013-02-27 00:00:00.000
17117,16312,connor47@adventure-works.com,D9B08220-9792-42D4-87EA-9E17E5BF27CE,2012-05-20 00:00:00.000
17118,16313,james70@adventure-works.com,B971D916-38F8-4AB1-A3BC-43F5C6C2CC94,2014-03-23 00:00:00.000
17119,16314,shaun22@adventure-works.com,6A52447D-0024-4693-84C7-BA02AF146AF2,2013-09-06 00:00:00.000
17120,16315,mitchell0@adventure-works.com,6259C69E-8C6D-4D41-BFC5-1CC682E62066,2014-04-12 00:00:00.000
17121,16316,mitchell1@adventure-works.com,29736DDE-E855-4EEC-81BF-C4FC97DE2462,2013-07-24 00:00:00.000
17122,16317,jonathan51@adventure-works.com,434B7C18-ACB6-4CD2-B35B-274476CE3BCA,2014-03-03 00:00:00.000
17123,16318,logan47@adventure-works.com,6AC09DA6-7819-47C9-969D-B0B73FEF6AD0,2011-08-18 00:00:00.000
17124,16319,luke49@adventure-works.com,8F698102-26A7-4D5B-A2FD-317201B7E339,2014-06-01 00:00:00.000
17125,16320,mitchell2@adventure-works.com,B6F6C051-3056-465B-9782-96C416B4049D,2012-10-12 00:00:00.000
17126,16321,mitchell3@adventure-works.com,D109C40A-700C-49CA-B666-4D0F08468C52,2012-05-01 00:00:00.000
17127,16322,nathan50@adventure-works.com,632E1F9B-F9F8-4EB5-A414-229F93E80D1A,2013-05-14 00:00:00.000
17128,16323,jordan73@adventure-works.com,BD1D6853-3233-4E79-B6B3-50ADAC7AA8C1,2013-05-31 00:00:00.000
17129,16324,mitchell4@adventure-works.com,592EB7E6-F060-4D3B-9865-1832BB5D1314,2012-10-25 00:00:00.000
17130,16325,mitchell5@adventure-works.com,8A13381E-13AB-438E-B888-2B0E2BD69042,2014-06-21 00:00:00.000
17131,16326,mitchell6@adventure-works.com,79D14C12-5939-4C30-A960-3E55AB51BBD0,2012-12-31 00:00:00.000
17132,16327,melody20@adventure-works.com,AB68C55F-E1FC-4D41-8C16-C187797E96B2,2013-11-09 00:00:00.000
17133,16328,mitchell7@adventure-works.com,32D2348A-0E73-4F57-907C-15E8AFF6EF60,2012-03-12 00:00:00.000
17134,16329,mitchell8@adventure-works.com,50525457-C917-46FA-88FF-A937785E424E,2014-05-26 00:00:00.000
17135,16330,jack55@adventure-works.com,2AEFFF07-8621-4AA0-A1D5-4F9307F626E3,2013-09-03 00:00:00.000
17136,16331,adam49@adventure-works.com,550106B7-B444-46F2-B8FB-7675F159B528,2013-11-29 00:00:00.000
17137,16332,aaron52@adventure-works.com,82961F0E-BC71-48D8-80F0-FC0F51A116D6,2012-03-07 00:00:00.000
17138,16333,mitchell9@adventure-works.com,77DE2C64-4765-446B-B418-22BB77B18CC8,2014-06-07 00:00:00.000
17139,16334,eric59@adventure-works.com,FFD4835A-6F9B-41C8-B695-0564D4181593,2014-01-31 00:00:00.000
17140,16335,mitchell10@adventure-works.com,EA1CEE24-04C4-4067-ABBF-B979A3229E23,2011-07-01 00:00:00.000
17141,16336,samuel50@adventure-works.com,55D8ADC7-791D-403E-94F6-79175F1E9F7B,2013-10-23 00:00:00.000
17142,16337,mitchell11@adventure-works.com,17EE1821-9D9E-42AB-87F2-43C0212F4B27,2011-07-25 00:00:00.000
17143,16338,hunter46@adventure-works.com,0192AAC8-0AAE-4354-9D5F-D4C1F77999C0,2013-11-30 00:00:00.000
17144,16339,robert62@adventure-works.com,03335E09-B4F0-4716-B884-0118298B5584,2014-03-08 00:00:00.000
17145,16340,mitchell12@adventure-works.com,5D04A2FA-AE41-4D17-89BB-C49285ADCDC0,2013-07-30 00:00:00.000
17146,16341,noah48@adventure-works.com,A9E0ACD9-28C4-4DCC-91CB-FCD69A4FB706,2014-04-28 00:00:00.000
17147,16342,robert63@adventure-works.com,D9864FB7-BA5C-4318-BAE5-E10A12C5F4C2,2013-12-19 00:00:00.000
17148,16343,robert64@adventure-works.com,F82D27BA-F5AA-4BDE-A4DA-DC6C088D4C8E,2012-03-24 00:00:00.000
17149,16344,mitchell13@adventure-works.com,E5E319C3-D554-4ACB-A84B-5A270F324DD2,2013-11-27 00:00:00.000
17150,16345,hunter47@adventure-works.com,57844F14-F792-4A23-9982-965293755C7C,2014-02-02 00:00:00.000
17151,16346,jose56@adventure-works.com,9EF3D0B1-EC9D-441C-9BF7-3BE22050DDD4,2014-01-16 00:00:00.000
17152,16347,mitchell14@adventure-works.com,2507D1F2-341E-4CC0-961F-EFFB7526E190,2013-08-22 00:00:00.000
17153,16348,mitchell15@adventure-works.com,4C5B8306-9EF7-4EF5-ADE5-5B07D2DD207B,2014-06-23 00:00:00.000
17154,16349,mitchell16@adventure-works.com,EB431223-CA80-48CC-A99C-7DBFCAE7A640,2014-04-25 00:00:00.000
17155,16350,thomas56@adventure-works.com,08CFAEEE-1163-44D9-B6A1-D2E2B314B7C8,2012-08-24 00:00:00.000
17156,16351,mitchell17@adventure-works.com,9A869AA4-85F0-412F-9810-3F0A57E2367B,2013-08-02 00:00:00.000
17157,16352,robert65@adventure-works.com,8F5D3F57-9081-4479-8CC5-179E42F05D33,2014-03-23 00:00:00.000
17158,16353,caleb48@adventure-works.com,AD82CC10-65F0-418D-995B-FD1C0B8E61D3,2013-03-20 00:00:00.000
17159,16354,mitchell18@adventure-works.com,FB643A2C-A0A2-4C4D-84F5-73E72F8A7EF2,2014-05-20 00:00:00.000
17160,16355,connor48@adventure-works.com,96F0A9A9-5C63-4E0D-A061-C363B2F9848A,2013-10-04 00:00:00.000
17161,16356,tony3@adventure-works.com,DCEEF43D-D215-4E70-879F-A7B10F3CC71A,2014-02-23 00:00:00.000
17162,16357,luke50@adventure-works.com,37C30371-9FCC-45D0-BE3D-4A83A64363CD,2014-04-23 00:00:00.000
17163,16358,jordan74@adventure-works.com,85DAA02D-113E-4F37-AB84-4752D6D69F20,2013-12-01 00:00:00.000
17164,16359,tony4@adventure-works.com,028526B7-F962-4FE6-848D-0A97D58CFE22,2013-08-01 00:00:00.000
17165,16360,noah49@adventure-works.com,5414C5B7-1D09-4640-BFBF-0D23DA222E7A,2014-05-11 00:00:00.000
17166,16361,jack56@adventure-works.com,445A9285-DD3B-494F-9335-160204D5ACEA,2013-09-02 00:00:00.000
17167,16362,tony5@adventure-works.com,0D410E8A-426A-403D-8534-1358341F0E2F,2014-02-22 00:00:00.000
17168,16363,tony6@adventure-works.com,6635CDD4-571C-42AA-9662-DF16385B461F,2012-07-03 00:00:00.000
17169,16364,robert66@adventure-works.com,9AF4A740-DE5E-4BC5-9608-3A85D3EE1AC0,2014-06-08 00:00:00.000
17170,16365,tony7@adventure-works.com,A2F2D896-131B-4372-89CB-B72EC0C4FA93,2012-05-30 00:00:00.000
17171,16366,adam50@adventure-works.com,640A3F67-62D3-4761-AAC9-0017FCA64A84,2014-01-18 00:00:00.000
17172,16367,tony8@adventure-works.com,69652CE4-BFC1-4B46-9378-76A2389485B0,2012-10-01 00:00:00.000
17173,16368,eric60@adventure-works.com,169DDD2D-F04F-491F-AFD0-1C5F31FBFEE9,2013-07-15 00:00:00.000
17174,16369,tony9@adventure-works.com,D79775DD-DDD5-4004-AC4D-7B0A82B5ED77,2014-04-24 00:00:00.000
17175,16370,jackson51@adventure-works.com,635B9663-47A1-40DA-893C-2479E127978A,2013-08-31 00:00:00.000
17176,16371,tony10@adventure-works.com,6A8A23B5-A6D9-40AB-8D85-41B8DBDC4FCD,2012-02-18 00:00:00.000
17177,16372,noah50@adventure-works.com,593E95AE-E651-436C-9610-194981133270,2014-05-18 00:00:00.000
17178,16373,tony11@adventure-works.com,9112ACD5-3C80-4FAE-BB94-F9CB8F634DB2,2014-05-21 00:00:00.000
17179,16374,robert67@adventure-works.com,7620861B-D0AF-4A5F-AD68-11B2609166B5,2014-02-05 00:00:00.000
17180,16375,tony12@adventure-works.com,A850B59B-0C03-4DC4-949D-B175A4440D72,2011-10-07 00:00:00.000
17181,16376,noah51@adventure-works.com,E107AF8A-645F-41CC-ABEF-8A19BE64036D,2014-04-11 00:00:00.000
17182,16377,carlos49@adventure-works.com,FAC7FAA0-651A-476F-8100-E205EB25F533,2014-05-02 00:00:00.000
17183,16378,robert68@adventure-works.com,70806CD7-B806-47C5-8151-197BBA54E149,2014-04-09 00:00:00.000
17184,16379,tony13@adventure-works.com,479727AA-EB37-4610-9214-08ECB25B63EE,2014-01-11 00:00:00.000
17185,16380,tony14@adventure-works.com,356D63ED-D939-4AC6-946F-28FB2DC7CFEF,2013-09-17 00:00:00.000
17186,16381,angel42@adventure-works.com,8F1BF5DE-6FB1-4100-AD40-1A3703A9517C,2014-04-04 00:00:00.000
17187,16382,naomi0@adventure-works.com,EC450FD5-0914-41A3-A170-CA9B7EE56D3D,2013-08-04 00:00:00.000
17188,16383,tony15@adventure-works.com,201C732D-AED7-425A-90BB-4B8AD7459A16,2012-11-23 00:00:00.000
17189,16384,isaiah45@adventure-works.com,9D1D5EFA-36A6-4676-8136-BC0F38BC6634,2012-02-25 00:00:00.000
17190,16385,tony16@adventure-works.com,B46555E0-01C4-450B-8C28-68325DB67367,2014-02-07 00:00:00.000
17191,16386,alex50@adventure-works.com,F3B22A2C-18C6-40A1-A8D5-E7EEDDDD1F39,2013-08-06 00:00:00.000
17192,16387,tony17@adventure-works.com,EDC0745B-9494-403B-9C98-9042BE4225E9,2012-12-17 00:00:00.000
17193,16388,tony18@adventure-works.com,0B3C38BE-3B81-4E2F-8519-39448F082F0A,2012-10-13 00:00:00.000
17194,16389,tony19@adventure-works.com,527D054B-7DB2-40C7-AC96-16265705B9E8,2011-07-26 00:00:00.000
17195,16390,robert69@adventure-works.com,CF19087B-994C-44D8-8B31-7F7AE43E0002,2012-12-09 00:00:00.000
17196,16391,tony20@adventure-works.com,B1BF4C6C-370F-4420-9069-E38937C5A5E4,2014-02-12 00:00:00.000
17197,16392,noah52@adventure-works.com,5B753BD9-1556-4062-875F-EDE1ED0CE9E9,2014-01-03 00:00:00.000
17198,16393,hunter48@adventure-works.com,EFC4EA68-A860-4547-B552-B5F885CAD154,2013-01-15 00:00:00.000
17199,16394,tony21@adventure-works.com,0EE3FD5A-B702-4BEB-AD6B-F53D40E701FC,2012-11-16 00:00:00.000
17200,16395,evan46@adventure-works.com,C62F6552-D6D4-4279-9735-32AB493C4C5B,2013-09-30 00:00:00.000
17201,16396,mason42@adventure-works.com,93E08CEE-884C-4F1A-B7C1-91D3E06FC906,2014-01-17 00:00:00.000
17202,16397,isaac43@adventure-works.com,F24E494B-1D81-46CB-90E0-C12C3CDD0E0A,2014-01-02 00:00:00.000
17203,16398,hunter49@adventure-works.com,6731FDEF-5EFD-4892-80E5-9812B01D7ECA,2014-04-11 00:00:00.000
17204,16399,robert70@adventure-works.com,75464DB9-5C2B-448C-9A1E-DE06B8D7477B,2013-11-19 00:00:00.000
17205,16400,samuel51@adventure-works.com,7EC3C0EB-BD0B-45F8-AD0D-1D284F0A77D9,2013-11-20 00:00:00.000
17206,16401,tony22@adventure-works.com,89C1C3A6-3E36-4AE6-BCCC-E09ED8801034,2014-01-16 00:00:00.000
17207,16402,jose57@adventure-works.com,2A17EDA0-6701-46A9-BD05-23362D6E9FD1,2014-03-08 00:00:00.000
17208,16403,naomi1@adventure-works.com,7ED345D6-E142-4511-98A9-18D1665877AE,2013-04-22 00:00:00.000
17209,16404,tony23@adventure-works.com,8696BE75-3416-4D1E-910F-22A1F3CA7931,2014-02-11 00:00:00.000
17210,16405,tony24@adventure-works.com,195FD21B-8D7D-4451-A7E6-5F167E495700,2013-11-09 00:00:00.000
17211,16406,hunter50@adventure-works.com,9E357BA4-92D7-4E6E-8702-D3791F10FAEC,2013-06-08 00:00:00.000
17212,16407,robert71@adventure-works.com,9DA4CEFA-0B08-4D16-BFC5-EF35A03B8DE8,2013-11-04 00:00:00.000
17213,16408,terry3@adventure-works.com,8CD87849-94BB-4464-A097-5198D71AC077,2014-03-10 00:00:00.000
17214,16409,robert72@adventure-works.com,8C2AFAAB-0AE5-4A79-BFB7-A36BAA74B57B,2013-09-23 00:00:00.000
17215,16410,terry4@adventure-works.com,744CE269-EE23-4B83-A3D0-F8796DDAF6B4,2013-02-16 00:00:00.000
17216,16411,terry5@adventure-works.com,DA12276C-603E-4D1F-86A3-137842C142BB,2014-02-07 00:00:00.000
17217,16412,robert73@adventure-works.com,8D314106-70F5-45F2-8FFA-29A33E4DE7B9,2013-02-14 00:00:00.000
17218,16413,terry6@adventure-works.com,F565FBA2-9145-4654-96D5-907333AA6AB2,2012-12-01 00:00:00.000
17219,16414,terry7@adventure-works.com,2DC64296-A1B1-4DCD-B9FD-5F4A51610252,2012-09-18 00:00:00.000
17220,16415,hunter51@adventure-works.com,86EDEAFD-CA91-41FA-A2F9-44A660B9ED59,2013-09-05 00:00:00.000
17221,16416,hunter52@adventure-works.com,76DDD5B7-1DB8-40D5-9F1F-6C599DF802E0,2014-05-27 00:00:00.000
17222,16417,robert74@adventure-works.com,55FB5DB7-1BF9-43FE-AF22-CE0062128610,2014-01-19 00:00:00.000
17223,16418,terry8@adventure-works.com,7893A3E1-D42C-4ACF-9BAD-3FD6A0AE181E,2014-04-13 00:00:00.000
17224,16419,jose58@adventure-works.com,FFD0ED64-4CA9-4640-BDAE-17C0616BAF23,2013-12-03 00:00:00.000
17225,16420,terry9@adventure-works.com,BA5EB9F1-97EC-46ED-BDE7-DC9BACAA5EFD,2013-11-07 00:00:00.000
17226,16421,robert75@adventure-works.com,5491C8B3-EF1B-4FCB-B455-81FC77C3FE83,2014-04-07 00:00:00.000
17227,16422,terry10@adventure-works.com,961A5654-3786-4C7F-B829-4E949CC73079,2012-12-22 00:00:00.000
17228,16423,jose59@adventure-works.com,78DDC4D7-9EAD-4147-BBE2-0C12AEED1FC5,2013-06-21 00:00:00.000
17229,16424,noah53@adventure-works.com,67356132-588E-40DC-BDE2-D4BF27D3CFC9,2013-10-30 00:00:00.000
17230,16425,naomi2@adventure-works.com,345E64C7-A872-4EDB-AB10-473BBC65A923,2013-01-14 00:00:00.000
17231,16426,terry11@adventure-works.com,99B8CC19-B3CC-4678-810F-38A46A2FF743,2014-04-06 00:00:00.000
17232,16427,hunter53@adventure-works.com,935D4A64-55FE-4974-A6A9-F7098C82125F,2012-02-04 00:00:00.000
17233,16428,terry12@adventure-works.com,FEA5D7D5-7FED-4C29-8171-9DBBE4D31572,2011-11-15 00:00:00.000
17234,16429,robert76@adventure-works.com,DC608F34-97A1-442F-9637-35D462BBED5E,2013-10-28 00:00:00.000
17235,16430,terry13@adventure-works.com,70084425-8C5E-4B07-8C52-32EF6B04EA52,2013-12-27 00:00:00.000
17236,16431,terry14@adventure-works.com,DC97A951-0608-44A7-84BD-35317C5C4D34,2012-02-23 00:00:00.000
17237,16432,terry15@adventure-works.com,350E9560-34E5-4B74-ACC7-4BB0484C69E2,2014-03-04 00:00:00.000
17238,16433,josé60@adventure-works.com,308F7339-0843-482F-9299-7837ACF392A3,2013-11-01 00:00:00.000
17239,16434,thomas57@adventure-works.com,05C77578-9C4B-4245-BDC2-E92BE44312B0,2014-04-13 00:00:00.000
17240,16435,kyle49@adventure-works.com,132D76C3-F609-431D-889A-600AE9F835C8,2011-07-19 00:00:00.000
17241,16436,terry16@adventure-works.com,4003CF20-4B86-46E9-A5BA-6F8697CB1DED,2013-06-30 00:00:00.000
17242,16437,terry17@adventure-works.com,E767E9F3-506D-4A0A-A1A2-345DEBF64F11,2013-11-27 00:00:00.000
17243,16438,terry18@adventure-works.com,EF31217A-B8E5-48C9-980E-54402E7A4C2B,2012-06-07 00:00:00.000
17244,16439,robert77@adventure-works.com,FABD5426-75A8-4C54-8D2B-D9BD603D2C9F,2014-02-16 00:00:00.000
17245,16440,terry19@adventure-works.com,5AB7FCF9-353A-42E2-97F0-5031EDA83162,2014-05-17 00:00:00.000
17246,16441,terry20@adventure-works.com,63E49B52-A81F-4FBF-A0F3-BA44E2A7AEA5,2012-04-11 00:00:00.000
17247,16442,kevin58@adventure-works.com,58C5E6F9-335D-4244-B719-1B48ABF4A8FC,2013-12-09 00:00:00.000
17248,16443,terry21@adventure-works.com,3C811CB3-B5E9-4DFA-B4A5-A3478FFFFDDD,2013-08-16 00:00:00.000
17249,16444,hunter54@adventure-works.com,80C20C21-F19C-4E76-9C34-4C2C4C050870,2014-05-28 00:00:00.000
17250,16445,gabriel51@adventure-works.com,90BC36E0-025A-4B30-9150-2F516479CCCA,2013-09-29 00:00:00.000
17251,16446,hunter55@adventure-works.com,8758F7A4-FF4F-4A23-A677-B358A4417CB6,2014-03-04 00:00:00.000
17252,16447,elijah47@adventure-works.com,994674F9-5790-46D8-9447-433A9CD58837,2014-04-24 00:00:00.000
17253,16448,terry22@adventure-works.com,FF547136-6183-46BC-9C4E-93DF5522A3DD,2014-06-18 00:00:00.000
17254,16449,hunter56@adventure-works.com,5D2EAAF0-EEAD-4357-9FBF-FEF2E6803DCC,2013-09-05 00:00:00.000
17255,16450,jason48@adventure-works.com,4140BE04-E678-48FF-947F-A650EF9C220B,2011-07-18 00:00:00.000
17256,16451,terry23@adventure-works.com,1D90AA20-BF6B-40D1-8775-8EB8F23EF836,2013-04-20 00:00:00.000
17257,16452,luis52@adventure-works.com,FF755259-22F8-426B-BC42-96964FD35266,2011-08-21 00:00:00.000
17258,16453,bethany4@adventure-works.com,67AA836A-E987-4AE6-A7BD-4A07279CA7D3,2014-05-26 00:00:00.000
17259,16454,robert78@adventure-works.com,23068AA6-39E1-444D-AC8A-EDC9794BA4B9,2012-04-24 00:00:00.000
17260,16455,bethany5@adventure-works.com,E3834825-327F-450B-B641-F25D7E807297,2012-12-09 00:00:00.000
17261,16456,aaron53@adventure-works.com,FA76ECB4-52C1-4E3C-B959-B1F2AD7EFFE5,2013-11-05 00:00:00.000
17262,16457,bethany6@adventure-works.com,020341DA-2474-4808-B25D-F5CAB2BE76D4,2014-03-26 00:00:00.000
17263,16458,naomi3@adventure-works.com,27EABC78-A3DE-435B-8439-4D116918C83F,2013-08-20 00:00:00.000
17264,16459,jose61@adventure-works.com,F8F6D16E-7209-49B2-83E8-3AE64686B0BD,2014-05-13 00:00:00.000
17265,16460,bethany7@adventure-works.com,2A61A030-37A7-4200-85DC-A63643742F70,2012-04-10 00:00:00.000
17266,16461,jose62@adventure-works.com,1BBCB341-5357-46AA-916F-59F54A50928B,2014-02-13 00:00:00.000
17267,16462,robert79@adventure-works.com,F32C89E4-8CDB-4E06-ACF6-ABAF69546E1D,2011-09-29 00:00:00.000
17268,16463,caleb49@adventure-works.com,9A2AA184-A1D6-4075-8180-4065D8212DF8,2013-03-23 00:00:00.000
17269,16464,bethany8@adventure-works.com,51474AE7-9FED-472F-9096-D46368C7A118,2014-06-11 00:00:00.000
17270,16465,noah54@adventure-works.com,3CA40424-5736-466D-8233-2EF4CF4F7DA0,2014-04-19 00:00:00.000
17271,16466,bethany9@adventure-works.com,990BE992-6C30-4B3C-88E7-37626B7E12FB,2014-04-16 00:00:00.000
17272,16467,bethany10@adventure-works.com,6FE190D6-FF62-44D9-8C1C-C21824FA464F,2011-07-08 00:00:00.000
17273,16468,bethany11@adventure-works.com,1A470CD8-B025-43E7-8EE6-216C08625231,2014-04-08 00:00:00.000
17274,16469,robert80@adventure-works.com,A150D6A7-4DE1-4F01-929C-5CBA49B34101,2012-11-04 00:00:00.000
17275,16470,bethany12@adventure-works.com,043F5736-CB71-4636-87CD-AAADA92750E3,2012-09-01 00:00:00.000
17276,16471,noah55@adventure-works.com,95A72655-FC3B-44E2-A387-C9075731E71E,2013-08-19 00:00:00.000
17277,16472,bethany13@adventure-works.com,46B68196-FA4E-4510-8682-061864A28FF2,2012-12-17 00:00:00.000
17278,16473,noah56@adventure-works.com,2E533CF9-4A7B-47E5-8271-978DEDDE462E,2013-11-25 00:00:00.000
17279,16474,noah57@adventure-works.com,2373E7D7-DE84-40E6-BC6E-602507E44E13,2014-03-03 00:00:00.000
17280,16475,bethany14@adventure-works.com,EB92B370-B572-41A7-87DF-59BB2019EF1A,2013-09-27 00:00:00.000
17281,16476,noah58@adventure-works.com,205FBB71-41F6-422F-97D4-6FB663B89095,2013-11-14 00:00:00.000
17282,16477,warren41@adventure-works.com,75C1F0E4-2D59-41B7-BD02-8C033FA1200F,2013-12-12 00:00:00.000
17283,16478,kelvin27@adventure-works.com,2C7BE637-528B-4069-A1D3-8BE122C4E07D,2012-09-21 00:00:00.000
17284,16479,naomi4@adventure-works.com,77FC2F5F-EA44-479F-8AAE-134C7F03BE46,2011-11-21 00:00:00.000
17285,16480,bethany15@adventure-works.com,0FFBB201-7C34-412E-BD43-9F7DC139BAED,2014-03-11 00:00:00.000
17286,16481,robert81@adventure-works.com,603CD160-D86D-49B3-B968-4959B76D7CBF,2013-07-03 00:00:00.000
17287,16482,bethany16@adventure-works.com,BFCE9135-1EC5-406E-B77F-89D8EEF1E61D,2013-07-28 00:00:00.000
17288,16483,noah59@adventure-works.com,0ED8CE32-C333-495A-928F-DAE6907BD620,2013-07-20 00:00:00.000
17289,16484,bethany17@adventure-works.com,5AAB57F4-F156-42F5-9A4B-760227F89CE5,2013-11-15 00:00:00.000
17290,16485,noah60@adventure-works.com,6EF368B3-067F-4F3D-8626-E62B18C10813,2014-03-02 00:00:00.000
17291,16486,bethany18@adventure-works.com,351786A7-BA63-4851-82B9-4A507EB4B8E5,2011-10-30 00:00:00.000
17292,16487,jose63@adventure-works.com,0F29BDAC-FB66-45AC-AC4B-28DEBD34CCBD,2013-11-07 00:00:00.000
17293,16488,bethany19@adventure-works.com,E504DA96-CE30-4A7F-A9E0-077CCD3DEE97,2011-11-18 00:00:00.000
17294,16489,noah61@adventure-works.com,3E2BFA1C-C100-400D-8C29-97E8DE63F0EE,2014-06-19 00:00:00.000
17295,16490,bethany20@adventure-works.com,4C73E845-6FA9-466C-A9FE-1F569E289B59,2012-05-30 00:00:00.000
17296,16491,bethany21@adventure-works.com,5B7DBA3B-1442-485A-AD29-761078A87FE4,2014-04-19 00:00:00.000
17297,16492,bethany22@adventure-works.com,B4DEF614-867B-4824-A311-E062BFD7718B,2013-11-03 00:00:00.000
17298,16493,josé64@adventure-works.com,5915D7E1-375A-429E-98F5-9052080551A8,2013-03-23 00:00:00.000
17299,16494,alan6@adventure-works.com,3F02489F-02BD-430B-A1CD-FCB3709762AE,2011-08-27 00:00:00.000
17300,16495,noah62@adventure-works.com,C15CAA8A-BF94-42D5-87A7-C47C02D06A34,2014-05-19 00:00:00.000
17301,16496,alan7@adventure-works.com,629A919C-7CB3-4DE2-8B30-D525F904E573,2014-04-22 00:00:00.000
17302,16497,jose65@adventure-works.com,DF988AD1-33FC-4B03-A849-22F00F9DF21E,2014-04-23 00:00:00.000
17303,16498,naomi5@adventure-works.com,BD7E83C1-3256-4E4B-B269-FB2D31AC63E8,2012-12-09 00:00:00.000
17304,16499,alan8@adventure-works.com,DEF16183-CFA3-4DBC-9329-C918589EB695,2013-10-01 00:00:00.000
17305,16500,alan9@adventure-works.com,FCDB64CC-AD28-41B3-8D67-0CAA2A8FF5A1,2014-02-27 00:00:00.000
17306,16501,alan10@adventure-works.com,B0FF0AD7-B6DF-4B40-9CEA-0E3AB2BAE0D4,2012-07-11 00:00:00.000
17307,16502,noah63@adventure-works.com,93524723-9A89-4727-B26B-536A5CEA87FE,2014-04-25 00:00:00.000
17308,16503,alan11@adventure-works.com,193AD861-9ED6-4E23-86B3-31EDAF2C9D29,2014-05-30 00:00:00.000
17309,16504,jose66@adventure-works.com,C1767A9E-EDC9-4C89-AD7B-64E76A3ED884,2013-06-30 00:00:00.000
17310,16505,alan12@adventure-works.com,57B77492-15C5-404B-90D3-57339330F9A5,2013-11-28 00:00:00.000
17311,16506,jose67@adventure-works.com,492D2CCE-9BE5-48BB-A1F5-260DEB0C2BD4,2014-05-21 00:00:00.000
17312,16507,jose68@adventure-works.com,6D0FF892-0E99-4B09-B6F0-952D3B1BD872,2012-06-10 00:00:00.000
17313,16508,alan13@adventure-works.com,DC4E97AB-073F-4D90-A66D-2E0CDA70EF0F,2014-02-10 00:00:00.000
17314,16509,thomas58@adventure-works.com,20F8783C-8347-488F-B5C3-F34B024C3D9B,2014-06-04 00:00:00.000
17315,16510,alan14@adventure-works.com,24279AF7-0B38-422E-8A34-F6769F6D49DA,2014-05-14 00:00:00.000
17316,16511,thomas59@adventure-works.com,8FD52DD6-9E49-4561-BA7D-10B6B72E021B,2013-06-08 00:00:00.000
17317,16512,alan15@adventure-works.com,E77D1F7A-B911-431E-B43F-FAC949ECCDA3,2011-07-04 00:00:00.000
17318,16513,noah64@adventure-works.com,CBD46E57-DC53-49AD-A692-A0F0768262AA,2013-10-10 00:00:00.000
17319,16514,naomi6@adventure-works.com,F1B2B06D-9DFE-40B9-8787-7DE1DA210FF1,2013-04-24 00:00:00.000
17320,16515,alan16@adventure-works.com,8BD9D0BE-BF92-4FE1-B3CF-853BD7E3F91A,2014-06-14 00:00:00.000
17321,16516,alan17@adventure-works.com,0D1C27E0-3D2F-441D-9509-6F0473053E02,2011-08-02 00:00:00.000
17322,16517,jose69@adventure-works.com,75707673-ADE6-4A93-A9A6-1FD158DFA663,2013-03-04 00:00:00.000
17323,16518,alan18@adventure-works.com,AA01D554-BD54-45D3-BCA4-5C01FEC35D85,2013-10-14 00:00:00.000
17324,16519,noah65@adventure-works.com,9B954FD3-A002-4CD7-BC2D-91B230425B32,2014-04-01 00:00:00.000
17325,16520,alan19@adventure-works.com,CB55C3D5-48F7-44DB-8182-86ADE3D35B61,2013-09-10 00:00:00.000
17326,16521,noah66@adventure-works.com,0631DDC3-270B-44E0-9FEA-86CC85A1DAD1,2013-07-28 00:00:00.000
17327,16522,alan20@adventure-works.com,9A3F6FF8-4A63-42DA-8C70-B4BCB899F683,2013-11-07 00:00:00.000
17328,16523,noah67@adventure-works.com,2B1BF009-F0D7-4823-B1A0-332896D90144,2013-12-29 00:00:00.000
17329,16524,noah68@adventure-works.com,C893E81E-88FA-440C-891B-CF6EFB546795,2014-04-20 00:00:00.000
17330,16525,noah69@adventure-works.com,1D42E9B4-C65C-406B-BE7B-57C1D6602955,2014-03-27 00:00:00.000
17331,16526,alan21@adventure-works.com,E9FFD356-D937-4B40-9713-A814DC9B6672,2011-09-26 00:00:00.000
17332,16527,robert82@adventure-works.com,169DB71A-ACA3-4CC6-AD48-DDAADF968D22,2012-02-10 00:00:00.000
17333,16528,thomas60@adventure-works.com,64ABAE7C-6982-4817-9A9D-5DB46AD307FA,2013-11-29 00:00:00.000
17334,16529,alan22@adventure-works.com,407ED1D5-A132-4533-8CED-9B85D7AF064E,2012-08-15 00:00:00.000
17335,16530,robert83@adventure-works.com,42084C82-0A10-4747-AB3E-6E2230BCEF80,2013-11-07 00:00:00.000
17336,16531,noah70@adventure-works.com,B99B82CD-3832-49E9-B6A7-2127F9A87A2F,2013-10-07 00:00:00.000
17337,16532,alan23@adventure-works.com,3826FF73-BA0B-4E40-9289-3F6D4ACD2403,2011-07-23 00:00:00.000
17338,16533,alan24@adventure-works.com,8574B0A8-15EF-4D05-9970-79AEF17C5EB3,2014-01-20 00:00:00.000
17339,16534,thomas61@adventure-works.com,87BDC7F2-1F71-496A-9D2D-5209E78DAFDA,2014-01-26 00:00:00.000
17340,16535,alan25@adventure-works.com,126D00BE-0136-4327-8B2A-08D52190B301,2013-07-17 00:00:00.000
17341,16536,jose70@adventure-works.com,640A9F14-ECB5-4A49-9620-B83F0D666998,2014-02-23 00:00:00.000
17342,16537,jose71@adventure-works.com,EE3D8EF8-1756-45F6-AD90-3AC2F1CD168E,2013-08-29 00:00:00.000
17343,16538,naomi7@adventure-works.com,FC63ED99-D548-4D42-B219-A84DDCB24F9A,2013-09-21 00:00:00.000
17344,16539,alan26@adventure-works.com,6F134138-D05F-4CFA-A002-0B5B2AA09899,2014-01-12 00:00:00.000
17345,16540,jose72@adventure-works.com,18BA60C5-4669-40C8-89FD-DF52DC0858F1,2013-12-17 00:00:00.000
17346,16541,alan27@adventure-works.com,4240B0EF-482F-43EC-9A7D-07145D37DF4F,2014-05-19 00:00:00.000
17347,16542,robert84@adventure-works.com,D7A7194C-DA20-43C5-B97F-42DF13FED98B,2014-06-21 00:00:00.000
17348,16543,krystal0@adventure-works.com,2252E9F0-3838-4E6E-B4DF-D3DDF7FD6FCE,2012-08-29 00:00:00.000
17349,16544,robert85@adventure-works.com,09761217-EC73-4B54-8D20-B0B9B09A2FC6,2014-02-26 00:00:00.000
17350,16545,robert86@adventure-works.com,41805683-E5F6-46A6-8607-6A58F6793B94,2013-12-21 00:00:00.000
17351,16546,krystal1@adventure-works.com,3E082283-7072-4C8D-A28E-B58A0EB34F04,2013-08-02 00:00:00.000
17352,16547,krystal2@adventure-works.com,3384510F-D1A7-47B7-89E5-E83030519825,2014-02-14 00:00:00.000
17353,16548,krystal3@adventure-works.com,38BBEDA0-9C95-4DAC-9BE2-BC5D52AB71B5,2012-11-06 00:00:00.000
17354,16549,thomas62@adventure-works.com,BC36D017-D6A6-42EE-8710-233DC7525B2A,2014-03-02 00:00:00.000
17355,16550,krystal4@adventure-works.com,232E6D50-C22C-4616-A153-B26C596E9658,2012-12-15 00:00:00.000
17356,16551,krystal5@adventure-works.com,D05D0429-5101-42D5-8A13-ECC13E6D5263,2013-10-28 00:00:00.000
17357,16552,thomas63@adventure-works.com,3C62BA4C-7CA0-426C-8A66-6970BA3FACA3,2013-11-04 00:00:00.000
17358,16553,robert87@adventure-works.com,C7062BE4-9B23-4625-AF5C-29F8B2FB6753,2013-11-02 00:00:00.000
17359,16554,josé73@adventure-works.com,5E66435E-4A9D-4AAF-B820-59C343C6633B,2014-06-22 00:00:00.000
17360,16555,krystal6@adventure-works.com,29C282FA-A1D3-4105-9CDE-6005518A057E,2011-06-17 00:00:00.000
17361,16556,thomas64@adventure-works.com,C5C87471-67B5-40CA-A144-D6F72973906A,2013-09-28 00:00:00.000
17362,16557,krystal7@adventure-works.com,D446BE4B-1596-4A6B-9618-049127EF432D,2013-12-03 00:00:00.000
17363,16558,naomi8@adventure-works.com,7E1D66C6-6E86-44F0-AD36-665FDFE7BAB8,2013-05-22 00:00:00.000
17364,16559,krystal8@adventure-works.com,EFD3F0DA-8AA4-42D4-9FFD-C7B082F36EB6,2013-01-05 00:00:00.000
17365,16560,krystal9@adventure-works.com,F8CFED2D-7F6D-4036-831B-D8ED116EE0B7,2013-03-16 00:00:00.000
17366,16561,krystal10@adventure-works.com,08B70DE8-DD4F-414C-B517-5B133A5764A9,2013-12-28 00:00:00.000
17367,16562,jose74@adventure-works.com,3199E448-7721-409D-8D26-CFD823DA6B92,2014-04-28 00:00:00.000
17368,16563,jose75@adventure-works.com,5BDF1138-3825-42FC-8E88-E476E0641102,2014-03-18 00:00:00.000
17369,16564,krystal11@adventure-works.com,66D497AC-1D58-461D-A1F5-29F67B6C0F26,2011-07-30 00:00:00.000
17370,16565,jose76@adventure-works.com,DC2B2378-BE60-4864-8005-DE52A594BB49,2012-11-24 00:00:00.000
17371,16566,luis53@adventure-works.com,BF1A5087-977C-4B93-B039-83219A20B1B0,2014-06-18 00:00:00.000
17372,16567,krystal12@adventure-works.com,5B10200B-3472-4963-B7FC-68D6D334993A,2013-12-18 00:00:00.000
17373,16568,krystal13@adventure-works.com,ED79212A-85EE-400A-B7AE-B11864A3C2E9,2011-12-26 00:00:00.000
17374,16569,krystal14@adventure-works.com,0121AC9E-7AB0-4F44-B1E5-BA9C57C87E39,2013-10-31 00:00:00.000
17375,16570,krystal15@adventure-works.com,BEA01753-D0FC-497E-987E-82F3C75A959F,2012-01-25 00:00:00.000
17376,16571,krystal16@adventure-works.com,84F6AC4B-884B-49B7-860F-B745ADFCDDA9,2014-01-15 00:00:00.000
17377,16572,naomi9@adventure-works.com,1E4D70A6-8B45-4BD5-ACC3-D599E3946722,2013-12-28 00:00:00.000
17378,16573,krystal17@adventure-works.com,277EB4D5-02E7-4C64-9765-7EDF864AC185,2012-12-22 00:00:00.000
17379,16574,jose77@adventure-works.com,D0EEAF31-0245-4987-A6BC-29A278F3858E,2012-03-16 00:00:00.000
17380,16575,thomas65@adventure-works.com,F701CE57-4D6B-4570-8A6B-00823A4CCEAA,2013-10-21 00:00:00.000
17381,16576,krystal18@adventure-works.com,0E406AC4-300E-4CA2-8FBA-9EA6BE330F37,2013-07-15 00:00:00.000
17382,16577,logan48@adventure-works.com,4325248C-E457-4139-BAAE-995A19BF5374,2013-10-20 00:00:00.000
17383,16578,krystal19@adventure-works.com,DE7C1808-0C3A-4047-B43F-27ED71CC3E08,2014-01-12 00:00:00.000
17384,16579,krystal20@adventure-works.com,8902D11B-B25A-4A65-87DB-D139218FC0AB,2012-09-19 00:00:00.000
17385,16580,krystal21@adventure-works.com,B3F5B8CB-66E1-41F8-8EB8-9B9362C99680,2013-06-02 00:00:00.000
17386,16581,krystal22@adventure-works.com,EE36873A-3A30-4165-809B-707EDC0E4BEF,2014-02-01 00:00:00.000
17387,16582,austin30@adventure-works.com,8C0735ED-2002-40F7-91E7-E2543BC72541,2013-12-26 00:00:00.000
17388,16583,krystal23@adventure-works.com,5D244200-7584-4CC3-984D-466C533BA53E,2013-12-31 00:00:00.000
17389,16584,karen10@adventure-works.com,8DF160A5-F0AA-44B8-9A3A-A32DBCED291D,2014-05-28 00:00:00.000
17390,16585,karen11@adventure-works.com,ED9883CB-9242-400F-8C19-CAF3A507EC65,2013-11-14 00:00:00.000
17391,16586,naomi10@adventure-works.com,2266E3AC-A326-45A7-9991-F79711F928CE,2013-11-07 00:00:00.000
17392,16587,jose78@adventure-works.com,1976022F-E364-4BF9-AE5D-9CA1D2FF55E3,2012-07-25 00:00:00.000
17393,16588,josé79@adventure-works.com,110F77A1-3D8E-492A-B6A0-A95A2351BADC,2013-09-20 00:00:00.000
17394,16589,karen12@adventure-works.com,63CA9247-FDF6-40ED-B418-26FDDA1FC702,2011-09-02 00:00:00.000
17395,16590,karen13@adventure-works.com,2AEE67D9-FE29-40D3-80AE-3136AC2F9FA0,2013-07-15 00:00:00.000
17396,16591,karen14@adventure-works.com,852C01DA-E838-4042-9CC8-0E5B6C666DE0,2013-03-04 00:00:00.000
17397,16592,thomas66@adventure-works.com,F60C8B8D-5D60-4B4F-9996-19E02DDF8302,2014-01-24 00:00:00.000
17398,16593,karen15@adventure-works.com,9E9ED6C1-5DE8-4FFC-9854-D0675D5865CD,2014-01-27 00:00:00.000
17399,16594,thomas67@adventure-works.com,10002288-2864-4E3D-954E-5017CADF0794,2014-03-07 00:00:00.000
17400,16595,karen16@adventure-works.com,848E521D-1DCC-488A-8DE5-E96992EB5F01,2013-12-14 00:00:00.000
17401,16596,karen17@adventure-works.com,D4F505D8-51C1-467E-AC89-CCA835F62940,2013-11-15 00:00:00.000
17402,16597,karen18@adventure-works.com,32665566-6A7D-4DBA-93ED-5F84122E4636,2014-04-27 00:00:00.000
17403,16598,karen19@adventure-works.com,DC667F66-5BBB-4109-8E55-5B1D62646216,2013-09-04 00:00:00.000
17404,16599,thomas68@adventure-works.com,B0EF454B-FC7F-42E7-8821-12F298394B89,2013-08-06 00:00:00.000
17405,16600,karen20@adventure-works.com,4B39C4F8-E9CA-46D2-9E7A-6CBC4360C19D,2012-07-06 00:00:00.000
17406,16601,naomi11@adventure-works.com,EAAF99D2-6FFF-4D97-8929-F207BC94526B,2013-04-10 00:00:00.000
17407,16602,karen21@adventure-works.com,D02BE453-AF1F-4B89-9EB6-8E82A20670C9,2012-05-17 00:00:00.000
17408,16603,jose80@adventure-works.com,44A9E8B6-4081-41A0-B012-C9DCC74423D1,2012-12-13 00:00:00.000
17409,16604,thomas69@adventure-works.com,6949A5F9-0928-4B13-863D-2711F8BEB206,2013-01-12 00:00:00.000
17410,16605,karen22@adventure-works.com,75C9D469-76D5-479A-B8BC-8D87F8D53D7A,2012-11-27 00:00:00.000
17411,16606,karen23@adventure-works.com,AD566767-621D-4471-A735-CE90AD70425E,2013-07-26 00:00:00.000
17412,16607,thomas70@adventure-works.com,5D4ED029-B023-477B-8A8B-F073911A88F3,2014-04-24 00:00:00.000
17413,16608,karen24@adventure-works.com,10EFFC26-2134-48A0-9880-9BDA26283691,2014-04-04 00:00:00.000
17414,16609,josé81@adventure-works.com,FDCCEA3E-14C3-4A9F-8BA1-F2BC5DD96DCA,2014-05-19 00:00:00.000
17415,16610,karen25@adventure-works.com,C1026632-1FB1-4EA0-80E8-D6B739D72079,2014-06-04 00:00:00.000
17416,16611,thomas71@adventure-works.com,E322D657-2A8B-4958-BCBA-93139148D1D7,2014-04-15 00:00:00.000
17417,16612,karen26@adventure-works.com,4D73ECBF-95E6-41E9-BFCD-D740E7486995,2013-07-20 00:00:00.000
17418,16613,samuel52@adventure-works.com,6DE76883-BBA3-4522-8BEB-C2F5C750C396,2013-04-29 00:00:00.000
17419,16614,austin31@adventure-works.com,0AE1280E-90A5-46A1-BE90-4BDF0F58FA0C,2013-11-17 00:00:00.000
17420,16615,karen27@adventure-works.com,612ADB5C-6A5E-451F-A9A5-7EEE083D81F1,2014-04-26 00:00:00.000
17421,16616,karen28@adventure-works.com,B75D2F3E-1462-4F33-B0F4-87DF52524246,2014-05-22 00:00:00.000
17422,16617,thomas72@adventure-works.com,72491E88-DCAC-47AD-AB45-E1F098B2EDD2,2013-04-25 00:00:00.000
17423,16618,aaron54@adventure-works.com,C214056A-A1D6-4FCF-972F-B23B9F6C13AC,2013-10-14 00:00:00.000
17424,16619,thomas73@adventure-works.com,E02E6D45-25C5-4465-88C0-38AE4B03417B,2013-10-06 00:00:00.000
17425,16620,naomi12@adventure-works.com,4B02618A-B0DD-4587-A2E0-D6528C8F8659,2013-07-30 00:00:00.000
17426,16621,karen29@adventure-works.com,34809D34-BFEA-4595-BC6A-9EF792F74D72,2013-11-12 00:00:00.000
17427,16622,thomas74@adventure-works.com,5DC30EDC-5BBE-4370-8F6D-EE25A43988EF,2013-05-02 00:00:00.000
17428,16623,thomas75@adventure-works.com,9560EBB9-6F63-44B4-A8D1-8F1749A91EAD,2013-02-24 00:00:00.000
17429,16624,karen30@adventure-works.com,47B62422-6D44-45E9-90AF-26C89B911DF4,2012-10-25 00:00:00.000
17430,16625,hunter57@adventure-works.com,20759844-4A2A-47E8-BDC8-F66D78754CD1,2014-06-12 00:00:00.000
17431,16626,karen31@adventure-works.com,A2C1493A-195D-4010-833D-689E5DDE1F94,2012-04-05 00:00:00.000
17432,16627,thomas76@adventure-works.com,AD9EB160-7EDA-4EEF-9E74-F70D9765A1A3,2013-10-29 00:00:00.000
17433,16628,thomas77@adventure-works.com,15A46576-F4FD-4747-86B9-D7A2D1DE1271,2014-04-18 00:00:00.000
17434,16629,austin32@adventure-works.com,74D5E4D2-0410-4581-A803-A9E125F69722,2013-11-12 00:00:00.000
17435,16630,karen32@adventure-works.com,56475A19-79C4-47E7-80C2-4D50C0274E0E,2013-07-05 00:00:00.000
17436,16631,leah0@adventure-works.com,F8DFCB6D-3876-419A-A389-6B2C1F978F6A,2012-07-19 00:00:00.000
17437,16632,thomas78@adventure-works.com,6929374D-9974-4EDB-8AFF-421BD50D181E,2013-08-30 00:00:00.000
17438,16633,noah71@adventure-works.com,27AFFAA9-9160-40A1-A755-F298CB758444,2013-12-15 00:00:00.000
17439,16634,caleb50@adventure-works.com,3626DDEB-501F-4868-81FC-987BABDF5CFF,2014-04-10 00:00:00.000
17440,16635,leah1@adventure-works.com,15DD6DE2-857E-4B87-9E5A-F83244358BDF,2014-01-02 00:00:00.000
17441,16636,thomas79@adventure-works.com,43A3563A-1FD2-4123-99FC-0DD8DA9BB8C5,2013-12-06 00:00:00.000
17442,16637,connor49@adventure-works.com,AE637857-8320-454D-8329-7ED1379A9429,2013-08-08 00:00:00.000
17443,16638,leah2@adventure-works.com,2BD3C2B8-EEC6-4180-819E-46AE8360FAE0,2014-04-11 00:00:00.000
17444,16639,thomas80@adventure-works.com,E93DD981-2B11-4EFD-AEE2-92D9FDE0B326,2013-12-08 00:00:00.000
17445,16640,thomas81@adventure-works.com,9150064E-2B30-4C74-ACEC-97ABC2E4F14C,2014-03-31 00:00:00.000
17446,16641,cameron29@adventure-works.com,F1AA2C89-2AB9-4EA8-82BB-CFAAB2BC2D02,2014-01-18 00:00:00.000
17447,16642,leah3@adventure-works.com,ABDE9984-F62D-42A9-ADB4-7BD5A56AFF3F,2013-08-31 00:00:00.000
17448,16643,robert88@adventure-works.com,5AC32B38-EE4D-479A-A124-D31B331B376F,2013-11-10 00:00:00.000
17449,16644,naomi13@adventure-works.com,72A728DA-003B-429D-ABDA-BB0309180CA1,2011-10-14 00:00:00.000
17450,16645,leah4@adventure-works.com,A6EE2F6A-DE8A-4B22-93F1-AA172F84E930,2014-06-18 00:00:00.000
17451,16646,leah5@adventure-works.com,A267B9CA-9A05-41E9-A2CA-E1B2FA043452,2014-01-06 00:00:00.000
17452,16647,jose82@adventure-works.com,ED5C803B-CEC2-4FA3-A40F-E731EBB2A531,2013-12-27 00:00:00.000
17453,16648,thomas82@adventure-works.com,9C1CC0B2-DC71-451B-BF28-049EA8226493,2013-10-28 00:00:00.000
17454,16649,leah6@adventure-works.com,4E203371-29DC-48DD-A711-4A6265D7FEA9,2014-01-13 00:00:00.000
17455,16650,leah7@adventure-works.com,102EFC51-7BE1-4216-B1FC-68B3128C228D,2011-09-15 00:00:00.000
17456,16651,james71@adventure-works.com,F1796932-F961-4737-AFBF-76DF08A01396,2013-08-09 00:00:00.000
17457,16652,jonathan52@adventure-works.com,AD231339-A752-458C-8DF2-1CE79DF1763C,2013-11-22 00:00:00.000
17458,16653,logan49@adventure-works.com,B43BC89E-DF52-4E7D-9E38-3162EE0D52D3,2014-01-28 00:00:00.000
17459,16654,leah8@adventure-works.com,FB3F46E7-39AD-4602-BDC3-9CB8CCC30B20,2014-03-02 00:00:00.000
17460,16655,leah9@adventure-works.com,1902861D-B6D5-4EF5-91A7-56A657F79613,2012-11-16 00:00:00.000
17461,16656,leah10@adventure-works.com,A119A61C-15FD-4F08-9DBF-7350DC57F354,2011-09-28 00:00:00.000
17462,16657,leah11@adventure-works.com,38D65087-AAE8-474E-B086-03E9DF329C26,2014-05-09 00:00:00.000
17463,16658,cameron30@adventure-works.com,6A933D94-9C46-4391-99FE-9F140B9A9DFA,2013-10-22 00:00:00.000
17464,16659,kelvin28@adventure-works.com,0DBA7C7E-2E9D-40D1-B58E-5C6BAE0975EC,2013-10-23 00:00:00.000
17465,16660,naomi14@adventure-works.com,62E5CCC1-9692-4682-A3D3-9C36338676E1,2014-05-14 00:00:00.000
17466,16661,hunter58@adventure-works.com,3FF5668E-B091-46E8-855A-351CD69A6C3D,2013-09-27 00:00:00.000
17467,16662,noah72@adventure-works.com,212A28F8-FE4F-4F01-BE7E-56C71438BC8E,2013-10-06 00:00:00.000
17468,16663,leah12@adventure-works.com,5AF5E4DC-4650-44EE-B7A4-62BEE912FC08,2013-08-20 00:00:00.000
17469,16664,cameron31@adventure-works.com,6BEB2337-BA64-4BB5-9E35-DEC1D3A95F99,2012-03-14 00:00:00.000
17470,16665,leah13@adventure-works.com,63E4744F-3BF6-4218-8C41-222C37AD2714,2013-03-16 00:00:00.000
17471,16666,cameron32@adventure-works.com,72E0B039-1C25-49F6-81F4-068B055C203B,2014-01-05 00:00:00.000
17472,16667,leah14@adventure-works.com,F35C2D7C-93B3-4A17-96BB-1D26C090DF32,2012-01-01 00:00:00.000
17473,16668,thomas83@adventure-works.com,C748063B-196E-4045-AF5F-3059E502B494,2013-07-18 00:00:00.000
17474,16669,leah15@adventure-works.com,54BF3B26-1F8F-4295-AE05-9672DE55563D,2013-09-21 00:00:00.000
17475,16670,leah16@adventure-works.com,DDF6A281-D93A-43A0-AAB5-29DACD972AA5,2012-04-26 00:00:00.000
17476,16671,leah17@adventure-works.com,BCD60E73-BBE0-40D8-A281-2E634209713F,2012-05-31 00:00:00.000
17477,16672,leah18@adventure-works.com,F0623DAB-01EF-49FD-AC8B-9E6B6A5755CA,2014-05-10 00:00:00.000
17478,16673,robert89@adventure-works.com,42E0506D-C4EA-429E-B0DA-AEFEA04C7278,2014-05-14 00:00:00.000
17479,16674,leah19@adventure-works.com,F2475BA7-9E64-4A50-A4A8-80768D09E1B9,2014-01-01 00:00:00.000
17480,16675,naomi15@adventure-works.com,8489CD77-FDAA-4F7B-8567-E4D8A91D4927,2013-08-25 00:00:00.000
17481,16676,valerie1@adventure-works.com,19B716FB-9A35-451E-8BD8-DCA1E25EE4AD,2013-03-27 00:00:00.000
17482,16677,jose83@adventure-works.com,4214E8DE-28F4-4E7B-98E9-EE2206A02099,2013-07-12 00:00:00.000
17483,16678,valerie2@adventure-works.com,38A49090-3B6F-4CD2-BF41-7315F0A9F931,2012-03-11 00:00:00.000
17484,16679,thomas84@adventure-works.com,5EB0B4F4-D0B6-40EF-82B4-F23883DB0108,2012-06-11 00:00:00.000
17485,16680,valerie3@adventure-works.com,CD9F2B4B-B4DC-4EE4-BDF4-82FD32938920,2013-04-12 00:00:00.000
17486,16681,kyle50@adventure-works.com,42E59171-75E8-4B22-828B-9281C8359CF9,2014-04-01 00:00:00.000
17487,16682,valerie4@adventure-works.com,ED12AC45-28C9-44E3-BEA4-723EDEE0766A,2014-06-09 00:00:00.000
17488,16683,valerie5@adventure-works.com,BED01B9D-1F67-4C98-9620-4DE36D4D5896,2014-03-22 00:00:00.000
17489,16684,valerie6@adventure-works.com,94FD6CF4-798A-46F0-BDA8-B66B26DE4BA3,2014-02-19 00:00:00.000
17490,16685,kevin59@adventure-works.com,8ED7EE80-6655-4189-BCBA-F9FFB3E58F2D,2013-12-28 00:00:00.000
17491,16686,valerie7@adventure-works.com,9C8C5E9F-748E-43E2-9503-2393C4E5B4BD,2013-01-22 00:00:00.000
17492,16687,gabriel52@adventure-works.com,3D766518-BD14-4B23-91E7-50608B07B4D2,2014-01-30 00:00:00.000
17493,16688,elijah48@adventure-works.com,1332FF3B-E511-41CA-AB20-46E4FB23B5DA,2014-02-18 00:00:00.000
17494,16689,valerie8@adventure-works.com,ACF4E8DB-B054-47A5-AC15-32F7603217C6,2013-08-12 00:00:00.000
17495,16690,jason49@adventure-works.com,36722CC0-AEBC-4B4E-A57A-59A6A50B3E30,2014-03-13 00:00:00.000
17496,16691,valerie9@adventure-works.com,CB342174-2CF9-4658-AE5C-8FC24F84B62D,2014-01-03 00:00:00.000
17497,16692,valerie10@adventure-works.com,D1BBE31F-0D40-4697-A3AA-07B480B73B9E,2013-01-08 00:00:00.000
17498,16693,luke51@adventure-works.com,82C591E3-2B8A-438B-B705-8C0AB1A28D20,2013-12-28 00:00:00.000
17499,16694,naomi16@adventure-works.com,125B49E1-9660-47D9-8F99-2FB91408F5F3,2014-02-12 00:00:00.000
17500,16695,valerie11@adventure-works.com,905CAA93-B551-4E95-BA55-2F62FB366FC6,2013-08-01 00:00:00.000
17501,16696,valerie12@adventure-works.com,B7DA8B1B-A102-42A3-B837-E31B08F58B89,2013-08-26 00:00:00.000
17502,16697,jordan75@adventure-works.com,EAE3AB58-5FAF-4B21-998C-3B472F9E273E,2014-05-14 00:00:00.000
17503,16698,jack57@adventure-works.com,417064EA-5CDB-42B5-A681-B2D06BE00552,2013-07-07 00:00:00.000
17504,16699,adam51@adventure-works.com,ABC6360D-6FBA-42AE-94FC-FA40A3AF716E,2014-03-03 00:00:00.000
17505,16700,valerie13@adventure-works.com,02632BD1-9D1E-470C-A983-299A146C0E68,2012-10-30 00:00:00.000
17506,16701,eric61@adventure-works.com,C44F0683-8B7E-4506-BE40-C933DA346712,2013-08-15 00:00:00.000
17507,16702,valerie14@adventure-works.com,600401B7-5185-41FD-81C9-31003FF35704,2014-01-11 00:00:00.000
17508,16703,jackson52@adventure-works.com,B989314B-C244-468E-A5A9-8623AEB33008,2014-01-19 00:00:00.000
17509,16704,valerie15@adventure-works.com,4152A356-DB38-4B35-A8C8-593EB99A4D49,2013-10-22 00:00:00.000
17510,16705,gabriel53@adventure-works.com,79B29B3F-D1A0-4299-A132-808424083717,2013-09-08 00:00:00.000
17511,16706,valerie16@adventure-works.com,01E72111-4A25-4991-918A-49149EDB3231,2013-10-01 00:00:00.000
17512,16707,carlos50@adventure-works.com,BCF61C1A-8105-4B8C-ADCE-1F085C184FE2,2013-12-07 00:00:00.000
17513,16708,angel43@adventure-works.com,0678B8FA-B5DE-4DB3-9BEE-3DC889F5F50F,2013-07-08 00:00:00.000
17514,16709,valerie17@adventure-works.com,96CECB77-0883-419C-89CD-5FD209F0C91C,2014-01-15 00:00:00.000
17515,16710,cameron33@adventure-works.com,B02A195D-3241-4648-B738-C4A241848639,2011-06-20 00:00:00.000
17516,16711,cameron34@adventure-works.com,2669A43F-2D02-4C9A-B7D9-F5F23DFED568,2013-09-06 00:00:00.000
17517,16712,valerie18@adventure-works.com,F118C112-0C01-4E33-AA6F-B95A608C911E,2014-04-27 00:00:00.000
17518,16713,valerie19@adventure-works.com,DFB6B876-5120-4542-860E-77E1A7B56301,2014-05-30 00:00:00.000
17519,16714,naomi17@adventure-works.com,4B8CB2FE-C2F7-4034-8927-192C69D22A9D,2011-10-13 00:00:00.000
17520,16715,valerie20@adventure-works.com,6AC4762D-BC7D-427E-BF96-91F6070F7225,2011-11-14 00:00:00.000
17521,16716,isaiah46@adventure-works.com,F7B1D02F-665D-4D38-98D7-22EB84A624DA,2012-07-16 00:00:00.000
17522,16717,valerie21@adventure-works.com,7967B223-75CC-4497-BDE4-D91B72104312,2012-10-05 00:00:00.000
17523,16718,evan47@adventure-works.com,F8295F01-DD71-46F4-B2C1-7ACC8C4269C6,2013-10-08 00:00:00.000
17524,16719,valerie22@adventure-works.com,EE9ABC52-01D3-4AEC-B1D6-0ABA5966C9B0,2013-03-16 00:00:00.000
17525,16720,valerie23@adventure-works.com,200C6B69-5297-419F-80DA-60D18F4B99C8,2014-06-10 00:00:00.000
17526,16721,valerie24@adventure-works.com,9D661E85-A856-4665-B2A3-9A53B9ABCF0C,2013-03-27 00:00:00.000
17527,16722,mason43@adventure-works.com,5B92D0F0-CA5D-476F-BC2C-DFD5FBE73C64,2013-12-23 00:00:00.000
17528,16723,cameron35@adventure-works.com,02E69D03-F174-46C2-BAD9-5E7AB36EB49F,2014-02-06 00:00:00.000
17529,16724,valerie25@adventure-works.com,47DFAE79-2980-4CBC-832B-D1F0B93055D6,2012-03-12 00:00:00.000
17530,16725,cameron36@adventure-works.com,51448F2E-B301-4AB1-8500-F7056970F30A,2014-05-22 00:00:00.000
17531,16726,brittney0@adventure-works.com,078120EF-5636-4FBB-B1B6-BE8F87BCD7A6,2012-03-10 00:00:00.000
17532,16727,brittney1@adventure-works.com,27D93B42-AA21-4487-889C-7E4A37A0C609,2014-03-10 00:00:00.000
17533,16728,brittney2@adventure-works.com,E644643A-98EE-45E6-A0A3-A65C5528F52D,2014-01-05 00:00:00.000
17534,16729,naomi18@adventure-works.com,0AC73FA3-5D78-4451-81E8-68C2EE4C4F0A,2013-02-24 00:00:00.000
17535,16730,brittney3@adventure-works.com,9C5AD275-1F10-4DB6-BBDD-60B670F5ACB8,2014-05-14 00:00:00.000
17536,16731,jesse46@adventure-works.com,45655DDE-90DC-4D8C-A791-DEC715D82A82,2012-07-10 00:00:00.000
17537,16732,elijah49@adventure-works.com,5639B60A-147D-421B-AF46-E00BF1DEB3F4,2013-09-08 00:00:00.000
17538,16733,brittney4@adventure-works.com,A30C75C2-1346-4A95-A832-C8B14B407EDC,2013-10-17 00:00:00.000
17539,16734,brittney5@adventure-works.com,8BBEAC4A-D344-49A4-81D3-6D66C4E81FA9,2012-12-04 00:00:00.000
17540,16735,brittney6@adventure-works.com,0DA3EA07-DB0C-490D-B815-9C66263C3898,2014-04-02 00:00:00.000
17541,16736,james72@adventure-works.com,17CBA56E-BE45-4DA7-A31D-B941CDBEB0AB,2014-02-06 00:00:00.000
17542,16737,brittney7@adventure-works.com,CD14BFAB-C0B9-4C0B-B370-284FC484D9C7,2013-09-03 00:00:00.000
17543,16738,cameron37@adventure-works.com,FD8DB972-A2DC-4A3D-B9A8-8584D23D6A02,2014-03-30 00:00:00.000
17544,16739,brittney8@adventure-works.com,DED3A1D3-5C1D-4B84-9629-306EF59C8FD7,2014-04-06 00:00:00.000
17545,16740,cameron38@adventure-works.com,C87BED33-0E6A-44FF-A419-A80E09F94432,2013-11-09 00:00:00.000
17546,16741,james73@adventure-works.com,4106AB27-BD84-431F-A94C-F4A085FB0260,2013-12-09 00:00:00.000
17547,16742,brittney9@adventure-works.com,BA09BD33-6F8D-4A94-BC75-1434AEFF9766,2014-05-27 00:00:00.000
17548,16743,timothy46@adventure-works.com,FFCCA850-7D10-4C50-ACD3-4CA597538E96,2013-11-17 00:00:00.000
17549,16744,cameron39@adventure-works.com,767A8C84-5D34-47CB-8193-660EA2D2EA2A,2012-02-18 00:00:00.000
17550,16745,brittney10@adventure-works.com,D94135BA-FB40-4530-9A50-D06DE616360C,2013-10-29 00:00:00.000
17551,16746,james74@adventure-works.com,E1310F50-B81D-491D-9408-026F36B1BF03,2014-05-26 00:00:00.000
17552,16747,austin33@adventure-works.com,4CDA3895-1627-49A4-A8EF-D2D8BC70383E,2014-02-02 00:00:00.000
17553,16748,cameron40@adventure-works.com,B9D52F64-BEAC-4FE9-AFF1-A46087B4BC74,2014-04-14 00:00:00.000
17554,16749,cameron41@adventure-works.com,F4836C2C-8935-4228-811B-2BF99D8F96CC,2013-08-06 00:00:00.000
17555,16750,brittney11@adventure-works.com,15A526AF-214B-42C3-87C9-6255D2ABB40C,2013-08-30 00:00:00.000
17556,16751,jason50@adventure-works.com,D73D5FC4-1FF3-49BE-BCC0-B5A8B4CF4F6D,2013-01-05 00:00:00.000
17557,16752,brittney12@adventure-works.com,0D65D9EC-993B-4405-B8C3-5D605FD5C624,2011-10-31 00:00:00.000
17558,16753,jonathan53@adventure-works.com,DCD2107B-1B77-4B91-8668-92E9BF03F58F,2014-05-06 00:00:00.000
17559,16754,luis54@adventure-works.com,64082EA1-C27A-47FE-B926-445DBD50819D,2012-06-04 00:00:00.000
17560,16755,brittney13@adventure-works.com,2844A6C0-F08C-4DD0-8E19-6B757FB67183,2013-11-03 00:00:00.000
17561,16756,aaron55@adventure-works.com,52D6E911-B4DD-4354-BF4E-5AEF99C8B4CC,2012-05-03 00:00:00.000
17562,16757,joan18@adventure-works.com,07455F28-1D48-43CC-8EAF-93B68D3C8C95,2013-12-05 00:00:00.000
17563,16758,caleb51@adventure-works.com,EB70FE25-A23B-405E-85C0-3065D230F6C6,2014-02-05 00:00:00.000
17564,16759,brittney14@adventure-works.com,2BB7C59F-BBBF-4C1C-B8A8-0B3B03FAADC8,2012-07-12 00:00:00.000
17565,16760,connor50@adventure-works.com,671E7917-1D7D-47B1-8EC4-2AA8FC02B27F,2013-10-31 00:00:00.000
17566,16761,brittney15@adventure-works.com,30E67D11-8B87-4E39-BE8D-3DE594BDE6F0,2014-04-02 00:00:00.000
17567,16762,luke52@adventure-works.com,F572CAE7-449B-4109-B381-9D18E68F7CCD,2013-06-14 00:00:00.000
17568,16763,brittney16@adventure-works.com,EACC055E-E86E-4ABD-85E7-AFB81741876D,2014-03-19 00:00:00.000
17569,16764,jordan76@adventure-works.com,358395EC-0636-4E7D-8B78-C421EA72B03E,2014-04-12 00:00:00.000
17570,16765,jonathan54@adventure-works.com,CFA59574-9A86-4A52-8DA2-08529A6F2503,2013-09-20 00:00:00.000
17571,16766,brittney17@adventure-works.com,B21A59B4-FE36-411D-A67B-B7B734CBFFA8,2014-01-30 00:00:00.000
17572,16767,jack58@adventure-works.com,CBE427CF-D1D9-4F5D-9177-A33E02008362,2013-06-27 00:00:00.000
17573,16768,adam52@adventure-works.com,75ECC360-7334-4E22-BAD0-05E9F8D7E289,2012-07-24 00:00:00.000
17574,16769,eric62@adventure-works.com,1120BD31-72F6-432C-A45C-0C7D983BF99D,2014-05-16 00:00:00.000
17575,16770,brittney18@adventure-works.com,34DB8391-234D-40E9-9EBE-BDD15F260CAF,2014-01-11 00:00:00.000
17576,16771,austin34@adventure-works.com,0ADB580C-4C0E-4A6C-AD5A-ABD4065DA580,2014-04-07 00:00:00.000
17577,16772,brittney19@adventure-works.com,6BFCEA28-B24D-412E-88A8-50D6BED7926D,2012-01-23 00:00:00.000
17578,16773,james75@adventure-works.com,55B12266-A7D6-4EE9-AC9A-DD97481449E9,2014-03-04 00:00:00.000
17579,16774,brittney20@adventure-works.com,7CBBC3FC-6F99-432D-9A7D-FAEB38B48FB1,2013-12-07 00:00:00.000
17580,16775,jonathan55@adventure-works.com,FE89FC57-5698-48BF-9EBD-112216DA6602,2014-03-07 00:00:00.000
17581,16776,naomi19@adventure-works.com,30C181DF-306F-4121-88C2-8F6BB96A4F4F,2014-04-11 00:00:00.000
17582,16777,brittney21@adventure-works.com,BCB557EF-7981-42D3-92CC-A74CCC213B8E,2013-07-25 00:00:00.000
17583,16778,james76@adventure-works.com,2D17C636-D25E-48F4-B698-88E6B6F47A3F,2013-09-04 00:00:00.000
17584,16779,brittney22@adventure-works.com,13174A7A-0F0B-49CA-93E4-FD4A088614CE,2012-11-05 00:00:00.000
17585,16780,james77@adventure-works.com,D610A425-A891-49C6-AC08-3E821E241C85,2013-06-11 00:00:00.000
17586,16781,stacey1@adventure-works.com,12C3714F-6F21-4A97-A92C-6133B07430C1,2013-10-04 00:00:00.000
17587,16782,stacey2@adventure-works.com,6EF6AF9F-5037-49C1-A633-CFD22C8EAE5A,2014-05-20 00:00:00.000
17588,16783,logan50@adventure-works.com,0B709CC7-2279-466E-A629-0953FD74C93F,2012-11-11 00:00:00.000
17589,16784,stacey3@adventure-works.com,BF8AD837-F0F8-43DD-A968-A33E9A650967,2013-01-27 00:00:00.000
17590,16785,logan51@adventure-works.com,8EA4DC80-9F3E-4929-9F63-4EE3829E8484,2011-07-10 00:00:00.000
17591,16786,stacey4@adventure-works.com,BA61106D-5178-4064-B198-6215513E9B62,2013-05-17 00:00:00.000
17592,16787,stacey5@adventure-works.com,780143BA-F627-4978-AE82-89299E5EE9B8,2013-01-14 00:00:00.000
17593,16788,stacey6@adventure-works.com,88B61A7E-715B-4CC7-A83F-1BD53B34A2C9,2013-11-20 00:00:00.000
17594,16789,austin35@adventure-works.com,27E66FEA-72AE-4931-8A75-7E2A8C2EA225,2014-01-11 00:00:00.000
17595,16790,stacey7@adventure-works.com,5422B580-38D0-4775-9003-73289F534989,2013-09-24 00:00:00.000
17596,16791,james78@adventure-works.com,AE044A56-CFCB-4A8C-AFB0-91A19D3119C6,2014-04-25 00:00:00.000
17597,16792,naomi20@adventure-works.com,6AAEB6ED-1719-4209-AF42-8CB282BF3480,2013-07-29 00:00:00.000
17598,16793,stacey8@adventure-works.com,44B74FE9-9ED0-4013-B804-2952177D4AD8,2013-06-06 00:00:00.000
17599,16794,james79@adventure-works.com,58C384B7-49B5-4A1F-A9A6-2B91A3987B54,2013-11-23 00:00:00.000
17600,16795,austin36@adventure-works.com,B28192E3-0CDD-4B42-8A32-C99A9849644F,2012-11-14 00:00:00.000
17601,16796,stacey9@adventure-works.com,5837A166-B421-450C-9934-A25B4646CB77,2013-08-11 00:00:00.000
17602,16797,austin37@adventure-works.com,EDF87369-CDC3-4D8A-9815-7DAF6F9FB166,2013-11-25 00:00:00.000
17603,16798,stacey10@adventure-works.com,88F6C4E1-A9A2-4262-9F89-73AF0BEC41A2,2013-07-16 00:00:00.000
17604,16799,james80@adventure-works.com,47D7D57D-4258-468F-B2CE-AF5028A16A70,2013-07-18 00:00:00.000
17605,16800,austin38@adventure-works.com,B97D0E6B-F229-4347-9D1C-FC239AB24E05,2014-01-19 00:00:00.000
17606,16801,stacey11@adventure-works.com,24091E3C-BE76-400C-BBD0-9F88D1562CBC,2013-09-26 00:00:00.000
17607,16802,james81@adventure-works.com,3064EC67-A772-418B-8BDA-BCBD559F185F,2012-01-13 00:00:00.000
17608,16803,stacey12@adventure-works.com,F386C7B3-B35D-4D22-89E5-38AAF43C7B61,2011-06-13 00:00:00.000
17609,16804,stacey13@adventure-works.com,0301AD7C-B461-4A68-BE13-B3839D012F50,2014-01-20 00:00:00.000
17610,16805,stacey14@adventure-works.com,1B9A1680-1758-4A2A-99A4-BA8712B5D18B,2012-11-01 00:00:00.000
17611,16806,james82@adventure-works.com,50C789A8-4326-4B65-9694-23FC5EE571B7,2013-03-14 00:00:00.000
17612,16807,cameron42@adventure-works.com,A9F8B9DA-0B88-494E-8D50-066BC46C0CE8,2014-01-20 00:00:00.000
17613,16808,stacey15@adventure-works.com,B6FD1B38-4D17-46FB-BED4-6B62EB7ADE25,2014-05-25 00:00:00.000
17614,16809,james83@adventure-works.com,28420D52-B1A2-437A-989B-274CB35993D1,2013-11-04 00:00:00.000
17615,16810,james84@adventure-works.com,3CFC8356-FF90-414D-B7D8-DD50B9146782,2012-07-01 00:00:00.000
17616,16811,stacey16@adventure-works.com,ECF5AB67-6CEA-4C49-9FD6-FD148EDCE865,2011-07-03 00:00:00.000
17617,16812,cameron43@adventure-works.com,B498E982-FBC0-4A36-A6B3-EE2BA46397D4,2014-02-13 00:00:00.000
17618,16813,stacey17@adventure-works.com,B246FC80-B337-474B-880A-F5AF4747921C,2013-07-05 00:00:00.000
17619,16814,cameron44@adventure-works.com,DEA1C4D7-90FB-4FBF-83BD-8949BF79A889,2013-09-13 00:00:00.000
17620,16815,stacey18@adventure-works.com,956ACBF4-3830-4AE4-BD5D-36B5B9F593FE,2012-11-30 00:00:00.000
17621,16816,james85@adventure-works.com,1410C5FE-1E0C-4F61-87A9-E483797A4574,2013-11-06 00:00:00.000
17622,16817,jonathan56@adventure-works.com,F737D92B-50D7-4F29-9A03-53DAB50E7504,2013-09-18 00:00:00.000
17623,16818,stacey19@adventure-works.com,CC5E39F8-F157-4B75-AE49-74C0E3D25008,2014-05-17 00:00:00.000
17624,16819,james86@adventure-works.com,7ADEF53A-17FE-4F0B-9AE8-6A530917B480,2013-10-03 00:00:00.000
17625,16820,stacey20@adventure-works.com,F808AB7E-7614-4F64-B0B9-0E7431E19427,2012-11-14 00:00:00.000
17626,16821,james87@adventure-works.com,558EBC48-DB72-46DA-97C9-78B4D9C5DBDE,2013-08-29 00:00:00.000
17627,16822,stacey21@adventure-works.com,8DFC4811-8DC1-4362-8F70-2790994E9B4B,2013-10-12 00:00:00.000
17628,16823,james88@adventure-works.com,AC10F98F-0784-4327-AEF6-23095F2E0057,2014-02-10 00:00:00.000
17629,16824,logan52@adventure-works.com,30ECDAC6-8750-415E-A2E1-7FBACA18A306,2013-11-04 00:00:00.000
17630,16825,stacey22@adventure-works.com,CA319A7D-1E2D-41CC-B51C-10CD47FFE9DD,2012-05-12 00:00:00.000
17631,16826,stacey23@adventure-works.com,4ADD8627-93FA-4CE8-B21D-BC85BFCF2F03,2014-01-12 00:00:00.000
17632,16827,cameron45@adventure-works.com,9EEB91E3-B41B-41B7-A824-CB5B663885DD,2013-09-04 00:00:00.000
17633,16828,stacey24@adventure-works.com,CA404A55-6896-4F53-9AFC-D37A636685FE,2013-01-11 00:00:00.000
17634,16829,james89@adventure-works.com,6F0D18A4-8D54-4B35-B048-46229443B23E,2014-01-01 00:00:00.000
17635,16830,sandra6@adventure-works.com,D86FBFAD-B3D0-4F26-8B28-0D4622B78D4B,2014-05-13 00:00:00.000
17636,16831,james90@adventure-works.com,007EC4BE-55A5-4E6C-BD79-0B1C93CD38D2,2013-09-11 00:00:00.000
17637,16832,james91@adventure-works.com,4CFBECE3-E088-4142-96D0-FAD4F427E373,2014-03-21 00:00:00.000
17638,16833,sandra7@adventure-works.com,0C8F6AB6-4BAC-4E38-8DCF-DEB7E74723AE,2013-10-19 00:00:00.000
17639,16834,james92@adventure-works.com,ED5BDB40-F0B2-4771-ADAB-A107580E9C0B,2013-10-06 00:00:00.000
17640,16835,naomi21@adventure-works.com,5D26D0D9-BACE-45EE-A646-1C9BE4BA063B,2013-07-19 00:00:00.000
17641,16836,sandra8@adventure-works.com,3DE46763-F8DE-451E-B3CA-8AFBA9DF2ECA,2012-07-25 00:00:00.000
17642,16837,jonathan57@adventure-works.com,4CD57091-B87D-482D-9139-3FD680B556D7,2012-12-22 00:00:00.000
17643,16838,sandra9@adventure-works.com,74D90763-5D69-4496-994A-3F4560A4F630,2011-07-26 00:00:00.000
17644,16839,james93@adventure-works.com,E2DC8D88-00F5-47D8-B935-68B86D6E3B16,2013-07-28 00:00:00.000
17645,16840,sandra10@adventure-works.com,38647E5E-2765-4B23-9ACD-E7B33189414C,2013-10-13 00:00:00.000
17646,16841,cameron46@adventure-works.com,9B959296-7C27-48A0-AC2D-9E0032207A33,2013-08-29 00:00:00.000
17647,16842,sandra11@adventure-works.com,15A95699-920E-43E2-9987-7228D8A20F23,2013-06-30 00:00:00.000
17648,16843,jonathan58@adventure-works.com,34AEB40D-304F-4F5D-9E91-9E3E72EF37A3,2013-10-12 00:00:00.000
17649,16844,sandra12@adventure-works.com,5B9C0899-0AE9-47DD-AE96-82FB2AAFE796,2011-06-24 00:00:00.000
17650,16845,cameron47@adventure-works.com,6464DFBA-BE6F-4E94-8AF5-1F2715D6B797,2014-04-16 00:00:00.000
17651,16846,cameron48@adventure-works.com,CC8940AD-CC30-49CE-B4F5-E913FBD48E88,2012-03-09 00:00:00.000
17652,16847,sandra13@adventure-works.com,AF011AA6-0C3C-4126-90F7-79D43B1AD21B,2014-06-04 00:00:00.000
17653,16848,cameron49@adventure-works.com,2155B8F5-2FCA-4237-8332-A5ED25A7BD05,2014-01-08 00:00:00.000
17654,16849,sandra14@adventure-works.com,07D6C8A6-1BFE-4FD7-8AA0-E0F7AC3F3749,2013-02-26 00:00:00.000
17655,16850,james94@adventure-works.com,F3374F22-4B85-47F6-9C91-37930C31AB05,2014-03-16 00:00:00.000
17656,16851,sandra15@adventure-works.com,C986B478-6ECB-460D-951A-98AD7FA042FA,2014-06-03 00:00:00.000
17657,16852,cameron50@adventure-works.com,FE972784-1E91-4C7E-A48A-EB5747B2D27C,2012-10-18 00:00:00.000
17658,16853,james95@adventure-works.com,1E892DFC-99FB-4C35-8840-D664E4E8297A,2013-07-24 00:00:00.000
17659,16854,sandra16@adventure-works.com,24EC9CED-B62E-4E00-BDEA-5B39A83A565E,2014-03-24 00:00:00.000
17660,16855,sandra17@adventure-works.com,656B73C8-1263-4E1D-8634-939507C9BA34,2014-02-09 00:00:00.000
17661,16856,clarence37@adventure-works.com,878C2B5D-1032-492B-AF76-A6C8617A6676,2012-09-23 00:00:00.000
17662,16857,sandra18@adventure-works.com,EEDBACC0-E104-49B4-875D-4206388A721C,2012-11-22 00:00:00.000
17663,16858,jonathan59@adventure-works.com,FE91E263-3440-461C-9E02-287C42A9625E,2014-06-07 00:00:00.000
17664,16859,james96@adventure-works.com,C9383436-025B-49A0-BE6F-270562872B9B,2012-04-19 00:00:00.000
17665,16860,sandra19@adventure-works.com,DF4744C7-377B-4661-94FC-D18B7278EADF,2013-08-31 00:00:00.000
17666,16861,sandra20@adventure-works.com,538E9C8F-6920-45C4-AB2A-B0B155F7FA71,2014-03-11 00:00:00.000
17667,16862,logan53@adventure-works.com,44CFD73B-B3D9-43D2-9E28-063A524BAB62,2013-09-06 00:00:00.000
17668,16863,sandra21@adventure-works.com,879CD344-476E-4B02-B0CA-87B4F90F33AE,2013-05-14 00:00:00.000
17669,16864,sandra22@adventure-works.com,2BCA579B-5101-487E-8D21-8CA67BA041A8,2014-04-27 00:00:00.000
17670,16865,jonathan60@adventure-works.com,55DB1FF2-68B6-411B-8DB9-60DAF0218A28,2012-05-23 00:00:00.000
17671,16866,jonathan61@adventure-works.com,8C63D48D-B741-4282-9C64-E9F2E6CCB2B6,2013-09-01 00:00:00.000
17672,16867,sandra23@adventure-works.com,D76793C0-6B0D-46DD-8673-6BDA688265C0,2013-07-30 00:00:00.000
17673,16868,sandra24@adventure-works.com,7DE0F8C0-E50F-4854-9AC4-662D8B556213,2013-08-30 00:00:00.000
17674,16869,jonathan62@adventure-works.com,01D304F1-4772-4181-8B45-46F400962927,2012-05-11 00:00:00.000
17675,16870,sandra25@adventure-works.com,E0AF3593-8BB0-4E83-8402-A5FE1F82F613,2013-02-13 00:00:00.000
17676,16871,nathan51@adventure-works.com,F364621A-C7BB-40FC-B4E7-02C47D419773,2011-10-24 00:00:00.000
17677,16872,samuel53@adventure-works.com,CCFD72D5-485A-4E0F-AA6D-FB00B7578628,2013-07-30 00:00:00.000
17678,16873,sandra26@adventure-works.com,9C15AA42-AA5C-4002-9500-69FEA62840BC,2014-04-19 00:00:00.000
17679,16874,sandra27@adventure-works.com,07406A6D-0AD7-47EF-93EF-41FC1ADCBC5B,2014-02-12 00:00:00.000
17680,16875,logan54@adventure-works.com,4DF29BE0-839B-4AAD-A9BD-BD9EF54900A6,2013-03-07 00:00:00.000
17681,16876,nathan52@adventure-works.com,3C32E519-6F6A-4FFA-BEBB-A17EE33DFABC,2012-10-20 00:00:00.000
17682,16877,sandra28@adventure-works.com,43E3386B-1141-4C4B-819E-8D2DEDC1E0AA,2014-05-19 00:00:00.000
17683,16878,logan55@adventure-works.com,52EA98EA-4C48-43BF-B1D7-2E71E8020978,2014-04-16 00:00:00.000
17684,16879,jonathan63@adventure-works.com,6D67D3C9-7496-4327-9069-330FD2D84374,2014-01-07 00:00:00.000
17685,16880,nathan53@adventure-works.com,2627A855-E4B3-4B8D-BAA4-64D974E4F4C5,2014-03-28 00:00:00.000
17686,16881,jonathan64@adventure-works.com,74D5AB6F-063F-4719-B9B7-2DCEF509EA9E,2013-12-28 00:00:00.000
17687,16882,sandra29@adventure-works.com,DACFF523-40BF-4B00-BC20-FE567818CCF6,2013-06-24 00:00:00.000
17688,16883,logan56@adventure-works.com,143245DF-8961-4967-A717-8CFB17B3062C,2014-03-20 00:00:00.000
17689,16884,nathan54@adventure-works.com,95716E2E-C17D-4643-8724-F6F2DC359A2D,2013-08-24 00:00:00.000
17690,16885,samuel54@adventure-works.com,37CD7296-B42B-457B-854E-484E89CC1246,2013-10-28 00:00:00.000
17691,16886,jonathan65@adventure-works.com,25F83485-7A39-4D82-9113-2038A42CAB07,2012-11-09 00:00:00.000
17692,16887,margaret7@adventure-works.com,5FA4FE67-2ADA-4FB3-9AE2-2C2B2E91F552,2013-10-01 00:00:00.000
17693,16888,jonathan66@adventure-works.com,F604581F-5240-4FEF-A704-2308BBD703B2,2013-09-04 00:00:00.000
17694,16889,margaret8@adventure-works.com,E240D6CF-DBF3-4649-813B-ECBB5C493E61,2014-01-28 00:00:00.000
17695,16890,jonathan67@adventure-works.com,E136A861-3AA8-4E71-ADE5-F97CECC94BEE,2013-10-21 00:00:00.000
17696,16891,nathan55@adventure-works.com,4035D993-3EEE-4164-A827-92157384A479,2013-07-24 00:00:00.000
17697,16892,margaret9@adventure-works.com,2D3F072A-ABD3-4529-858F-60AD16A430EA,2013-11-24 00:00:00.000
17698,16893,margaret10@adventure-works.com,560E21C2-EE75-4707-B3CC-D4B32E93BC8B,2013-05-11 00:00:00.000
17699,16894,jonathan68@adventure-works.com,6531483F-51CA-497B-A421-724AF980AD25,2013-07-18 00:00:00.000
17700,16895,jonathan69@adventure-works.com,7E2BFAFE-6F1E-4A70-883C-29215D605A74,2013-01-04 00:00:00.000
17701,16896,margaret11@adventure-works.com,24AE602C-8DC8-4F4E-BC73-A24EEEB492B5,2013-09-21 00:00:00.000
17702,16897,clarence38@adventure-works.com,B02C07F5-D97D-4309-A985-DABA68F09F29,2013-09-19 00:00:00.000
17703,16898,margaret12@adventure-works.com,DC4FEBE6-09BC-4F2A-A965-1867EB78BE81,2013-07-15 00:00:00.000
17704,16899,nathan56@adventure-works.com,6D199FB1-B444-4037-9426-40B9F3F8BD22,2013-11-01 00:00:00.000
17705,16900,margaret13@adventure-works.com,67B7196E-50BE-415F-B95C-F8A6ED780DAA,2013-08-29 00:00:00.000
17706,16901,jonathan70@adventure-works.com,9946E026-0D50-4C4A-A946-4E9445B2F1C3,2013-08-12 00:00:00.000
17707,16902,jonathan71@adventure-works.com,54D215BD-41FA-4A48-AC1B-18A9C0FDBE96,2013-10-03 00:00:00.000
17708,16903,samuel55@adventure-works.com,BA71A835-FE8A-4AC1-A220-EB77F38CFB9D,2014-05-31 00:00:00.000
17709,16904,nathan57@adventure-works.com,93C412CD-B23C-4C8D-A872-FE88E65A085B,2013-06-14 00:00:00.000
17710,16905,margaret14@adventure-works.com,75C01E8A-8FCB-4FB7-82EA-9D17461EFA9B,2013-11-15 00:00:00.000
17711,16906,margaret15@adventure-works.com,284E50D7-57DC-4E50-897C-F93354F7E1C3,2014-02-22 00:00:00.000
17712,16907,jonathan72@adventure-works.com,C0710DF6-CEB7-4D46-AF46-F82B5D81523F,2013-07-21 00:00:00.000
17713,16908,jonathan73@adventure-works.com,59C5E3F8-443E-4C72-8CB2-9E00BA8765C8,2013-01-25 00:00:00.000
17714,16909,margaret16@adventure-works.com,E59479C2-9339-4E05-A9E5-6A65E5539B3D,2014-03-03 00:00:00.000
17715,16910,nathan58@adventure-works.com,DF10998D-EF7B-4CC1-B175-FEBB594619A6,2013-10-30 00:00:00.000
17716,16911,margaret17@adventure-works.com,A6520DF4-F21D-4EFA-BEDF-A3A7E964AFB2,2012-05-18 00:00:00.000
17717,16912,jonathan74@adventure-works.com,59D150DD-CC78-4836-8AC4-53B64556EABF,2013-08-19 00:00:00.000
17718,16913,margaret18@adventure-works.com,F3FBA1DB-E2EB-47C4-B9EE-22FCB0C9EF4B,2012-10-28 00:00:00.000
17719,16914,nathan59@adventure-works.com,2F5B2645-7FC3-4F2B-BE07-01C8CDD04B6D,2013-09-10 00:00:00.000
17720,16915,jonathan75@adventure-works.com,3A11335A-2255-46FF-9D92-2D57F1086ACC,2014-01-29 00:00:00.000
17721,16916,margaret19@adventure-works.com,DD4E9C40-757F-4D37-BF33-4C3997CC80D2,2014-04-06 00:00:00.000
17722,16917,margaret20@adventure-works.com,BE193FBB-8973-4E0E-ABC9-FA9E7402E73A,2013-08-12 00:00:00.000
17723,16918,jonathan76@adventure-works.com,D617FFBC-C05D-4D00-B6BF-F1A1AEED0381,2014-04-21 00:00:00.000
17724,16919,clarence39@adventure-works.com,E3A2B70C-A114-43D6-8068-B7C5AAB2BBAE,2013-10-16 00:00:00.000
17725,16920,margaret21@adventure-works.com,46C9D2E9-0197-4389-ADD7-6F9787745536,2014-03-26 00:00:00.000
17726,16921,margaret22@adventure-works.com,92888ABA-1508-41ED-B3CA-05B97812BF13,2012-11-21 00:00:00.000
17727,16922,margaret23@adventure-works.com,FCBD865E-3A7C-488D-8E7E-1EF3EEDE3F52,2013-07-23 00:00:00.000
17728,16923,samuel56@adventure-works.com,663A8459-CC8B-4066-B89B-FEF85471F420,2013-10-02 00:00:00.000
17729,16924,margaret24@adventure-works.com,168CBF31-D7DE-41CE-A227-11F42B23775C,2012-12-31 00:00:00.000
17730,16925,jonathan77@adventure-works.com,5A7FDE59-A486-41FF-9CC6-520F99B2DCF2,2013-09-07 00:00:00.000
17731,16926,margaret25@adventure-works.com,5B366E32-ECF1-46A4-B6D2-E79C6D99E9F8,2011-11-03 00:00:00.000
17732,16927,margaret26@adventure-works.com,11C1A3AF-F48D-4894-83D2-43553B7C83C1,2012-07-18 00:00:00.000
17733,16928,nathan60@adventure-works.com,88A2917C-2538-4A85-8D5E-BC27D4E94915,2014-05-27 00:00:00.000
17734,16929,samuel57@adventure-works.com,02230A03-9865-439B-81F7-114682DDC878,2014-01-04 00:00:00.000
17735,16930,zachary28@adventure-works.com,6340EB67-05F5-4261-B20F-52E967860A43,2013-11-05 00:00:00.000
17736,16931,logan57@adventure-works.com,11466C3B-D2DD-46F9-B56D-C32E3313CF6A,2013-09-01 00:00:00.000
17737,16932,margaret27@adventure-works.com,725C8E89-705A-4924-93B4-7621789CC4E1,2014-03-23 00:00:00.000
17738,16933,margaret28@adventure-works.com,28ADA3F8-1F38-4E44-8A67-B3CDD0E2503E,2014-03-07 00:00:00.000
17739,16934,logan58@adventure-works.com,3D702141-A5E6-4167-A0DE-8DEFA51DB79D,2012-04-22 00:00:00.000
17740,16935,clarence40@adventure-works.com,DC9CC619-6969-4501-B136-FE3E28516C4C,2012-02-10 00:00:00.000
17741,16936,susan10@adventure-works.com,101C6CDF-F669-4097-922E-4B676DC65C84,2013-07-26 00:00:00.000
17742,16937,susan11@adventure-works.com,7E2869DF-8F37-4AC3-921C-F1726DA57E72,2014-04-13 00:00:00.000
17743,16938,susan12@adventure-works.com,D84F8DD5-EE58-44ED-B369-DB77AF3C6490,2013-08-13 00:00:00.000
17744,16939,logan59@adventure-works.com,0485C8FD-4223-43FB-A1FA-58FBED7537F1,2013-07-11 00:00:00.000
17745,16940,susan13@adventure-works.com,3CFDB822-6460-487C-A569-6E4AAE36CEF0,2011-12-30 00:00:00.000
17746,16941,susan14@adventure-works.com,FF3C7A8A-68F9-44C3-B27E-2D62899966C2,2014-03-17 00:00:00.000
17747,16942,samuel58@adventure-works.com,F5E97FD9-63E9-4BE8-A9E4-A819595DF02E,2013-09-08 00:00:00.000
17748,16943,susan15@adventure-works.com,A6BE30B8-C8F5-499B-9259-A524191AC447,2014-05-24 00:00:00.000
17749,16944,susan16@adventure-works.com,D5FA5C4D-4283-49FC-8102-45E2424B80E8,2013-10-21 00:00:00.000
17750,16945,samuel59@adventure-works.com,1C420114-61C2-4B68-A3D8-CBD25364D992,2013-10-31 00:00:00.000
17751,16946,samuel60@adventure-works.com,52FAFBC3-492E-4B4F-8079-81130E966E83,2013-08-08 00:00:00.000
17752,16947,susan17@adventure-works.com,B953982E-A72E-4DA4-B460-33B063441F6F,2013-12-30 00:00:00.000
17753,16948,logan60@adventure-works.com,9E489905-4ABF-4907-B20D-96D1EC1B6325,2013-09-24 00:00:00.000
17754,16949,susan18@adventure-works.com,AEA79612-7C2C-4C9D-BAAF-C3E9375417D9,2013-02-08 00:00:00.000
17755,16950,logan61@adventure-works.com,21118EC2-C9B8-4062-8C60-29C8CB08A9BF,2013-07-06 00:00:00.000
17756,16951,clarence41@adventure-works.com,D9B289E6-12DA-4ED3-B29B-784E9240BC09,2013-03-28 00:00:00.000
17757,16952,susan19@adventure-works.com,C5438D76-2537-46E5-8A79-098A6CEBC98A,2013-07-02 00:00:00.000
17758,16953,logan62@adventure-works.com,9DA77661-06D0-4789-9DD9-A666BE936CCE,2013-07-03 00:00:00.000
17759,16954,samuel61@adventure-works.com,C2A3BA72-D39E-41D7-8DBC-755C59708126,2014-02-04 00:00:00.000
17760,16955,susan20@adventure-works.com,D36AF3DF-04E6-49B2-931A-B1326819E445,2014-04-29 00:00:00.000
17761,16956,susan21@adventure-works.com,79CDFD16-9A6D-4BC7-A138-D942D3E8F707,2014-03-31 00:00:00.000
17762,16957,logan63@adventure-works.com,8E50F89A-9370-475F-A090-528964D08EE7,2014-01-23 00:00:00.000
17763,16958,samuel62@adventure-works.com,4244BECC-9B84-402F-A5AD-943611F292DF,2014-04-15 00:00:00.000
17764,16959,susan22@adventure-works.com,3112AF40-F595-4505-B1F9-B3819D0509DA,2014-02-04 00:00:00.000
17765,16960,logan64@adventure-works.com,F6E825D0-24BB-4FAA-AA7F-A582C8CD7465,2013-11-11 00:00:00.000
17766,16961,logan65@adventure-works.com,2F5E7509-5B57-4318-9B16-3DAA1CEFA285,2013-10-12 00:00:00.000
17767,16962,susan23@adventure-works.com,B6D8AB36-9AE5-4A83-843E-29044A8B8862,2014-05-11 00:00:00.000
17768,16963,logan66@adventure-works.com,73BC4494-BA8A-4B60-9243-788B1CAFF2EA,2013-08-29 00:00:00.000
17769,16964,susan24@adventure-works.com,AEE47C9F-5489-4233-B772-91203B546120,2013-11-03 00:00:00.000
17770,16965,logan67@adventure-works.com,B82BD635-9D50-4D31-AF49-4BC26BE3306F,2014-01-06 00:00:00.000
17771,16966,susan25@adventure-works.com,1D099FE4-CD63-473B-9310-E7CD67DB3763,2013-05-20 00:00:00.000
17772,16967,susan26@adventure-works.com,04C4B9CD-8611-4903-BF36-CDC5DABDE906,2013-05-12 00:00:00.000
17773,16968,samuel63@adventure-works.com,ADC5AE24-D92D-4098-AA18-9A17A69BDF62,2013-10-18 00:00:00.000
17774,16969,susan27@adventure-works.com,C1F322ED-31AC-4312-9C19-23511075F2F7,2012-07-30 00:00:00.000
17775,16970,zachary29@adventure-works.com,930FFF0D-823D-4D3B-998C-4EF32EE1E6CA,2014-04-30 00:00:00.000
17776,16971,susan28@adventure-works.com,16109074-48B1-4B28-804E-C14431C22762,2013-07-18 00:00:00.000
17777,16972,abby3@adventure-works.com,A304E2BF-B619-40D2-A0C4-F3CA82F33FC6,2013-06-15 00:00:00.000
17778,16973,susan29@adventure-works.com,F18979C4-16A9-48F2-A171-09D5B42F1EBD,2013-05-10 00:00:00.000
17779,16974,susan30@adventure-works.com,BE2FC314-1237-47BA-88F2-32EA8EEE5662,2014-03-22 00:00:00.000
17780,16975,susan31@adventure-works.com,81D4ED55-BBEA-4B24-BE3A-529405CB8F29,2013-05-14 00:00:00.000
17781,16976,nathan61@adventure-works.com,E1E979B6-AEE6-4C8A-B908-2C3CD7ECBA96,2013-09-09 00:00:00.000
17782,16977,susan32@adventure-works.com,15D293AC-DEBA-4E97-8A68-6C0BE3604792,2013-12-18 00:00:00.000
17783,16978,susan33@adventure-works.com,C92F90C2-88B3-4089-B828-A487D1DB9533,2014-04-19 00:00:00.000
17784,16979,logan68@adventure-works.com,D1F1617F-CF4F-4D8B-B6FD-A6234CABD29E,2012-06-04 00:00:00.000
17785,16980,zachary30@adventure-works.com,5BA9C464-EE54-4282-BA3D-E34A1C15DBE2,2014-02-20 00:00:00.000
17786,16981,susan34@adventure-works.com,65F5A453-0A11-4966-ABAB-E78BDDA6670B,2012-02-26 00:00:00.000
17787,16982,ethan29@adventure-works.com,5769F1C5-81C2-4AA5-922C-8912A0159DD0,2013-08-20 00:00:00.000
17788,16983,candice8@adventure-works.com,487CEE95-4B2B-4718-8E27-C48EB25E82E6,2013-10-01 00:00:00.000
17789,16984,candice9@adventure-works.com,FA287511-029E-42BA-BA67-6C1CEDE1E310,2013-04-29 00:00:00.000
17790,16985,sam3@adventure-works.com,FD843065-EF9E-452C-B9FC-B78C69EB1138,2012-05-09 00:00:00.000
17791,16986,candice10@adventure-works.com,020B9527-B3C4-48C7-B4DB-81ED3FAD1604,2013-10-28 00:00:00.000
17792,16987,nathan62@adventure-works.com,97971C06-4E98-4A68-8E7D-C7B61CC080CB,2012-07-18 00:00:00.000
17793,16988,logan69@adventure-works.com,7530983A-71E5-482E-95EC-011E1C815FFF,2014-05-13 00:00:00.000
17794,16989,candice11@adventure-works.com,7D099EE7-191D-4904-A262-123D761F5A59,2013-07-05 00:00:00.000
17795,16990,nathan63@adventure-works.com,9168EFB6-2532-4847-9D1B-089137AA95A8,2014-05-22 00:00:00.000
17796,16991,ethan30@adventure-works.com,8243856F-BFC6-4A96-93DD-A54D97745D13,2014-05-26 00:00:00.000
17797,16992,logan70@adventure-works.com,9A7C9781-938E-4FD2-BF61-3ECCDA1323CD,2014-06-02 00:00:00.000
17798,16993,candice12@adventure-works.com,3E232193-92E1-45F5-9474-BF282C6A882D,2014-03-11 00:00:00.000
17799,16994,logan71@adventure-works.com,94E440A8-91FC-4A81-9754-FD36AEF5BE65,2012-02-04 00:00:00.000
17800,16995,candice13@adventure-works.com,1E895663-450A-4BCD-B017-152BFD6C8AC3,2013-04-20 00:00:00.000
17801,16996,candice14@adventure-works.com,6755208A-5C2B-4090-B27E-906D934FE718,2013-09-27 00:00:00.000
17802,16997,candice15@adventure-works.com,B1A539EB-77AB-418E-A520-54B29A38178B,2013-09-29 00:00:00.000
17803,16998,logan72@adventure-works.com,795C4578-44DD-4DDC-8A2F-5C655751E8EB,2013-05-29 00:00:00.000
17804,16999,candice16@adventure-works.com,9C35E007-4C35-4D0D-BCE5-93FCC650CD99,2013-07-20 00:00:00.000
17805,17000,candice17@adventure-works.com,661E2F24-7B2E-4552-AEC4-68F11F38EB03,2014-02-22 00:00:00.000
17806,17001,candice18@adventure-works.com,3B034773-06CC-4FE8-A8CC-57EB268A5953,2014-05-11 00:00:00.000
17807,17002,samuel64@adventure-works.com,F8B24E19-9E45-4388-B104-50C72B9C78F0,2013-11-13 00:00:00.000
17808,17003,ethan31@adventure-works.com,077556E0-9DB3-4F0B-A05B-CECC1704EF18,2012-04-11 00:00:00.000
17809,17004,nathan64@adventure-works.com,C1F14EE1-8010-42E0-85AF-D1272F4D5DE4,2012-12-12 00:00:00.000
17810,17005,abby4@adventure-works.com,13D8F459-3A6D-4EA9-95F1-641F1B4A1BA1,2011-09-29 00:00:00.000
17811,17006,candice19@adventure-works.com,95BBCF36-5161-4EB7-8059-04BC551BF519,2012-01-01 00:00:00.000
17812,17007,nathan65@adventure-works.com,4973D96B-E9CE-43E3-B1C1-DBA5BB0540B2,2013-10-23 00:00:00.000
17813,17008,candice20@adventure-works.com,E902D3FF-7F9A-49EA-A7FE-7922FAD9201F,2012-07-23 00:00:00.000
17814,17009,nathan66@adventure-works.com,7FBD00B4-6CF1-42D2-B63E-61499066FD76,2013-07-17 00:00:00.000
17815,17010,nathan67@adventure-works.com,E2095E87-BA07-42A7-ABEE-8A98984DBBE4,2012-10-07 00:00:00.000
17816,17011,candice21@adventure-works.com,812AB996-BB71-4E63-A5C7-B4EFF4FC816D,2014-02-13 00:00:00.000
17817,17012,samuel65@adventure-works.com,E7FCF6FE-F327-4D4B-8082-2B8B9ADCD928,2014-03-18 00:00:00.000
17818,17013,candice22@adventure-works.com,E40363C7-878C-4086-A4EF-5442AF2BEF17,2013-04-03 00:00:00.000
17819,17014,dana1@adventure-works.com,6902F996-C626-4710-80FB-C3A076DF5D0E,2014-03-21 00:00:00.000
17820,17015,dana2@adventure-works.com,B32B38D7-9C84-46A3-940A-326353E419C0,2013-07-03 00:00:00.000
17821,17016,dana3@adventure-works.com,BC01ABD8-7FE4-412E-9408-9C60C6ACEAC1,2014-02-16 00:00:00.000
17822,17017,nathan68@adventure-works.com,C9AA27D5-02F6-434C-B22D-12FE89EBC11F,2013-10-12 00:00:00.000
17823,17018,ethan32@adventure-works.com,FC936DCD-7AE9-4C13-A11F-DD1E47BB24DF,2012-04-21 00:00:00.000
17824,17019,dana4@adventure-works.com,FEAFC24C-AA73-49DE-BDA4-0EFFB4CAD83B,2014-04-25 00:00:00.000
17825,17020,dana5@adventure-works.com,6BEAD1BA-B79A-41FE-855F-90788A4F3A65,2012-06-20 00:00:00.000
17826,17021,nathan69@adventure-works.com,DBEBAC7D-81E9-4011-AE7B-4115A06CB206,2014-06-02 00:00:00.000
17827,17022,dana6@adventure-works.com,4EBC7C47-3054-4A4F-83E1-3F70C1566504,2013-06-24 00:00:00.000
17828,17023,dana7@adventure-works.com,6EA47DED-CF1F-4509-A242-DAEE6F2B36F8,2013-09-30 00:00:00.000
17829,17024,dana8@adventure-works.com,39CE23EB-5D9D-4796-A351-6B73F1926B9F,2013-12-10 00:00:00.000
17830,17025,dana9@adventure-works.com,EFB9BE37-59F7-49E4-BC2C-051493DD70A8,2013-08-25 00:00:00.000
17831,17026,dana10@adventure-works.com,B0164B2C-2BBC-4FC0-9FD2-362739B456E8,2012-03-09 00:00:00.000
17832,17027,dana11@adventure-works.com,C1DFA6A2-80C7-4191-AD1A-B8B6B2F21A2F,2013-08-15 00:00:00.000
17833,17028,samuel66@adventure-works.com,2EA2A098-8991-4ABA-95B4-629AAA6565B9,2013-11-03 00:00:00.000
17834,17029,ethan33@adventure-works.com,5964E67A-6676-4AAD-97CB-65735220F32A,2012-09-11 00:00:00.000
17835,17030,dana12@adventure-works.com,68912E8C-8AC5-478F-B33E-C353A9A125B4,2013-01-03 00:00:00.000
17836,17031,dana13@adventure-works.com,640A43A4-F13C-4AF2-B062-CA79847883DF,2013-06-01 00:00:00.000
17837,17032,nathan70@adventure-works.com,DF9EA59F-DAE8-461F-9B72-11626202BCC0,2013-11-23 00:00:00.000
17838,17033,nathan71@adventure-works.com,E322C745-1D1E-4F3F-B688-FAA0E51B715D,2013-12-17 00:00:00.000
17839,17034,dana14@adventure-works.com,4A04EEFF-69E1-489D-AEB8-F7842B4B322B,2013-04-01 00:00:00.000
17840,17035,nathan72@adventure-works.com,175C7028-4C84-4D9F-B301-44880B0EC81C,2013-03-29 00:00:00.000
17841,17036,nathan73@adventure-works.com,D2FA8B3F-8998-4126-9C13-3637571FA15F,2014-01-17 00:00:00.000
17842,17037,dana15@adventure-works.com,4968AD74-3459-42CF-8F67-B902AD807F68,2014-06-23 00:00:00.000
17843,17038,nathan74@adventure-works.com,E430C486-F082-444E-998A-80CD05B412CF,2013-09-24 00:00:00.000
17844,17039,samuel67@adventure-works.com,C473C895-2C37-47C0-8851-D753B7AF113A,2014-06-23 00:00:00.000
17845,17040,samuel68@adventure-works.com,ACE23872-D58F-4949-A887-FEB663DDCAA5,2014-05-26 00:00:00.000
17846,17041,kelvin29@adventure-works.com,1CC3DCD9-7232-409B-9B73-DE4D7B65D746,2014-05-04 00:00:00.000
17847,17042,abby5@adventure-works.com,0709F6A3-C866-487D-9480-3F01CF749D63,2012-02-03 00:00:00.000
17848,17043,carrie0@adventure-works.com,D1B86530-3105-4B82-A94E-1A7B89FDC83C,2014-02-21 00:00:00.000
17849,17044,carrie1@adventure-works.com,DC1DAD80-8889-41DF-99EA-D2C889788EDD,2013-07-17 00:00:00.000
17850,17045,samuel69@adventure-works.com,C29C5CF2-575A-4364-AA03-A4B929F00AA6,2013-05-28 00:00:00.000
17851,17046,ethan34@adventure-works.com,23C09DF8-E30A-4159-8108-A493CD85B69D,2013-10-21 00:00:00.000
17852,17047,carrie2@adventure-works.com,28AB3770-FB88-419D-B42B-4C82D8DF3317,2013-08-28 00:00:00.000
17853,17048,ryan36@adventure-works.com,B518344E-450C-42FC-889A-0C8E5A7D66AE,2014-04-01 00:00:00.000
17854,17049,carrie3@adventure-works.com,A7F2EF0A-9C11-4D54-957A-C2C6DC6E3849,2012-04-23 00:00:00.000
17855,17050,carrie4@adventure-works.com,908C68A4-EB5A-4946-B913-2C0FA9958419,2012-12-23 00:00:00.000
17856,17051,samuel70@adventure-works.com,4AA77529-8842-4C74-B068-0DC3187397D0,2013-08-02 00:00:00.000
17857,17052,carrie5@adventure-works.com,52D2B25A-CBCD-48CE-AD95-2E5F868B438C,2014-04-29 00:00:00.000
17858,17053,carrie6@adventure-works.com,07A1ACE2-C67B-40C1-AC9B-420D36C32844,2014-03-10 00:00:00.000
17859,17054,ethan35@adventure-works.com,CCE0D7CB-2CE4-474B-A4C0-D79FDA13C37F,2013-07-14 00:00:00.000
17860,17055,carrie7@adventure-works.com,7796D345-9119-428D-851E-C6D8D9044BD2,2014-06-30 00:00:00.000
17861,17056,ethan36@adventure-works.com,C4130744-51F9-4559-BB16-5DCE8A051042,2012-12-30 00:00:00.000
17862,17057,carrie8@adventure-works.com,775BF326-DA7C-4C5E-A25E-51DD1F0FD270,2012-08-02 00:00:00.000
17863,17058,ethan37@adventure-works.com,1D4DA2A7-E3A2-4898-9959-4A323D7479F0,2013-10-20 00:00:00.000
17864,17059,carrie9@adventure-works.com,0335B143-F400-4EE5-AB41-F2180728FAC9,2013-11-06 00:00:00.000
17865,17060,justin29@adventure-works.com,2CA60CCB-3CA0-4A6C-BAE5-BA0E53B50521,2011-10-01 00:00:00.000
17866,17061,samuel71@adventure-works.com,5FF28DCA-505F-4A5A-AAA8-0EE5E0464723,2014-01-02 00:00:00.000
17867,17062,abby6@adventure-works.com,5B2DD82F-7E5D-48BD-8A79-477DE70A10A1,2014-05-02 00:00:00.000
17868,17063,carrie10@adventure-works.com,7498D434-2DB9-4BD1-9E62-D3C8EA9EB061,2014-02-01 00:00:00.000
17869,17064,carrie11@adventure-works.com,5088F22C-0ED5-4920-9211-EDDE07C04F8D,2013-09-03 00:00:00.000
17870,17065,carrie12@adventure-works.com,980B4A24-1EF8-4756-A8EC-9ACFBAC3B3A7,2011-07-05 00:00:00.000
17871,17066,carrie13@adventure-works.com,47A488BD-3C6C-4EFE-B36B-699C3D87614B,2014-03-09 00:00:00.000
17872,17067,justin30@adventure-works.com,02679626-AA12-40FA-AE49-10382E743DA4,2014-02-26 00:00:00.000
17873,17068,carrie14@adventure-works.com,579E1933-480F-46BD-8AEA-1CFC7B28DAB9,2012-08-08 00:00:00.000
17874,17069,carrie15@adventure-works.com,2D88C845-18C9-48B0-8930-95B1009B404F,2013-12-10 00:00:00.000
17875,17070,carrie16@adventure-works.com,132D0321-7E61-4B06-BB8E-BAEE6CB4FD7C,2014-01-08 00:00:00.000
17876,17071,ethan38@adventure-works.com,EE6CA0B3-6D36-4199-AB9F-01B332A793C5,2014-04-29 00:00:00.000
17877,17072,david64@adventure-works.com,793FE5ED-06C9-498A-B98D-49BE2703F96A,2014-02-14 00:00:00.000
17878,17073,samuel72@adventure-works.com,F80DF25A-8752-49CE-84C9-11AF30910657,2012-02-28 00:00:00.000
17879,17074,hunter59@adventure-works.com,06C4CAED-F3CC-4E9D-BACD-323EE79ADF0D,2013-07-07 00:00:00.000
17880,17075,david65@adventure-works.com,71384DFC-47B4-4D93-BDDE-E62D80C71F6D,2013-04-28 00:00:00.000
17881,17076,carrie17@adventure-works.com,CDDD3816-A997-4E92-8C92-0DCA812E621C,2013-03-08 00:00:00.000
17882,17077,carrie18@adventure-works.com,E45DA35A-B064-4887-9D91-1769E5BFE404,2014-03-31 00:00:00.000
17883,17078,hunter60@adventure-works.com,1F57D894-3613-4533-BB3A-CC63BC88A6B3,2013-04-30 00:00:00.000
17884,17079,carrie19@adventure-works.com,E4AC63E3-BB9C-444F-8DBB-BD5CB4E4E529,2011-11-12 00:00:00.000
17885,17080,dennis1@adventure-works.com,A6EB7F41-CA3A-4902-A81B-EF69F9B71F1A,2013-07-13 00:00:00.000
17886,17081,hunter61@adventure-works.com,11A50EFB-F777-4502-AD6E-69F9CF39D4E2,2014-04-24 00:00:00.000
17887,17082,dennis2@adventure-works.com,AED17B40-0E54-4D12-9325-448071AE2F9B,2014-03-15 00:00:00.000
17888,17083,dennis3@adventure-works.com,302AA325-051F-48C5-94A4-8821FC688D86,2012-10-30 00:00:00.000
17889,17084,dennis4@adventure-works.com,29468E87-3CA0-41E5-840D-6F3679FBC80B,2014-04-19 00:00:00.000
17890,17085,ethan39@adventure-works.com,2A1499C3-4605-4D21-AA3F-A0D4E1D0BC91,2014-02-10 00:00:00.000
17891,17086,dennis5@adventure-works.com,183A8376-94A5-4830-9966-A83E26626D70,2013-11-17 00:00:00.000
17892,17087,hunter62@adventure-works.com,40C3F3B9-C3E2-43BE-A161-517093DF0F06,2014-02-07 00:00:00.000
17893,17088,dennis6@adventure-works.com,7830D3EF-1C14-4CC4-B789-2B815A27B986,2012-11-09 00:00:00.000
17894,17089,dennis7@adventure-works.com,412FB29A-1C2B-4D9A-9027-6339D6B60F03,2012-03-30 00:00:00.000
17895,17090,hunter63@adventure-works.com,9EAA5EDE-C1E4-4454-B53F-49C4225BB0E3,2013-08-01 00:00:00.000
17896,17091,dennis8@adventure-works.com,50561394-82E9-46D7-AE63-7903E0D8D972,2013-10-26 00:00:00.000
17897,17092,hunter64@adventure-works.com,14A1470B-9647-4E2C-8171-D34E8B8EFAA4,2013-06-15 00:00:00.000
17898,17093,hunter65@adventure-works.com,0A4E27C6-36A3-4D5D-B07D-5CE3F8CA2B51,2013-10-05 00:00:00.000
17899,17094,hunter66@adventure-works.com,018D8663-143F-4463-A602-7DD0583D94EE,2013-12-18 00:00:00.000
17900,17095,dennis9@adventure-works.com,9B2E8094-8599-46DB-A222-84376CE6CE0B,2013-05-16 00:00:00.000
17901,17096,hunter67@adventure-works.com,D67F10C8-5584-4FC7-A835-87B3399A616E,2013-08-11 00:00:00.000
17902,17097,greg10@adventure-works.com,A928F27D-6989-4F37-B998-973C3565B556,2012-03-06 00:00:00.000
17903,17098,dennis10@adventure-works.com,88522BB7-D192-4BDA-99F0-6B3C89730B6D,2013-02-10 00:00:00.000
17904,17099,dennis11@adventure-works.com,67C10D7E-53C7-4375-9629-68BDF83F9943,2011-07-15 00:00:00.000
17905,17100,dennis12@adventure-works.com,DAE58F18-580D-4E49-80A4-7735B9E186EF,2011-11-20 00:00:00.000
17906,17101,benjamin35@adventure-works.com,4646ED01-442B-4115-978E-2336CBE82245,2014-03-19 00:00:00.000
17907,17102,hunter68@adventure-works.com,3F5746F2-028A-4E6C-A373-7E9692DF87C1,2013-08-20 00:00:00.000
17908,17103,dennis13@adventure-works.com,F0492F9C-4B2A-4B06-80A9-17B53579703C,2014-04-05 00:00:00.000
17909,17104,ethan40@adventure-works.com,8235E242-F1F4-452B-A58E-8D0CE54279A2,2013-07-27 00:00:00.000
17910,17105,dennis14@adventure-works.com,105DF428-C0E6-47E1-ACA6-1985366F5A5D,2013-05-13 00:00:00.000
17911,17106,hunter69@adventure-works.com,02E78C7F-D815-4B86-A564-13AD1D79A8FC,2013-09-19 00:00:00.000
17912,17107,dennis15@adventure-works.com,6219FC0E-36BB-4F43-8037-B56398EDFA57,2013-12-05 00:00:00.000
17913,17108,abby7@adventure-works.com,878D0183-092F-45BE-AE6D-7877DB324C90,2011-12-01 00:00:00.000
17914,17109,dennis16@adventure-works.com,09E88284-83F0-41FF-B7E9-30A210B6637E,2013-11-03 00:00:00.000
17915,17110,david66@adventure-works.com,3EBEB8D6-7771-41A1-9E4A-FBDB69CDFDAC,2013-12-14 00:00:00.000
17916,17111,dennis17@adventure-works.com,7FA60122-4261-45D8-B631-CCC617A4D332,2014-06-14 00:00:00.000
17917,17112,dennis18@adventure-works.com,B878C77A-5F68-4C1A-B843-09D7243980A3,2013-12-23 00:00:00.000
17918,17113,ethan41@adventure-works.com,D0BAB0BE-288D-4A28-A093-8D9F06873EE2,2014-05-06 00:00:00.000
17919,17114,dennis19@adventure-works.com,9628A02D-5640-452E-9714-78B33EECAA24,2012-11-03 00:00:00.000
17920,17115,dennis20@adventure-works.com,68B8D040-53CF-46C4-9100-4B4B5AB6F7F2,2014-01-03 00:00:00.000
17921,17116,ethan42@adventure-works.com,0FC47921-1526-40D8-9C4F-529511277F29,2014-02-15 00:00:00.000
17922,17117,ethan43@adventure-works.com,28800870-D505-4473-8CE3-C0412C948315,2014-02-06 00:00:00.000
17923,17118,benjamin36@adventure-works.com,FF80DDC8-04C3-48E0-875B-21DF7D0988E7,2013-11-20 00:00:00.000
17924,17119,dennis21@adventure-works.com,E3E3236A-2980-4C01-9C7B-F2FACCE6043F,2011-10-12 00:00:00.000
17925,17120,dennis22@adventure-works.com,A1A719F9-3D8C-40F2-9C5E-17CF433CD290,2012-04-02 00:00:00.000
17926,17121,david67@adventure-works.com,99A6835B-76EF-47AB-8235-1688071D27DD,2013-05-09 00:00:00.000
17927,17122,justin31@adventure-works.com,F0614C03-5B85-4D41-BBBB-DD0550BD8E80,2013-03-10 00:00:00.000
17928,17123,dennis23@adventure-works.com,38368B74-A9E8-430A-AEAE-E720E5CD3C9A,2014-03-10 00:00:00.000
17929,17124,benjamin37@adventure-works.com,252052FC-E920-4ED7-8639-6EADD179045D,2014-02-06 00:00:00.000
17930,17125,benjamin38@adventure-works.com,87AD5689-60F9-4E89-BD36-F844154249B2,2013-04-01 00:00:00.000
17931,17126,dennis24@adventure-works.com,CCC3EEB5-9ABC-4B96-AC95-4ECFE6B9148B,2012-09-19 00:00:00.000
17932,17127,david68@adventure-works.com,12E22455-691D-4B0A-841F-F5A0AF46A875,2013-07-19 00:00:00.000
17933,17128,benjamin39@adventure-works.com,653723AC-5E36-4FCF-847A-69F39FF4C208,2013-11-27 00:00:00.000
17934,17129,dennis25@adventure-works.com,AC44A943-A327-433D-9F1E-4DAF287054FD,2013-03-09 00:00:00.000
17935,17130,abby8@adventure-works.com,84D4B150-BC12-41A5-A4B9-CBEABA6851D9,2014-04-06 00:00:00.000
17936,17131,vincent1@adventure-works.com,3FF417E4-87B1-4B80-9AAC-F6F2365BAD29,2014-06-30 00:00:00.000
17937,17132,vincent2@adventure-works.com,8B967232-9CF6-41FC-81A1-655A9C3D2DE6,2014-02-23 00:00:00.000
17938,17133,david69@adventure-works.com,4455C61A-063B-434F-9590-0FB67AF98542,2014-01-16 00:00:00.000
17939,17134,ethan44@adventure-works.com,E16EED0E-FC84-4731-B992-62DB44DD5EDD,2013-09-13 00:00:00.000
17940,17135,ethan45@adventure-works.com,0668684E-53BD-4164-B96F-3A51D5CB3CD1,2013-07-30 00:00:00.000
17941,17136,vincent3@adventure-works.com,AD2856EE-1A7D-40FD-865A-4D2FF810868A,2013-10-25 00:00:00.000
17942,17137,vincent4@adventure-works.com,C43D15F9-ED70-4A4A-9B0B-68951963987F,2012-09-18 00:00:00.000
17943,17138,ethan46@adventure-works.com,13BAA83B-BE10-42E5-9363-6650367C213D,2014-04-04 00:00:00.000
17944,17139,vincent5@adventure-works.com,C601469F-2957-4C28-ABCB-672E8C11916B,2014-05-26 00:00:00.000
17945,17140,ethan47@adventure-works.com,F9151A9E-D19C-4563-80A3-70BB04AE8357,2013-11-05 00:00:00.000
17946,17141,vincent6@adventure-works.com,4B52460F-6CCD-411B-B783-33D82B460BCB,2011-11-10 00:00:00.000
17947,17142,vincent7@adventure-works.com,850C5DC2-A654-48CF-848A-F1FEAE685AE0,2014-05-03 00:00:00.000
17948,17143,ethan48@adventure-works.com,A2341516-AA51-4BD9-BFA6-ADA6FCAB3B92,2013-07-07 00:00:00.000
17949,17144,vincent8@adventure-works.com,841C1B11-015D-40DF-8845-91A74938B94E,2013-12-11 00:00:00.000
17950,17145,abby9@adventure-works.com,EAFAA08E-81CA-47A6-B13D-79A8E0038EB7,2013-03-11 00:00:00.000
17951,17146,vincent9@adventure-works.com,305E9F41-8610-4B9A-89F8-001480FCCF28,2014-02-27 00:00:00.000
17952,17147,benjamin40@adventure-works.com,5E67A935-DDF3-41F9-A295-B0FA6EE0FFE0,2011-10-27 00:00:00.000
17953,17148,vincent10@adventure-works.com,F7000A3C-0DA8-41F5-854F-66F2EEEC3EC8,2014-06-20 00:00:00.000
17954,17149,ryan37@adventure-works.com,D2AEB616-08D0-4E22-9CA3-02AB7C555333,2014-05-12 00:00:00.000
17955,17150,vincent11@adventure-works.com,3C6B95A2-5358-4E87-92B7-ABA9DDF1AC86,2013-08-07 00:00:00.000
17956,17151,christian30@adventure-works.com,C5393EB0-9171-4A32-AB36-AAE45F32E0A1,2014-01-09 00:00:00.000
17957,17152,ethan49@adventure-works.com,5612406B-DF11-42C6-BA72-69F65BD50EAD,2012-01-22 00:00:00.000
17958,17153,ethan50@adventure-works.com,280BBDA7-56D4-49E5-A9EB-48C2F16662C6,2013-10-03 00:00:00.000
17959,17154,vincent12@adventure-works.com,B19DB631-27A5-485E-B3D1-7B361AB5F7E9,2012-09-07 00:00:00.000
17960,17155,vincent13@adventure-works.com,DEEE8BE7-6E94-40B6-81AE-2505467F0C2F,2013-07-23 00:00:00.000
17961,17156,ryan38@adventure-works.com,5C89C078-B519-4C68-9A04-19E5FC19B2C6,2013-07-15 00:00:00.000
17962,17157,vincent14@adventure-works.com,AB1A5365-A551-4B95-BF3E-90AD5DE13ED1,2014-06-21 00:00:00.000
17963,17158,ethan51@adventure-works.com,EB9DC5B4-7513-4280-974F-6D98D72DAA1C,2014-04-02 00:00:00.000
17964,17159,christian31@adventure-works.com,A6792057-47A0-46A3-8B43-AF7153D78828,2012-04-04 00:00:00.000
17965,17160,ethan52@adventure-works.com,DF3986C8-80C1-4C3A-8867-AFF72D92383D,2012-02-11 00:00:00.000
17966,17161,vincent15@adventure-works.com,2551C2D7-996B-4750-8CC7-97EC0C3A96D8,2012-09-16 00:00:00.000
17967,17162,ryan39@adventure-works.com,B0E6ED14-CBB9-4B75-8FF3-01E4B48F04D0,2012-02-21 00:00:00.000
17968,17163,vincent16@adventure-works.com,816BDF92-355E-4E87-BBF1-AC0B8F3B5BF3,2013-11-16 00:00:00.000
17969,17164,christian32@adventure-works.com,AD06089F-1D91-4D1D-8346-674C0BBA880B,2013-11-10 00:00:00.000
17970,17165,vincent17@adventure-works.com,F182146B-05FB-4A84-8215-3CDA991D6462,2014-01-31 00:00:00.000
17971,17166,ryan40@adventure-works.com,D44A257E-C9F2-419F-9BC3-5A0B5DE0714A,2014-05-20 00:00:00.000
17972,17167,abby10@adventure-works.com,F05957CE-07CD-454E-9DF4-043D1F84C42F,2013-05-15 00:00:00.000
17973,17168,vincent18@adventure-works.com,57380FDE-1490-4AC8-B297-D09FF9094421,2011-11-05 00:00:00.000
17974,17169,vincent19@adventure-works.com,A947AE6E-B627-4B2F-A87F-A06B1A6880EA,2011-11-10 00:00:00.000
17975,17170,vincent20@adventure-works.com,1A675767-5688-4194-A992-3E430A65C165,2014-03-29 00:00:00.000
17976,17171,vincent21@adventure-works.com,7CC24A54-3B9E-4BBE-B0DF-D9DEE5415F1B,2013-07-26 00:00:00.000
17977,17172,ryan41@adventure-works.com,E79B5BCC-AF4D-482B-9D6C-322EC82D76C7,2011-11-20 00:00:00.000
17978,17173,ryan42@adventure-works.com,E320A8E6-E9B4-4E37-A8A0-D696C1E36D52,2013-07-28 00:00:00.000
17979,17174,ryan43@adventure-works.com,7669C45E-91E6-45FC-8A80-D10606AA28E5,2013-12-02 00:00:00.000
17980,17175,gerrit0@adventure-works.com,223AF0D6-6E7C-44D0-817F-8E5DA666D63B,2012-06-22 00:00:00.000
17981,17176,benjamin41@adventure-works.com,1C258992-EC72-4D43-89DF-9A6DADA2BC8A,2013-08-21 00:00:00.000
17982,17177,ryan44@adventure-works.com,BC324F64-A27B-4D2F-994F-19AE3E9EDCDC,2014-04-14 00:00:00.000
17983,17178,christian33@adventure-works.com,D114E55B-2173-4005-83B4-495366FF0C72,2014-06-13 00:00:00.000
17984,17179,brent0@adventure-works.com,368F2892-EC2F-49A9-9100-955407997109,2013-04-05 00:00:00.000
17985,17180,ryan45@adventure-works.com,18C3D3D3-1849-4D8D-BC4A-60B1D4FB188E,2013-08-19 00:00:00.000
17986,17181,brent1@adventure-works.com,1501B48F-BB1A-444F-A2A7-BD2F7D14913A,2014-01-02 00:00:00.000
17987,17182,brent2@adventure-works.com,5AEAAA96-C567-44E5-9713-A7B717F56B25,2013-11-04 00:00:00.000
17988,17183,ryan46@adventure-works.com,32C19BF7-6311-4E84-96C9-A65308D0C08C,2013-08-31 00:00:00.000
17989,17184,brent3@adventure-works.com,9F8D034D-B25D-40C6-891E-4E719F062FFE,2014-06-12 00:00:00.000
17990,17185,abby11@adventure-works.com,51181D13-968B-41B0-924E-94D5C7D064C5,2013-11-15 00:00:00.000
17991,17186,christian34@adventure-works.com,1CCEE067-E67E-405E-90A9-E5E6352D825C,2013-08-25 00:00:00.000
17992,17187,ryan47@adventure-works.com,A727479B-0454-42D9-BB36-F90505CF5783,2013-11-07 00:00:00.000
17993,17188,benjamin42@adventure-works.com,994526EA-2578-4357-BACA-47486BAC71C1,2012-05-26 00:00:00.000
17994,17189,brent4@adventure-works.com,1CB3DE20-C70C-4035-BAB4-E16E1AF827C8,2014-03-22 00:00:00.000
17995,17190,ryan48@adventure-works.com,D911B3D3-C58C-4302-BA9F-5FAA6D54DDAE,2013-12-15 00:00:00.000
17996,17191,ryan49@adventure-works.com,FC31DF05-A8DF-434D-B53A-EE52513D30EE,2014-02-15 00:00:00.000
17997,17192,brent5@adventure-works.com,EE752542-8B0E-47A1-97FF-26D5ECD1AEC7,2011-10-07 00:00:00.000
17998,17193,ryan50@adventure-works.com,543B9766-7122-478D-9E96-93B556867DCE,2014-05-05 00:00:00.000
17999,17194,brent6@adventure-works.com,9F084F3D-3E2C-49C7-9295-EB0B293FBC0F,2013-09-27 00:00:00.000
18000,17195,ryan51@adventure-works.com,8C9402F8-5440-432D-8910-4C95C6EEEC44,2013-10-20 00:00:00.000
18001,17196,brent7@adventure-works.com,96821AF3-6942-47E8-A7DC-BF0A1D160B63,2013-08-11 00:00:00.000
18002,17197,brent8@adventure-works.com,D33C655A-3A6C-4726-8D2C-44FD90DF8324,2013-10-01 00:00:00.000
18003,17198,ryan52@adventure-works.com,745794D0-4280-4413-BE20-DF6C0703015F,2012-05-01 00:00:00.000
18004,17199,brent9@adventure-works.com,D88FAA32-C5C4-4D07-8776-DD997AA8728A,2014-01-21 00:00:00.000
18005,17200,brent10@adventure-works.com,8D25AA91-CC7F-47E0-A76E-CF32A877FD15,2013-10-15 00:00:00.000
18006,17201,brent11@adventure-works.com,EB44D302-FD02-49C2-B1FE-3E9104C56E53,2013-06-01 00:00:00.000
18007,17202,abby12@adventure-works.com,DE9444E2-EBAB-4C40-AFD7-2C4046571F08,2013-11-09 00:00:00.000
18008,17203,brent12@adventure-works.com,2FAF967A-F098-4C58-ACE0-48504358E796,2014-05-28 00:00:00.000
18009,17204,david70@adventure-works.com,9AC36FF9-F21F-4A94-BB1D-5DF337A4CB96,2013-10-05 00:00:00.000
18010,17205,ryan53@adventure-works.com,16CF3C4A-135C-4005-B387-C5DA693C7192,2014-02-13 00:00:00.000
18011,17206,brent13@adventure-works.com,1367724D-7692-4E7F-9D0D-18F6D535669C,2014-01-23 00:00:00.000
18012,17207,ryan54@adventure-works.com,9CC11685-3B42-404E-B600-EDF969EE0C20,2013-12-14 00:00:00.000
18013,17208,brent14@adventure-works.com,A8ABC2F1-8CDA-43C6-8DFA-4469366C5DEA,2013-10-23 00:00:00.000
18014,17209,ryan55@adventure-works.com,34B9753B-AB2A-4DE5-9ED1-B031DB070CC3,2014-04-17 00:00:00.000
18015,17210,brent15@adventure-works.com,3BE0C769-C736-4A1A-BD59-4F9B43BAB402,2014-06-19 00:00:00.000
18016,17211,christian35@adventure-works.com,5872AB0A-5AB8-4B10-BF47-7B14A00C1839,2014-05-14 00:00:00.000
18017,17212,brent16@adventure-works.com,50DFBCF6-265B-44B4-8AB1-8E776910A272,2013-10-02 00:00:00.000
18018,17213,ryan56@adventure-works.com,96085CE9-FB82-4EC0-A9BC-E3DB08BD6745,2013-09-23 00:00:00.000
18019,17214,christopher4@adventure-works.com,6DF13420-D2C7-401A-9F04-83D8123F097A,2013-11-13 00:00:00.000
18020,17215,brent17@adventure-works.com,420C96FA-4728-4CC4-83E1-8E1C60980468,2012-05-23 00:00:00.000
18021,17216,ryan57@adventure-works.com,B175AD56-0DD0-4173-8378-D5AF729A929D,2013-10-06 00:00:00.000
18022,17217,ryan58@adventure-works.com,4A2F4F2D-307C-4448-A261-3FF524800ED9,2013-09-13 00:00:00.000
18023,17218,brent18@adventure-works.com,B48D533E-E3EC-4331-AE77-A9999F339946,2011-12-30 00:00:00.000
18024,17219,ryan59@adventure-works.com,C97A0386-BFF7-4978-A5F6-83B40BD44E17,2014-02-24 00:00:00.000
18025,17220,justin32@adventure-works.com,488A7E32-3BD4-4CB0-A7EB-9A0F15E01E65,2014-01-02 00:00:00.000
18026,17221,brent19@adventure-works.com,48B49F76-158B-4566-8118-FEB5DFEDEFA8,2014-05-27 00:00:00.000
18027,17222,christian36@adventure-works.com,E67679BA-FA14-4B59-ACF0-C631C695955E,2014-03-19 00:00:00.000
18028,17223,abby13@adventure-works.com,4B9360AA-7B39-4D68-9BA2-B966E92790F6,2013-12-27 00:00:00.000
18029,17224,brent20@adventure-works.com,10110991-6B89-420A-A03B-6AB5EFB41642,2013-07-17 00:00:00.000
18030,17225,brent21@adventure-works.com,850C7052-10D8-4829-8A74-90996C202A1B,2014-04-19 00:00:00.000
18031,17226,justin33@adventure-works.com,AA7AD6AA-7DC6-4180-8164-C4EA5F4CDDC9,2014-05-08 00:00:00.000
18032,17227,jeffery0@adventure-works.com,2236321B-A326-45C7-ADF5-A990ED5180BE,2014-01-09 00:00:00.000
18033,17228,justin34@adventure-works.com,97402DD6-F66A-49F1-98EF-FE253F9CF66A,2014-05-01 00:00:00.000
18034,17229,jeffery1@adventure-works.com,BEBE59A5-D74C-4B35-B9BD-B67D787A9A4B,2011-09-04 00:00:00.000
18035,17230,david71@adventure-works.com,F998FC4B-6CD8-4E50-90D3-E3B4D0E6E115,2013-11-11 00:00:00.000
18036,17231,jeffery2@adventure-works.com,3D7FBDB9-73CA-4130-B047-046BA9D304A7,2012-10-14 00:00:00.000
18037,17232,justin35@adventure-works.com,BAED147C-AED0-47F4-8AE0-A567F36AD2D7,2012-01-25 00:00:00.000
18038,17233,jeffery3@adventure-works.com,B80FE881-B0F1-4E7F-AA8B-973FCBFD8C16,2013-02-11 00:00:00.000
18039,17234,benjamin43@adventure-works.com,130B8AFA-7A3A-4369-9E90-21FA1FD9D8CE,2012-03-13 00:00:00.000
18040,17235,christian37@adventure-works.com,A2251082-9285-47F4-A801-9A3C557DEA44,2012-10-26 00:00:00.000
18041,17236,david72@adventure-works.com,B008BDBE-D8CE-448C-818B-F60206FA93EB,2014-02-18 00:00:00.000
18042,17237,jeffery4@adventure-works.com,B9ED02C8-E564-4849-89E5-25037FB7D7AB,2013-09-01 00:00:00.000
18043,17238,jeffery5@adventure-works.com,57D45A8C-B46E-4AE2-B819-3444DBDA309A,2014-01-04 00:00:00.000
18044,17239,justin36@adventure-works.com,36F520D4-87C4-40D8-8023-30938264C2A2,2014-03-19 00:00:00.000
18045,17240,jeffery6@adventure-works.com,8B486FA3-26D4-415A-9EA6-1B186BE60D6E,2014-01-29 00:00:00.000
18046,17241,jeffery7@adventure-works.com,AE310906-C746-426D-8C01-05CCD3DB0BBE,2013-09-06 00:00:00.000
18047,17242,abby14@adventure-works.com,977C20C9-F31A-4712-97BC-42DFE03A60FA,2013-12-13 00:00:00.000
18048,17243,jeffery8@adventure-works.com,236619C6-E710-49F6-8456-D0D517E2CE64,2013-11-14 00:00:00.000
18049,17244,christian38@adventure-works.com,F95AFAAD-C349-40BF-87A0-1FDE298B7D92,2013-11-18 00:00:00.000
18050,17245,jeffery9@adventure-works.com,CAEB1012-F1A2-49E5-97E9-BD1F791546F8,2014-06-15 00:00:00.000
18051,17246,jeffery10@adventure-works.com,8D0FE547-F46B-4257-86F3-25DA1C6FFE80,2013-10-08 00:00:00.000
18052,17247,benjamin44@adventure-works.com,A31FCA28-CECD-415B-8853-2ABE11779845,2014-01-27 00:00:00.000
18053,17248,jeffery11@adventure-works.com,5054A272-87A5-4C9E-8220-F035D90EB5CB,2014-01-27 00:00:00.000
18054,17249,justin37@adventure-works.com,DDF201DF-39B9-4F94-98B5-DD1928562015,2013-08-01 00:00:00.000
18055,17250,justin38@adventure-works.com,D3FD80B2-B5A2-4B1C-A33C-46EA87F1927C,2013-10-12 00:00:00.000
18056,17251,jeffery12@adventure-works.com,5B11FC62-9690-49A8-8048-E8A69F4EE954,2012-03-29 00:00:00.000
18057,17252,jeffery13@adventure-works.com,6DFBEB6F-ACC6-4A26-92B7-3393D1BEC7B9,2013-12-19 00:00:00.000
18058,17253,justin39@adventure-works.com,5BBDEAF6-EE4B-48BE-9598-A949889122A5,2013-09-30 00:00:00.000
18059,17254,jeffery14@adventure-works.com,B5593A1B-B1F9-46CC-A0D9-C3CBFEB0531F,2013-12-30 00:00:00.000
18060,17255,christian39@adventure-works.com,047DC3FC-40A9-48E3-A3C6-D6D7B71F2368,2013-12-14 00:00:00.000
18061,17256,jeffery15@adventure-works.com,5D9BAD14-F3E2-4849-850A-372AA6BF619F,2014-02-21 00:00:00.000
18062,17257,abby15@adventure-works.com,C0BB3A4D-BF27-4371-8114-262E727E4C2B,2013-08-08 00:00:00.000
18063,17258,jeffery16@adventure-works.com,0132E364-5894-4234-A18C-527425F22627,2013-10-21 00:00:00.000
18064,17259,justin40@adventure-works.com,C27304EA-53C0-45AB-84DD-7444A4DB40A0,2011-07-01 00:00:00.000
18065,17260,jeffery17@adventure-works.com,4ABCAB47-1A34-4A87-8EA4-3F560DFF4464,2014-05-19 00:00:00.000
18066,17261,justin41@adventure-works.com,7E54B214-BB5D-45BF-A286-B9121AA98147,2011-12-11 00:00:00.000
18067,17262,justin42@adventure-works.com,E8E0E17F-F23D-4455-A793-6A5CB8D68E08,2013-01-18 00:00:00.000
18068,17263,jeffery18@adventure-works.com,E7A71CAC-3355-47BE-9BF2-ECF72F44FED8,2013-08-29 00:00:00.000
18069,17264,alexander2@adventure-works.com,3FD97CA8-646A-4A8A-839E-E47B821125D6,2014-04-25 00:00:00.000
18070,17265,christopher5@adventure-works.com,C3C773EB-D256-4BCD-9AB5-B75E5DE99638,2014-04-14 00:00:00.000
18071,17266,jeffery19@adventure-works.com,EBD9B235-3707-42B1-99D6-4B5454751191,2013-03-26 00:00:00.000
18072,17267,christopher6@adventure-works.com,65B2F152-D4BD-4B1A-9498-3393D7A3FC20,2013-11-24 00:00:00.000
18073,17268,jeffery20@adventure-works.com,D82D9CAC-4E1F-4867-A619-3ACD95B612E4,2013-11-05 00:00:00.000
18074,17269,justin43@adventure-works.com,33467996-E700-4C32-8F33-C347A8D21B7F,2012-11-07 00:00:00.000
18075,17270,jeffery21@adventure-works.com,3E68CDA5-E4DC-4034-86BF-290E2E2D8103,2013-04-29 00:00:00.000
18076,17271,justin44@adventure-works.com,BF4008DD-1C74-4AFA-9905-A17813453669,2013-08-01 00:00:00.000
18077,17272,benjamin45@adventure-works.com,FC939BDD-79C9-420D-8111-E340FD9AC917,2014-04-10 00:00:00.000
18078,17273,jeffery22@adventure-works.com,3C8EF48E-D1D6-41A2-95F3-56BEA10AB83D,2013-10-26 00:00:00.000
18079,17274,jeffery23@adventure-works.com,54EC1F4F-6A98-4420-ACD8-8C8E36F78F3D,2014-03-08 00:00:00.000
18080,17275,wesley0@adventure-works.com,A5938C5C-614B-4D59-B8BD-A0C1EFB1E3FE,2014-05-24 00:00:00.000
18081,17276,christian40@adventure-works.com,EE2B3C35-865F-4143-80D4-C437FA7D8957,2013-11-21 00:00:00.000
18082,17277,christian41@adventure-works.com,F8763E38-6C4D-4D34-B004-34D514A4F5B8,2014-02-04 00:00:00.000
18083,17278,wesley1@adventure-works.com,A0169A20-99D1-4275-9D1E-1C681748A6BC,2013-11-18 00:00:00.000
18084,17279,justin45@adventure-works.com,A779EFFB-38EA-406A-A9A1-9E8832AB1BD6,2014-06-10 00:00:00.000
18085,17280,abby16@adventure-works.com,7EABB989-2C3F-4F99-92E5-5F5CED26CE30,2013-12-05 00:00:00.000
18086,17281,wesley2@adventure-works.com,93D2106C-DA52-40F5-8285-EAA164FC0615,2013-10-17 00:00:00.000
18087,17282,justin46@adventure-works.com,1E6B5C5C-6195-460F-8C95-48B06D83CA87,2013-07-16 00:00:00.000
18088,17283,wesley3@adventure-works.com,E2C59DB6-9425-4559-988E-704A09A5D08E,2012-12-22 00:00:00.000
18089,17284,alexander3@adventure-works.com,2FE01C49-2140-4520-9331-B83CB179D028,2013-10-18 00:00:00.000
18090,17285,wesley4@adventure-works.com,3455B66F-ADCF-4940-8403-E436B37D6C6F,2013-04-03 00:00:00.000
18091,17286,christopher7@adventure-works.com,CFE8F8BE-17D0-4656-BDF5-ABC16696CDFC,2014-01-02 00:00:00.000
18092,17287,wesley5@adventure-works.com,2A25BA74-7623-472E-93AD-BBC8F7BE0AF2,2013-03-15 00:00:00.000
18093,17288,justin47@adventure-works.com,E2B43FF2-719C-4133-A2DE-3F2A4333DDA0,2013-01-29 00:00:00.000
18094,17289,wesley6@adventure-works.com,A0438430-E2C3-45CD-A1A7-024ECF59F2D5,2014-01-29 00:00:00.000
18095,17290,christian42@adventure-works.com,B8E5FAA7-3D16-4EEF-A60A-2B693719F977,2014-03-02 00:00:00.000
18096,17291,justin48@adventure-works.com,0B9E4836-1680-4690-A771-A5FE957F380B,2013-10-31 00:00:00.000
18097,17292,justin49@adventure-works.com,3AF40256-4742-448A-B424-02CB9A6C0B27,2013-12-18 00:00:00.000
18098,17293,wesley7@adventure-works.com,65703CF3-6F94-4889-9CEF-9022BA3DFBF7,2013-08-19 00:00:00.000
18099,17294,justin50@adventure-works.com,2994ADD6-6426-482E-BC09-DAE870339D87,2013-12-15 00:00:00.000
18100,17295,wesley8@adventure-works.com,25F99D24-7943-461C-A7D8-27DD2447A0A5,2013-06-30 00:00:00.000
18101,17296,wesley9@adventure-works.com,711545B9-4E18-42FA-A6D7-19227161F2C3,2014-02-26 00:00:00.000
18102,17297,christopher8@adventure-works.com,0DEE0AD8-5FED-426B-90F3-FB61D06CA490,2014-03-03 00:00:00.000
18103,17298,justin51@adventure-works.com,DAC34B50-60E0-4AFE-A6B7-7E1685CDC267,2014-05-12 00:00:00.000
18104,17299,wesley10@adventure-works.com,86C89D0F-84F9-4C76-A63A-A4ECC689C61C,2014-01-23 00:00:00.000
18105,17300,david73@adventure-works.com,77BF6208-52EC-48AA-9B92-4F8568D20A16,2013-12-08 00:00:00.000
18106,17301,wesley11@adventure-works.com,0E4814E3-B15D-41C7-A0D3-DABC48B08974,2014-03-31 00:00:00.000
18107,17302,wesley12@adventure-works.com,FE95AEA0-B600-4B85-A074-667488415549,2014-01-30 00:00:00.000
18108,17303,christian43@adventure-works.com,0064EA5D-6E30-4F46-A507-13A9E122434B,2013-10-17 00:00:00.000
18109,17304,christopher9@adventure-works.com,E6A68E18-A184-46CB-B8A9-3CC155EE1204,2013-10-06 00:00:00.000
18110,17305,wesley13@adventure-works.com,5563D07C-E13B-4764-BF7B-78E6F3DC78B5,2013-08-09 00:00:00.000
18111,17306,wesley14@adventure-works.com,18D7921B-00A6-4A31-840D-4B48A8AFD892,2014-01-26 00:00:00.000
18112,17307,wesley15@adventure-works.com,9DFEEBBD-A24E-4C8C-ADDA-312C4A23FA54,2012-06-05 00:00:00.000
18113,17308,christopher10@adventure-works.com,606DDDE5-70E6-4F9B-9B02-F14218F06BCC,2013-12-19 00:00:00.000
18114,17309,alexander4@adventure-works.com,45AE7B9A-60D3-4F34-B317-51803502CE9E,2013-11-13 00:00:00.000
18115,17310,christian44@adventure-works.com,ED4AB18C-0F17-410E-ABC9-395BFADBA611,2013-09-27 00:00:00.000
18116,17311,wesley16@adventure-works.com,AF30E592-02CB-4F6F-B752-98D0B79F31A1,2012-07-12 00:00:00.000
18117,17312,wesley17@adventure-works.com,EC45D939-43CC-4CF1-9D23-69613AF3301C,2012-08-07 00:00:00.000
18118,17313,austin39@adventure-works.com,74E9866D-ABB9-4E33-B393-6BCED25D8437,2014-01-29 00:00:00.000
18119,17314,wesley18@adventure-works.com,8DF83ECF-48FA-45FC-8961-8028152948E4,2013-01-10 00:00:00.000
18120,17315,david74@adventure-works.com,E0C8FC2E-B055-4D01-B768-A6D1A3477FF0,2013-09-19 00:00:00.000
18121,17316,wesley19@adventure-works.com,1787DEDA-21F9-4C4B-87FD-232E329EC538,2012-11-20 00:00:00.000
18122,17317,austin40@adventure-works.com,30F00F45-6C0E-4704-A4DB-A555403CA544,2013-12-30 00:00:00.000
18123,17318,abby17@adventure-works.com,4888BAD8-4E1E-4A8F-B008-92B4664575B0,2012-02-23 00:00:00.000
18124,17319,wesley20@adventure-works.com,DF846418-F37A-492E-9201-8307198A477D,2013-07-11 00:00:00.000
18125,17320,david75@adventure-works.com,B573D075-E988-4F39-9078-679E6E773F5E,2013-06-26 00:00:00.000
18126,17321,wesley21@adventure-works.com,5D8DFF1D-C080-4458-B253-AA383E8E04DB,2014-04-09 00:00:00.000
18127,17322,wesley22@adventure-works.com,294B8713-E757-4AF6-AE50-909D3B4FCEA7,2013-07-13 00:00:00.000
18128,17323,david76@adventure-works.com,B50E0308-23E1-46BF-A703-F6F2C2E47D01,2012-11-07 00:00:00.000
18129,17324,christian45@adventure-works.com,E9B9ADD3-53DC-42B7-AD77-E3C150E7657E,2013-10-17 00:00:00.000
18130,17325,alexander5@adventure-works.com,CDFA31A6-606F-40B1-982B-858FAB7733B2,2014-05-21 00:00:00.000
18131,17326,david77@adventure-works.com,3BBAA3B0-F5C9-483F-A72D-46342E67B643,2014-06-21 00:00:00.000
18132,17327,david78@adventure-works.com,BFE92E5C-E40A-4F64-92A3-01096F516032,2014-05-13 00:00:00.000
18133,17328,randy2@adventure-works.com,B8A45240-8286-4B92-8708-9F1D824B275C,2014-01-29 00:00:00.000
18134,17329,christian46@adventure-works.com,7C96A9B8-7350-40B5-A65A-CD67792580B0,2012-01-31 00:00:00.000
18135,17330,david79@adventure-works.com,2AE06E44-5715-4E00-9D81-F3278E5949E0,2013-10-18 00:00:00.000
18136,17331,randy3@adventure-works.com,6AECC8FD-693B-4235-82D3-572FD0A500DA,2014-02-25 00:00:00.000
18137,17332,christopher11@adventure-works.com,BBBB3E06-AAA6-407F-990A-49E023043703,2012-03-10 00:00:00.000
18138,17333,david80@adventure-works.com,43ACE754-DEB8-4FD8-8FB2-EB37A28A5769,2012-11-21 00:00:00.000
18139,17334,randy4@adventure-works.com,8D56E489-F5E9-42CC-AF1D-19C702F2A133,2013-11-22 00:00:00.000
18140,17335,david81@adventure-works.com,E75CFFAD-18E7-4119-B5E9-5F39513AD003,2014-03-29 00:00:00.000
18141,17336,david82@adventure-works.com,B7896A94-D946-4759-BF1C-C78EC107458E,2013-07-07 00:00:00.000
18142,17337,christopher12@adventure-works.com,F2242C7C-10A7-4AF4-AF91-1C9E286D9B2A,2013-09-21 00:00:00.000
18143,17338,david83@adventure-works.com,E1703BE0-E960-45E7-9E4C-182058C4D174,2013-06-17 00:00:00.000
18144,17339,randy5@adventure-works.com,87D8E5F1-F844-452E-AFA5-2E98CF531C2F,2013-03-05 00:00:00.000
18145,17340,david84@adventure-works.com,76C8350E-CAB7-4F4B-8905-3098959A360B,2012-07-01 00:00:00.000
18146,17341,david85@adventure-works.com,F08138FE-B89B-4CF4-B05E-A2E0BFE50DE5,2012-09-17 00:00:00.000
18147,17342,randy6@adventure-works.com,ECDF60DD-6C55-4954-86A0-4D2C593CA45F,2013-02-11 00:00:00.000
18148,17343,david86@adventure-works.com,D39E1133-AE0F-4A8F-9C54-D98764309A4E,2014-04-14 00:00:00.000
18149,17344,abby18@adventure-works.com,777EBD54-8B07-4DCB-A52D-61C17D8B3CC7,2013-10-22 00:00:00.000
18150,17345,randy7@adventure-works.com,4657989F-A6D2-4736-B3CF-ADC633743761,2013-02-15 00:00:00.000
18151,17346,benjamin46@adventure-works.com,A2591619-4FB5-488C-9611-BE14DF130976,2014-03-24 00:00:00.000
18152,17347,randy8@adventure-works.com,D53E16ED-D950-4B51-91F9-7CF124C8BEA3,2013-07-18 00:00:00.000
18153,17348,randy9@adventure-works.com,BB846D2E-8194-4278-B6AC-56B0E9142A07,2013-08-09 00:00:00.000
18154,17349,christian47@adventure-works.com,44BCC207-0E56-46C6-8A55-686AE427DE27,2011-06-13 00:00:00.000
18155,17350,randy10@adventure-works.com,DC2152DC-23D3-4E3D-A0E2-3167225D285C,2014-05-31 00:00:00.000
18156,17351,randy11@adventure-works.com,C0166793-BA59-43E1-BA45-0B057BEC6A49,2014-04-23 00:00:00.000
18157,17352,randy12@adventure-works.com,D83F395C-2DBA-45EC-BA5E-EDC351EE538A,2013-08-11 00:00:00.000
18158,17353,randy13@adventure-works.com,3578938A-35C4-475A-B99B-03ABFCE716D1,2014-05-24 00:00:00.000
18159,17354,benjamin47@adventure-works.com,96460927-E4EA-4CBD-95CF-8A93802B1E83,2014-03-29 00:00:00.000
18160,17355,randy14@adventure-works.com,4C3C3382-EFC8-4FE2-8CD8-5B5EDB06F346,2012-03-20 00:00:00.000
18161,17356,benjamin48@adventure-works.com,60613102-74FB-4E12-901E-69E796DE4393,2011-08-14 00:00:00.000
18162,17357,christopher13@adventure-works.com,305D4B5F-DA9B-47AB-8093-C69F00496681,2012-12-02 00:00:00.000
18163,17358,christian48@adventure-works.com,8DD1CD5D-EF7F-4F0B-93C6-FBFFB2A1787A,2013-12-25 00:00:00.000
18164,17359,randy15@adventure-works.com,3FA6F3A5-D90C-493F-862F-53CB766981A0,2014-04-01 00:00:00.000
18165,17360,austin41@adventure-works.com,36013F0C-E6AA-4BFF-B135-04A64C1DC048,2013-10-27 00:00:00.000
18166,17361,christian49@adventure-works.com,3F1036A6-0F24-48A6-9BC2-47644EDDE3FA,2014-05-15 00:00:00.000
18167,17362,randy16@adventure-works.com,3770E34B-5510-456C-A780-462EB6B36E60,2013-02-05 00:00:00.000
18168,17363,christopher14@adventure-works.com,E92FA513-28C7-4122-BE0D-76818FFF047E,2013-06-10 00:00:00.000
18169,17364,janelle0@adventure-works.com,FD3C5C01-047B-470E-BA6F-B68C817CE837,2013-08-28 00:00:00.000
18170,17365,randy17@adventure-works.com,11E636E5-DB13-4B01-8C02-CAD29B5E9C8E,2013-03-21 00:00:00.000
18171,17366,benjamin49@adventure-works.com,CA76CA96-4E62-4D17-841B-4CF5108A418F,2014-04-25 00:00:00.000
18172,17367,austin42@adventure-works.com,7AA209E9-13A6-4E04-B8CD-59430FB8E397,2013-06-25 00:00:00.000
18173,17368,randy18@adventure-works.com,F5306F6D-EBD1-49AE-8DEE-5D72AF37C43F,2013-07-07 00:00:00.000
18174,17369,benjamin50@adventure-works.com,83262E96-18AA-4C5F-B94B-4D888BADE5BE,2014-04-17 00:00:00.000
18175,17370,randy19@adventure-works.com,49F3F4C6-16FE-4CED-8B05-477769A60BE2,2014-05-05 00:00:00.000
18176,17371,randy20@adventure-works.com,47D3D246-A7E7-46BF-A415-B37841F03852,2014-03-22 00:00:00.000
18177,17372,randy21@adventure-works.com,68CAC0D2-9068-4177-A1A9-44A9C3290B38,2013-10-30 00:00:00.000
18178,17373,randy22@adventure-works.com,64AA60FD-290B-4D8D-B4D1-2C61A1ADEFC1,2013-11-03 00:00:00.000
18179,17374,randy23@adventure-works.com,BB928CFD-497C-4EA2-A080-49E83094BF05,2012-11-18 00:00:00.000
18180,17375,benjamin51@adventure-works.com,A22B410B-A1DB-48E9-A026-1DBFCAFFDE0A,2013-11-08 00:00:00.000
18181,17376,randy24@adventure-works.com,FFFEB24A-8A31-4F29-B7F1-016801B87C44,2011-09-11 00:00:00.000
18182,17377,alexander6@adventure-works.com,0D3E577B-F076-46CA-89AD-A5F7B304C586,2014-04-13 00:00:00.000
18183,17378,benjamin52@adventure-works.com,1C659EE6-7F4E-49EF-BC5B-370709B1ADEB,2013-01-02 00:00:00.000
18184,17379,randy25@adventure-works.com,6DC71BD7-6AAA-4C4D-AF12-EAFB236AB2A7,2014-01-16 00:00:00.000
18185,17380,janelle1@adventure-works.com,D4DAE7B8-1947-4139-8CA0-8246560AE4C5,2013-07-01 00:00:00.000
18186,17381,todd2@adventure-works.com,8F966524-B160-44CE-887D-5755790AA451,2012-09-30 00:00:00.000
18187,17382,christian50@adventure-works.com,3F2211D8-1FFD-4FB1-B8A9-42919CA62687,2013-11-30 00:00:00.000
18188,17383,todd3@adventure-works.com,149C482D-2F5D-4F0D-86B1-7FBFBA4793ED,2013-01-24 00:00:00.000
18189,17384,alexander7@adventure-works.com,1A143F25-1A73-4E18-8936-DE997B7B7A52,2013-11-30 00:00:00.000
18190,17385,alexander8@adventure-works.com,07E92045-6E02-45BA-8233-A434B7B9A236,2013-09-11 00:00:00.000
18191,17386,todd4@adventure-works.com,F85592B7-4660-4054-882B-DA483659CE3C,2013-08-22 00:00:00.000
18192,17387,christian51@adventure-works.com,5CD06EC6-598C-4A9D-80FB-44372AE15168,2014-02-22 00:00:00.000
18193,17388,benjamin53@adventure-works.com,98C8DF6D-1448-4900-91DA-443771AF4C5D,2014-04-17 00:00:00.000
18194,17389,todd5@adventure-works.com,05F57CB7-0838-46FE-9889-F2AB281E591F,2013-07-11 00:00:00.000
18195,17390,benjamin54@adventure-works.com,693BAC82-060A-43D9-BC21-CDA28D5ADA9F,2014-04-04 00:00:00.000
18196,17391,benjamin55@adventure-works.com,54080831-C94C-471C-A61C-582EAA82B86E,2014-04-26 00:00:00.000
18197,17392,jorge0@adventure-works.com,954D5B15-7A0E-4F59-89EE-8B1EC439AA80,2013-11-04 00:00:00.000
18198,17393,todd6@adventure-works.com,0C8BA1ED-7687-4351-BAA3-0274B763993D,2011-12-21 00:00:00.000
18199,17394,todd7@adventure-works.com,DC6233DB-3E1C-4480-88D9-F614781729AC,2012-12-06 00:00:00.000
18200,17395,christopher15@adventure-works.com,58FF6CAF-0997-4E88-960B-177AD41F5BB3,2011-07-14 00:00:00.000
18201,17396,benjamin56@adventure-works.com,0802BF4D-2964-4355-A2D2-EF937CC1EBEB,2014-04-14 00:00:00.000
18202,17397,benjamin57@adventure-works.com,B82436CB-12AA-41BD-8E90-86A492BA4C7A,2013-12-21 00:00:00.000
18203,17398,todd8@adventure-works.com,65C99732-6FE0-4F49-AA16-24C784800575,2014-04-14 00:00:00.000
18204,17399,benjamin58@adventure-works.com,565D811A-7577-4B05-A7F1-D17645F9C07F,2014-04-19 00:00:00.000
18205,17400,john35@adventure-works.com,FD2FCA8A-2683-4418-82DD-DABFEA5996E9,2013-04-14 00:00:00.000
18206,17401,alexander9@adventure-works.com,EDD484FA-0D5F-42E6-82A0-FCB9AE9C32A5,2014-04-16 00:00:00.000
18207,17402,john36@adventure-works.com,EB39FA34-96E0-40D8-B560-4A4DEF114197,2014-05-17 00:00:00.000
18208,17403,janelle2@adventure-works.com,7976C9AE-3649-4021-A7F5-4FF9E5405711,2014-06-07 00:00:00.000
18209,17404,william8@adventure-works.com,A9D911E3-113A-4F74-924F-2CD3BD649E8C,2013-10-10 00:00:00.000
18210,17405,todd9@adventure-works.com,3210AB89-252A-4DF2-9CF8-0081B663F616,2014-03-31 00:00:00.000
18211,17406,christian52@adventure-works.com,6BC2C7A1-6D99-4730-9045-E567669837CA,2013-07-01 00:00:00.000
18212,17407,austin43@adventure-works.com,A1A39622-C6CF-4450-8EF2-17EA66A3AFD2,2014-06-07 00:00:00.000
18213,17408,todd10@adventure-works.com,03D9801D-A448-4B10-9D1C-8773059C339B,2014-02-13 00:00:00.000
18214,17409,christian53@adventure-works.com,A4ED7258-DF16-47B9-84CE-9300377C173D,2014-03-05 00:00:00.000
18215,17410,todd11@adventure-works.com,8422DD8F-50C8-46DE-94A2-2E96F45D7ACD,2013-07-07 00:00:00.000
18216,17411,austin44@adventure-works.com,C8DD38A4-6C48-411C-A66E-D2FFBD6E4927,2013-10-26 00:00:00.000
18217,17412,todd12@adventure-works.com,11E2EBDD-22AB-4CD8-9A08-62AF00DB85B4,2013-11-12 00:00:00.000
18218,17413,alexander10@adventure-works.com,D81CBA35-97D5-449C-B180-294F64125618,2012-10-27 00:00:00.000
18219,17414,todd13@adventure-works.com,9C89D0F5-9AFB-4C1D-B565-1D2B1EDEF808,2011-08-04 00:00:00.000
18220,17415,todd14@adventure-works.com,A426AE3B-AAE3-4479-BDDA-3B7AB4FD5227,2011-08-13 00:00:00.000
18221,17416,brandon29@adventure-works.com,8C9D4190-9138-4D51-B4C9-C6983EB3C8D6,2013-10-22 00:00:00.000
18222,17417,john37@adventure-works.com,5F92AD52-2B2C-48AD-96EB-8B4CA2B49A9F,2011-10-21 00:00:00.000
18223,17418,john38@adventure-works.com,79DE7307-53F4-47DA-863D-4727DD53D90D,2013-10-30 00:00:00.000
18224,17419,todd15@adventure-works.com,7CF7BA40-ED51-4CDF-A614-BF931A1F1745,2014-02-19 00:00:00.000
18225,17420,todd16@adventure-works.com,33E3C84B-1607-4B90-9AEF-DA768DF28D68,2013-08-13 00:00:00.000
18226,17421,todd17@adventure-works.com,8A4AD12E-5A12-4861-A66F-F097B8F9BAB4,2014-01-22 00:00:00.000
18227,17422,kelvin30@adventure-works.com,8888FBE1-B027-4AEF-808D-3DC3C618D5CB,2013-12-09 00:00:00.000
18228,17423,janelle3@adventure-works.com,3789434D-2D22-40AB-88E8-CB43D9C26AFF,2013-09-08 00:00:00.000
18229,17424,todd18@adventure-works.com,443C0D12-CF36-4E5E-A511-BED520CE9B33,2014-01-13 00:00:00.000
18230,17425,brandon30@adventure-works.com,561309AA-4369-4FF3-838A-852DF3077532,2013-07-17 00:00:00.000
18231,17426,austin45@adventure-works.com,E3D0B803-4EE9-4888-8797-F56EEB656E21,2014-06-21 00:00:00.000
18232,17427,john39@adventure-works.com,45437A1E-46EC-43B9-9D47-7C7FA804A071,2012-07-08 00:00:00.000
18233,17428,austin46@adventure-works.com,09D99E3C-72B1-4E76-83CA-F16A472036B8,2014-03-08 00:00:00.000
18234,17429,austin47@adventure-works.com,38279F94-C243-4F23-A3EA-04F65C4D0A1E,2013-08-19 00:00:00.000
18235,17430,todd19@adventure-works.com,385DD401-23C2-4DBA-84BC-E294BB00762D,2012-08-30 00:00:00.000
18236,17431,todd20@adventure-works.com,DFB688CD-6B89-443A-B2B0-C3635F30BAD9,2013-08-04 00:00:00.000
18237,17432,curtis1@adventure-works.com,70D25B0D-1267-4119-8430-837E72884211,2011-10-07 00:00:00.000
18238,17433,curtis2@adventure-works.com,15A85B16-9CCB-490B-A925-CEAD2D7AB0F0,2012-11-18 00:00:00.000
18239,17434,austin48@adventure-works.com,06FD4CD6-C44C-47AE-BF2B-814FD90B7F92,2013-10-02 00:00:00.000
18240,17435,austin49@adventure-works.com,F3774604-6257-4359-886F-D17B0742D27E,2013-12-23 00:00:00.000
18241,17436,william9@adventure-works.com,536EFA73-9B00-469A-B1FC-2EE9EEA01F1F,2011-11-10 00:00:00.000
18242,17437,curtis3@adventure-works.com,AFFD16CC-CD45-41A2-A0B2-E41A1E0DE20C,2014-03-25 00:00:00.000
18243,17438,william10@adventure-works.com,0371306A-09D4-4239-9D87-11E61FB1750E,2013-09-28 00:00:00.000
18244,17439,christopher16@adventure-works.com,1E88E237-8A08-44A4-9AD4-EF0F4D7825B9,2014-05-05 00:00:00.000
18245,17440,curtis4@adventure-works.com,3638EEA5-673D-435C-BB98-5C44E1FC2CE2,2013-11-29 00:00:00.000
18246,17441,christopher17@adventure-works.com,677B4583-7EF6-4127-A9AA-ECD8E28DC17F,2013-07-27 00:00:00.000
18247,17442,curtis5@adventure-works.com,45E8B2F4-D720-4C73-8361-324711C37B56,2011-10-01 00:00:00.000
18248,17443,curtis6@adventure-works.com,EC6E290F-D6B5-4A0D-8D0C-EDEFF7C2D70A,2013-12-14 00:00:00.000
18249,17444,william11@adventure-works.com,CCA8E3E0-277D-4AA2-AB90-9C22B7059CBA,2013-08-25 00:00:00.000
18250,17445,john40@adventure-works.com,A88709AB-A87D-4E72-AE3C-A96AC788CD62,2013-07-11 00:00:00.000
18251,17446,john41@adventure-works.com,A350B478-8EE5-40A5-A819-747B630DAEF2,2014-04-02 00:00:00.000
18252,17447,curtis7@adventure-works.com,5E123F83-4A96-45A2-A29D-BCF0BFC792B0,2013-06-22 00:00:00.000
18253,17448,christopher18@adventure-works.com,27A2918E-C041-4637-85C3-9B564B64634F,2014-01-23 00:00:00.000
18254,17449,curtis8@adventure-works.com,7A0A99FE-B5D2-4AF9-96E3-75C8C3E4C66E,2014-02-15 00:00:00.000
18255,17450,christopher19@adventure-works.com,F43F5F75-2693-4172-98BF-CB0AF2B48F89,2014-04-15 00:00:00.000
18256,17451,christopher20@adventure-works.com,F2380A10-B808-408A-9E1C-340E8F9C2543,2013-09-26 00:00:00.000
18257,17452,christopher21@adventure-works.com,AC80E15D-D22A-4F97-868F-788F6A777F76,2013-08-26 00:00:00.000
18258,17453,curtis9@adventure-works.com,A0C5BF18-82A5-4281-8BBA-57159A32FE6B,2011-06-01 00:00:00.000
18259,17454,dylan32@adventure-works.com,BE919929-3BED-4CCF-B9FC-8AE82174342F,2013-08-03 00:00:00.000
18260,17455,zachary31@adventure-works.com,6F51E0F5-3267-40DC-A1FC-755766E9EB40,2013-08-20 00:00:00.000
18261,17456,curtis10@adventure-works.com,0CE417E1-C8A1-432C-A50C-BDD8E00E0F62,2014-04-27 00:00:00.000
18262,17457,christopher22@adventure-works.com,F14014F1-5497-4529-80B9-9ACD35DE2BA9,2014-01-22 00:00:00.000
18263,17458,janelle4@adventure-works.com,32E5851A-F834-4CBB-BE58-FA3C35CCDB7E,2014-01-30 00:00:00.000
18264,17459,curtis11@adventure-works.com,8956E826-52DC-4B6B-9409-05774A8A5B13,2012-04-13 00:00:00.000
18265,17460,curtis12@adventure-works.com,2B2A9160-0CCF-4590-AEA2-F135F4A99F78,2014-05-12 00:00:00.000
18266,17461,christopher23@adventure-works.com,4E2BD8CB-CEF6-4E03-8447-0EF472EF298C,2014-04-08 00:00:00.000
18267,17462,curtis13@adventure-works.com,1ACF9CBB-9F68-47D7-ABC1-FBE2034F48AB,2014-04-06 00:00:00.000
18268,17463,alexander11@adventure-works.com,D47DAB82-DDC1-43E4-A7C0-11BAD5DDD1E6,2012-08-08 00:00:00.000
18269,17464,curtis14@adventure-works.com,8A0CF580-211A-4AEC-BA03-84CDFB268AA4,2013-11-29 00:00:00.000
18270,17465,alexander12@adventure-works.com,D1B8E13A-0C15-469D-A337-059A9121EE8E,2013-09-14 00:00:00.000
18271,17466,curtis15@adventure-works.com,2F07CEF1-1964-46CA-84A1-3297587D37FF,2012-12-10 00:00:00.000
18272,17467,curtis16@adventure-works.com,F489F0C5-23BA-42B5-A7E1-77B364A21842,2013-01-09 00:00:00.000
18273,17468,curtis17@adventure-works.com,0385CDB2-8242-402A-9D29-D69C2AE9240F,2013-09-11 00:00:00.000
18274,17469,curtis18@adventure-works.com,526AB313-7095-4D73-B12C-E7C2CE2383FE,2012-07-09 00:00:00.000
18275,17470,alexander13@adventure-works.com,61BAEECC-4C84-4A96-BFC6-84DD03634A7D,2014-02-20 00:00:00.000
18276,17471,janelle5@adventure-works.com,99B76ABD-0116-44DA-9057-DB21D1D259BB,2014-04-26 00:00:00.000
18277,17472,curtis19@adventure-works.com,1F839560-E2AC-43D2-AFF4-9A0F08528997,2013-10-15 00:00:00.000
18278,17473,brandon31@adventure-works.com,B534D8E6-DFBB-49E3-9720-CEA844C6ABA7,2013-12-19 00:00:00.000
18279,17474,curtis20@adventure-works.com,552FFAD6-C1BF-4216-9BA3-32E19BE3AD8C,2014-04-29 00:00:00.000
18280,17475,alexander14@adventure-works.com,0E247D23-990B-44E5-9AA6-F254FE3EB3A3,2014-03-01 00:00:00.000
18281,17476,william12@adventure-works.com,F5901930-456C-4287-B462-6A233F64B901,2014-03-13 00:00:00.000
18282,17477,jorge1@adventure-works.com,8C6E5B85-9634-420C-8EAE-8D32063184E1,2013-10-01 00:00:00.000
18283,17478,zachary32@adventure-works.com,D30CC441-AC22-4810-ADFD-D41B82D9A2EC,2012-10-26 00:00:00.000
18284,17479,jorge2@adventure-works.com,4D00613E-9FBE-4C11-BB10-9FD6C254B9EC,2014-05-05 00:00:00.000
18285,17480,jorge3@adventure-works.com,16358B73-666C-4B9F-B759-77C3776298C3,2013-10-15 00:00:00.000
18286,17481,zachary33@adventure-works.com,550E535E-CD3C-45B5-9D4B-69130A28A726,2013-02-17 00:00:00.000
18287,17482,jorge4@adventure-works.com,6B6DE346-E1BA-492D-B439-679AC96EE551,2013-12-04 00:00:00.000
18288,17483,brandon32@adventure-works.com,6894E9D1-B624-4860-B14A-927F4021D2D0,2014-04-09 00:00:00.000
18289,17484,jorge5@adventure-works.com,66E5735F-069A-434D-A2E2-34F4B93CB1B2,2012-06-25 00:00:00.000
18290,17485,bernard1@adventure-works.com,7706BF38-1509-4314-8A0E-D171E1B8570E,2013-11-05 00:00:00.000
18291,17486,jorge6@adventure-works.com,FFFCF2DD-729E-4772-8772-F4738D170003,2014-06-13 00:00:00.000
18292,17487,john42@adventure-works.com,7FF1AD66-4482-4513-B958-766C634C7829,2013-10-12 00:00:00.000
18293,17488,jorge7@adventure-works.com,AFA6C51A-60D5-4866-9803-757B799D8C8A,2013-07-07 00:00:00.000
18294,17489,jorge8@adventure-works.com,3321D7F2-9B9C-4C0E-AB77-D07754F880CA,2013-09-23 00:00:00.000
18295,17490,jorge9@adventure-works.com,B2F1B0F6-E65D-4CB9-9FD6-7169EE622E66,2014-02-15 00:00:00.000
18296,17491,jorge10@adventure-works.com,3EFC6049-80A2-4911-9A68-C5FF6EDE811C,2013-10-25 00:00:00.000
18297,17492,jorge11@adventure-works.com,2782CF44-F74F-44AF-929A-C924304CB7A7,2013-04-28 00:00:00.000
18298,17493,alexander15@adventure-works.com,11F696CE-3E9E-4B77-93FF-46AD27CE3DAE,2013-07-24 00:00:00.000
18299,17494,jorge12@adventure-works.com,7FD7E7EE-CD43-4B17-B28F-8B8E05F80107,2013-08-07 00:00:00.000
18300,17495,brandon33@adventure-works.com,8E6CB068-B6F3-4A42-B635-6CFC5519DC3F,2014-04-19 00:00:00.000
18301,17496,alexander16@adventure-works.com,9A857523-00FB-46CF-8BB2-8F707BA142A0,2013-10-01 00:00:00.000
18302,17497,alexander17@adventure-works.com,9835772A-EB66-4C34-A64C-B243CDF62D83,2013-10-14 00:00:00.000
18303,17498,jorge13@adventure-works.com,643680AA-F199-4243-9623-CE644E352964,2014-04-27 00:00:00.000
18304,17499,alexander18@adventure-works.com,C5AF6EC5-582C-466C-8559-A11E3FAF74EC,2014-05-08 00:00:00.000
18305,17500,alexander19@adventure-works.com,D2A3EBCC-F985-4FDA-9CBC-4AF43DA9A15F,2013-03-23 00:00:00.000
18306,17501,alexander20@adventure-works.com,7A016560-7CAD-4467-92BB-B50596F6AAF5,2014-04-13 00:00:00.000
18307,17502,jorge14@adventure-works.com,888B4ACE-B0B5-4F1C-83A0-B3D94FB32DC6,2013-12-08 00:00:00.000
18308,17503,dylan33@adventure-works.com,BF4430D1-B370-4195-9B58-22BE93A57900,2014-04-02 00:00:00.000
18309,17504,alexander21@adventure-works.com,D1B2F281-862E-426A-9DA0-D408C3299BA5,2013-09-07 00:00:00.000
18310,17505,alexander22@adventure-works.com,01507428-9777-4C3F-8353-3DA792D48142,2013-02-02 00:00:00.000
18311,17506,dylan34@adventure-works.com,D0253429-ADEC-4A46-9D84-5F1A8BFF6A76,2012-08-22 00:00:00.000
18312,17507,john43@adventure-works.com,CAD7D00F-2F57-4AEA-A522-F576BA0ACC5E,2014-03-19 00:00:00.000
18313,17508,jorge15@adventure-works.com,60DA209F-DB06-43AD-BF3D-EE1ACB0B23D5,2013-05-05 00:00:00.000
18314,17509,jorge16@adventure-works.com,675AEA6D-C45E-42CC-8B3E-7AEADEDCF9D3,2013-07-10 00:00:00.000
18315,17510,jorge17@adventure-works.com,3652AFD6-5AB2-43AB-9E52-7938BDAC1B79,2013-01-24 00:00:00.000
18316,17511,anthony1@adventure-works.com,E0FF204D-8E09-4D2B-8F4E-45F03D3434B0,2013-11-03 00:00:00.000
18317,17512,jorge18@adventure-works.com,9E941CCB-DB71-4513-AD1F-76B6A953590B,2013-07-02 00:00:00.000
18318,17513,janelle6@adventure-works.com,2ADC08E7-8643-4EE7-9A6A-B15186F4DF26,2013-07-04 00:00:00.000
18319,17514,jorge19@adventure-works.com,0C705388-CE8E-4C7C-A17D-57E5FB468FBF,2012-07-18 00:00:00.000
18320,17515,jorge20@adventure-works.com,37A81D3E-9EC9-447F-8A7A-12D3188A99F9,2014-03-19 00:00:00.000
18321,17516,brandon34@adventure-works.com,725467FA-34B0-4C41-9111-8D7D4FC5D9B5,2014-05-31 00:00:00.000
18322,17517,anthony2@adventure-works.com,4357C32D-1B27-40A6-8029-3CFA08A4AE16,2013-10-31 00:00:00.000
18323,17518,jorge21@adventure-works.com,D3B13564-67E8-4EE5-8093-97D3F6E5240E,2014-03-25 00:00:00.000
18324,17519,john44@adventure-works.com,65B35251-EC84-4947-BBD7-0CBB95DAC562,2013-12-11 00:00:00.000
18325,17520,jorge22@adventure-works.com,59FE0AAA-BF37-49A3-906F-2490DA858B79,2014-04-15 00:00:00.000
18326,17521,jorge23@adventure-works.com,D1EE229E-8A0E-4DDB-A5FA-E82086324D40,2012-07-28 00:00:00.000
18327,17522,john45@adventure-works.com,A3D6D376-A885-4F29-B5E3-16C42EB80C89,2014-03-31 00:00:00.000
18328,17523,jorge24@adventure-works.com,377A0AB4-866B-410B-9503-97B19BDFABE2,2012-09-13 00:00:00.000
18329,17524,john46@adventure-works.com,4BFE7E23-37B1-4F27-8992-DD86749E6B22,2014-04-12 00:00:00.000
18330,17525,jorge25@adventure-works.com,F9EF3CC3-871E-4368-A1F7-4D9FFBD9EE37,2013-07-22 00:00:00.000
18331,17526,nicholas0@adventure-works.com,2D805787-6D9A-4142-9734-DB78A0E11ED5,2013-07-07 00:00:00.000
18332,17527,alan28@adventure-works.com,9CE54873-51E9-4285-A906-838D41276DC0,2013-08-14 00:00:00.000
18333,17528,alan29@adventure-works.com,F2DFE48F-50B6-426B-AE32-76AF6125A3B8,2012-12-02 00:00:00.000
18334,17529,john47@adventure-works.com,D34B48DD-EE8A-495E-BF59-CB465A299992,2014-06-02 00:00:00.000
18335,17530,zachary34@adventure-works.com,2476AD7D-F28C-4801-85B2-2A0ACAEBE7AD,2013-12-10 00:00:00.000
18336,17531,janelle7@adventure-works.com,774A3BD0-12CB-44F2-9225-7937216E23B6,2012-12-10 00:00:00.000
18337,17532,frank14@adventure-works.com,2896E97E-B145-4794-B726-C95DBEDE5BE4,2013-08-26 00:00:00.000
18338,17533,frank15@adventure-works.com,835376BD-2024-4B56-A4AF-F3163839F350,2014-03-03 00:00:00.000
18339,17534,frank16@adventure-works.com,BD603A3F-6C67-4FCC-9A79-F5B2D52BFDC1,2013-03-23 00:00:00.000
18340,17535,nicholas1@adventure-works.com,F87239EB-8D8C-490F-BB1F-3B885231BEE3,2013-07-07 00:00:00.000
18341,17536,frank17@adventure-works.com,5BBEA71D-D1ED-40A7-A49C-9070F51377CC,2012-03-12 00:00:00.000
18342,17537,frank18@adventure-works.com,EB36BDE6-5487-44E8-AD8F-4EE90AD64C4A,2013-07-02 00:00:00.000
18343,17538,frank19@adventure-works.com,AA52ADC6-8108-4615-9C2D-24B4433A9E82,2013-07-25 00:00:00.000
18344,17539,john48@adventure-works.com,80AE3827-5356-418C-AD3E-AB684097D337,2011-12-01 00:00:00.000
18345,17540,john49@adventure-works.com,597420E2-677A-46B8-9B0F-F5031644BE13,2013-09-26 00:00:00.000
18346,17541,frank20@adventure-works.com,85E53B53-D21E-4CFC-A991-3CFEF08D1B90,2014-04-28 00:00:00.000
18347,17542,frank21@adventure-works.com,BEDFB584-207D-4F88-85F9-AADD217CE7FA,2014-03-10 00:00:00.000
18348,17543,frank22@adventure-works.com,D4FB7633-89E9-4DF8-AA73-EFA544E5B263,2012-08-17 00:00:00.000
18349,17544,frank23@adventure-works.com,FC58468F-9243-4D87-880A-0E577C54E675,2014-04-24 00:00:00.000
18350,17545,frank24@adventure-works.com,BE5E218C-3E00-4672-B459-9C9898035CE1,2013-09-06 00:00:00.000
18351,17546,frank25@adventure-works.com,BD75EDCD-4498-4A59-B155-5B76B306C503,2014-06-30 00:00:00.000
18352,17547,john50@adventure-works.com,8DAE8BF5-2BDE-4D14-A203-26D369F16C88,2013-08-18 00:00:00.000
18353,17548,frank26@adventure-works.com,2BD822D4-8C14-4EFF-9BF3-43F0C0DA53D6,2012-02-01 00:00:00.000
18354,17549,frank27@adventure-works.com,BED1B11B-7507-414F-9E1F-8539F8CD4835,2012-11-03 00:00:00.000
18355,17550,zachary35@adventure-works.com,496799C1-3CC0-4DE5-90AE-264E3257C12D,2013-03-03 00:00:00.000
18356,17551,frank28@adventure-works.com,FE335AB4-BC90-4C61-BDDD-8B0AC8C239F4,2012-09-18 00:00:00.000
18357,17552,john51@adventure-works.com,D00B1EF1-5C10-4C0C-B5B0-E017AB0CD457,2013-09-20 00:00:00.000
18358,17553,john52@adventure-works.com,F01C74E4-1025-4A56-82B9-FE1485F43506,2013-10-17 00:00:00.000
18359,17554,john53@adventure-works.com,C4AA69C5-F317-4189-8DFE-2942CDDE7340,2014-03-15 00:00:00.000
18360,17555,frank29@adventure-works.com,74177DD9-B898-4D05-A0F4-36836AB48CF7,2013-07-11 00:00:00.000
18361,17556,brandon35@adventure-works.com,965C623B-E63D-4A00-925A-A1BF61E15D77,2013-09-30 00:00:00.000
18362,17557,william13@adventure-works.com,9C79C3AD-41E4-4473-8BE4-C846881A676C,2013-10-04 00:00:00.000
18363,17558,william14@adventure-works.com,B384B17A-AA26-4CB8-8267-D9FB755DF7C0,2014-01-02 00:00:00.000
18364,17559,jésus1@adventure-works.com,F0518F08-16A3-47FC-8180-069BFF684755,2013-11-23 00:00:00.000
18365,17560,john54@adventure-works.com,F23EA4A0-E8D3-4FE9-A94A-7D97B92C9404,2014-05-07 00:00:00.000
18366,17561,john55@adventure-works.com,EBB98C8C-D6A2-4936-9133-8FA62149C81D,2014-03-06 00:00:00.000
18367,17562,jésus2@adventure-works.com,0B742E61-7AD6-464B-9345-4663B81F7755,2013-06-24 00:00:00.000
18368,17563,william15@adventure-works.com,52E3B8A3-0C31-474D-9752-7929FFC21702,2013-07-02 00:00:00.000
18369,17564,janelle8@adventure-works.com,1C4B6C0A-CF24-416D-BC76-BFBCD3FC3C26,2014-05-29 00:00:00.000
18370,17565,john56@adventure-works.com,EDB5426E-B2E9-4FEB-9495-A281B5A510BA,2013-11-24 00:00:00.000
18371,17566,john57@adventure-works.com,7482EEE9-BFAC-43FF-9EA1-994ED3125156,2013-09-10 00:00:00.000
18372,17567,jésus3@adventure-works.com,61CA9577-9E5A-470D-BBC5-60A09E4C81F8,2013-07-15 00:00:00.000
18373,17568,tyler0@adventure-works.com,58C7A1D4-C0AC-4042-BA82-217375527CA6,2013-10-27 00:00:00.000
18374,17569,jésus4@adventure-works.com,28AF54AC-915D-400E-B377-CDE9D25E9A9C,2013-11-24 00:00:00.000
18375,17570,jésus5@adventure-works.com,C7A7F6F1-8584-4036-9BFA-246EA2622E3B,2013-11-09 00:00:00.000
18376,17571,william16@adventure-works.com,D6C94AF6-D911-4A3D-9898-9CBB5BA42392,2014-03-31 00:00:00.000
18377,17572,anthony3@adventure-works.com,C5A534D7-285A-4632-8428-AD56BE5D117B,2014-03-20 00:00:00.000
18378,17573,jésus6@adventure-works.com,F29BCD06-1027-4178-87FC-E302C1B640AD,2011-09-24 00:00:00.000
18379,17574,anthony4@adventure-works.com,761531C5-6309-4FDC-BA96-CE6BDB0DAA3E,2014-05-21 00:00:00.000
18380,17575,zachary36@adventure-works.com,1531A835-3D01-454E-BB09-61AAAD904D57,2011-08-03 00:00:00.000
18381,17576,jésus7@adventure-works.com,066E8AFC-3E64-43D7-8974-72A468DFE6B5,2012-12-14 00:00:00.000
18382,17577,jésus8@adventure-works.com,4077E051-FF4D-4EA4-861F-D58A4F387217,2013-09-09 00:00:00.000
18383,17578,william17@adventure-works.com,65ED5D24-034B-4523-9ED2-698560A81C65,2014-02-19 00:00:00.000
18384,17579,jésus9@adventure-works.com,EAF38244-69E1-4C4C-926B-DCEAD0D0A388,2013-02-09 00:00:00.000
18385,17580,anthony5@adventure-works.com,5BEC86D5-00E4-4FF2-9C9E-4F404F6EF8B7,2012-08-07 00:00:00.000
18386,17581,jésus10@adventure-works.com,7CFF06CD-7490-41E4-AA70-7CF8E19D1D3D,2013-08-20 00:00:00.000
18387,17582,william18@adventure-works.com,8D4CA8B2-B8AF-4CB1-9014-C7A73A2FC5F6,2014-06-30 00:00:00.000
18388,17583,william19@adventure-works.com,C37A8CF0-0617-4B1D-9533-D774239BE655,2013-09-04 00:00:00.000
18389,17584,jésus11@adventure-works.com,BF6A8D89-6088-4543-8353-47D2A5C2D2EF,2013-12-20 00:00:00.000
18390,17585,jésus12@adventure-works.com,25D36EFD-B1F7-421D-BE8B-8F3A3B017E5B,2013-09-28 00:00:00.000
18391,17586,brandon36@adventure-works.com,800444F6-992A-4690-BCDC-CBDC3E9BA74D,2012-08-08 00:00:00.000
18392,17587,jésus13@adventure-works.com,BF5623CC-F875-4434-81D0-233C4796CE1A,2013-10-25 00:00:00.000
18393,17588,anthony6@adventure-works.com,FD8D5B86-8220-4372-86FE-142741B55F49,2012-03-07 00:00:00.000
18394,17589,jésus14@adventure-works.com,B7B2E528-3B17-444B-8BEB-4950FDD00160,2012-04-20 00:00:00.000
18395,17590,jésus15@adventure-works.com,D59463E3-863A-4285-8D96-A0216B4E598C,2012-09-17 00:00:00.000
18396,17591,jésus16@adventure-works.com,43E136AD-7E11-40C1-8D1E-12CC4AB5DA6C,2012-07-23 00:00:00.000
18397,17592,william20@adventure-works.com,76B2D117-EA05-4624-B547-A3F60FE16094,2014-03-30 00:00:00.000
18398,17593,william21@adventure-works.com,1C5E6C0C-32F7-4D0A-949A-66798F4DC5D6,2013-03-16 00:00:00.000
18399,17594,william22@adventure-works.com,B89F8F23-E1FB-4B64-9585-E7C07B84DA78,2011-08-16 00:00:00.000
18400,17595,jésus17@adventure-works.com,0C5CD6DD-A609-4710-A6EB-680E68595A0C,2013-08-18 00:00:00.000
18401,17596,jésus18@adventure-works.com,C22DC4AD-7160-49F2-B752-B056EEED5FA3,2012-06-10 00:00:00.000
18402,17597,kelvin31@adventure-works.com,2CE0A254-B0FD-46F1-ADCA-EFE6EDF90481,2013-05-18 00:00:00.000
18403,17598,jésus19@adventure-works.com,7752C701-BB2A-495D-84EA-8939CD8848F0,2014-04-09 00:00:00.000
18404,17599,william23@adventure-works.com,85D3EE07-0031-4821-A2FF-A2B190CD3A32,2014-01-02 00:00:00.000
18405,17600,anthony7@adventure-works.com,00F75AC3-53FD-4BD7-BDF0-2EB7A53B7332,2014-01-22 00:00:00.000
18406,17601,jésus20@adventure-works.com,8647AFA0-10A3-4126-9535-7272855160E7,2013-07-13 00:00:00.000
18407,17602,tyler1@adventure-works.com,CEAEC217-920A-4599-A6CC-09E7E0B55920,2013-07-01 00:00:00.000
18408,17603,jésus21@adventure-works.com,12547E0D-9FB3-4812-A142-054676CD4326,2013-12-09 00:00:00.000
18409,17604,william24@adventure-works.com,EC07FDC9-5569-4A75-BB14-703131BE1680,2013-10-06 00:00:00.000
18410,17605,larry1@adventure-works.com,1470B4D3-75CC-4743-BD49-B03D0A921467,2011-10-21 00:00:00.000
18411,17606,larry2@adventure-works.com,55EAD9D3-D5A2-4AFF-8F31-5AD262C79583,2014-03-30 00:00:00.000
18412,17607,william25@adventure-works.com,A975F614-63A4-4F66-A6DB-6DE60C6D6DE3,2014-04-21 00:00:00.000
18413,17608,william26@adventure-works.com,9C567989-D4EE-4E2E-B160-A66ABDE3D694,2013-04-20 00:00:00.000
18414,17609,larry3@adventure-works.com,E72846A7-1421-42F8-AA84-92EB27CE5AE9,2014-05-23 00:00:00.000
18415,17610,larry4@adventure-works.com,E927E098-199F-4A1D-8574-24303CE75576,2013-12-27 00:00:00.000
18416,17611,william27@adventure-works.com,52F4910D-22AB-43EA-A33F-1B7078D439D4,2013-09-23 00:00:00.000
18417,17612,larry5@adventure-works.com,A4A9FE0C-9346-414F-9AFE-4CBA51CD5411,2013-09-01 00:00:00.000
18418,17613,william28@adventure-works.com,C31A7AA5-FBC1-4ACE-BAD2-D08D169851D5,2013-08-17 00:00:00.000
18419,17614,larry6@adventure-works.com,C8353977-F931-453A-8658-DD4C40C429FF,2013-02-23 00:00:00.000
18420,17615,william29@adventure-works.com,8F5112B1-118A-4AA6-ADB2-F84534187B96,2013-07-29 00:00:00.000
18421,17616,brandon37@adventure-works.com,D83EF55B-DE0A-4EF9-BD74-FC79B749B9A5,2014-02-09 00:00:00.000
18422,17617,larry7@adventure-works.com,AC7CADDC-F637-4996-B750-30962E246E07,2014-04-20 00:00:00.000
18423,17618,janelle9@adventure-works.com,53553D95-6786-4A1C-B98E-4462D33FDF01,2013-10-28 00:00:00.000
18424,17619,larry8@adventure-works.com,0CC6A4B3-C3C8-4E7E-A342-EF48BB863E7D,2013-06-07 00:00:00.000
18425,17620,larry9@adventure-works.com,D80E0A5B-DAE3-42B5-97C3-442F5E98FDAA,2013-02-19 00:00:00.000
18426,17621,larry10@adventure-works.com,E2CFBF09-1ABD-400A-B2E8-7CD631EBCE3B,2013-09-27 00:00:00.000
18427,17622,brandon38@adventure-works.com,2A8DBA32-7A9D-451C-989A-110C16C726E2,2011-09-30 00:00:00.000
18428,17623,larry11@adventure-works.com,9994BC66-CA97-4D01-9BED-2FF132C19332,2014-02-08 00:00:00.000
18429,17624,anthony8@adventure-works.com,42F6A6F6-50BE-465B-8B95-1983850D5C72,2013-08-17 00:00:00.000
18430,17625,brandon39@adventure-works.com,E3F6420E-FF79-4A3A-B2F7-09DDA7545BC4,2012-05-18 00:00:00.000
18431,17626,brandon40@adventure-works.com,C5142E5D-E1D9-4A82-9123-A6DCC4AA0BE1,2014-02-20 00:00:00.000
18432,17627,larry12@adventure-works.com,4C957D60-43A4-4C34-A087-F9B3AB2C56A5,2014-02-06 00:00:00.000
18433,17628,brandon41@adventure-works.com,1C4CD435-1C5E-45AE-B284-96ABDC3E15BD,2011-08-02 00:00:00.000
18434,17629,daniel3@adventure-works.com,65BF1AD5-A375-471B-AFC4-EB8A7BC40675,2014-06-13 00:00:00.000
18435,17630,larry13@adventure-works.com,36503153-B3C5-498C-B016-C98E3CD2EEC9,2012-04-05 00:00:00.000
18436,17631,anthony9@adventure-works.com,E708E315-2ADD-4853-A89F-BDA37457A883,2011-06-27 00:00:00.000
18437,17632,brandon42@adventure-works.com,AAFC46C8-58C5-4BCD-86F5-F016625D1352,2013-03-04 00:00:00.000
18438,17633,brandon43@adventure-works.com,ED65242A-2C7C-445C-9320-8BC1937AC9DC,2013-09-18 00:00:00.000
18439,17634,larry14@adventure-works.com,ACA7D58A-8432-4915-99FA-C681F672212E,2011-10-03 00:00:00.000
18440,17635,larry15@adventure-works.com,848A27D4-6A50-4D98-8F54-6D98491E2E62,2012-09-06 00:00:00.000
18441,17636,brandon44@adventure-works.com,0DB6524E-E6B5-4193-A24A-7F40742CDA88,2014-02-03 00:00:00.000
18442,17637,brandon45@adventure-works.com,8C5D749B-8028-4F66-A983-FB22E6B555E8,2013-09-27 00:00:00.000
18443,17638,larry16@adventure-works.com,F10CC942-CEC3-489F-9A18-855C6B574689,2013-12-10 00:00:00.000
18444,17639,brandon46@adventure-works.com,8F533120-D0EE-416C-82EF-899B9A6AF940,2013-12-31 00:00:00.000
18445,17640,brandon47@adventure-works.com,FF900BD2-D224-4E50-8D0D-1AAD9671F524,2014-01-30 00:00:00.000
18446,17641,zachary37@adventure-works.com,DF6AE169-F220-4FC5-B635-C5120848926D,2012-02-24 00:00:00.000
18447,17642,larry17@adventure-works.com,914D3303-31F2-40D7-A24C-97AA34C9B149,2012-03-11 00:00:00.000
18448,17643,janelle10@adventure-works.com,A5116FE4-6E00-432A-8E44-C72B74DDF1B4,2013-07-18 00:00:00.000
18449,17644,larry18@adventure-works.com,2ED0EA13-9D09-46AD-8841-471E559860F8,2012-06-09 00:00:00.000
18450,17645,brandon48@adventure-works.com,F1AB3C29-CC23-4321-B12D-197EB3A8BE55,2012-05-07 00:00:00.000
18451,17646,zachary38@adventure-works.com,6CCF188D-D216-4EBF-9AB6-F38F3BF3A0E4,2012-09-22 00:00:00.000
18452,17647,larry19@adventure-works.com,3F9EC44C-A765-4BF2-8739-53AE778AD5DC,2013-05-20 00:00:00.000
18453,17648,brandon49@adventure-works.com,71449B3C-275E-48D9-87B8-E5C85C7D9745,2014-03-22 00:00:00.000
18454,17649,brandon50@adventure-works.com,8253F5E8-59B3-4BFF-9B2A-524B52C0120B,2012-07-13 00:00:00.000
18455,17650,larry20@adventure-works.com,6616D50F-ED25-4AB8-A454-D70AB6D01725,2014-02-22 00:00:00.000
18456,17651,tyler2@adventure-works.com,2597D05E-E4B4-4760-9834-B2D99088C374,2013-08-08 00:00:00.000
18457,17652,nicholas2@adventure-works.com,FF7CBEE8-84C9-4216-876D-44D6A434853A,2012-02-23 00:00:00.000
18458,17653,tyler3@adventure-works.com,0716E94C-35DC-48CD-A6F6-315950410E95,2013-12-28 00:00:00.000
18459,17654,larry21@adventure-works.com,AC7ECC67-A325-41F1-8C14-14756B07EA94,2013-06-17 00:00:00.000
18460,17655,larry22@adventure-works.com,A92047A1-9078-498F-9470-EEBDBEF3C380,2013-09-11 00:00:00.000
18461,17656,brandon51@adventure-works.com,33CAFB0E-3742-47B7-BEB9-DCCDAC08DB64,2013-10-07 00:00:00.000
18462,17657,daniel4@adventure-works.com,7A9661F8-BB03-45C0-92C1-5D5E546D227F,2013-09-25 00:00:00.000
18463,17658,larry23@adventure-works.com,D8FAB83D-506C-4EDE-A66B-A65CCB38AB1D,2013-11-04 00:00:00.000
18464,17659,brandon52@adventure-works.com,45CA2F2E-F4FC-45A3-A2C9-D6A0FF29F966,2014-02-24 00:00:00.000
18465,17660,larry24@adventure-works.com,3CFC19F9-2E12-46BE-A166-BF70DDD11E3A,2013-04-23 00:00:00.000
18466,17661,brandi0@adventure-works.com,BC7D6832-DBDA-4D95-8D3C-811FC2BB6D65,2013-09-06 00:00:00.000
18467,17662,brandon53@adventure-works.com,EC620839-3905-49FB-BEA8-24B7A91FE272,2014-01-04 00:00:00.000
18468,17663,brandi1@adventure-works.com,5EC43793-0580-4C2A-9DE5-024AB7A321D7,2013-11-07 00:00:00.000
18469,17664,brandi2@adventure-works.com,05E3B789-86F8-443C-A768-B5200F57651C,2011-08-02 00:00:00.000
18470,17665,brandi3@adventure-works.com,2986134E-BFC1-418C-B86E-CFDB3A916F50,2013-03-31 00:00:00.000
18471,17666,brandi4@adventure-works.com,E83DDF16-E813-4E88-9124-6AA38E966A05,2012-08-02 00:00:00.000
18472,17667,dylan35@adventure-works.com,527C0685-FF7C-4A70-B237-2EE63B1FE644,2014-03-11 00:00:00.000
18473,17668,brandi5@adventure-works.com,F6823FF7-0CCE-4672-954D-C1E570A3A029,2014-02-19 00:00:00.000
18474,17669,tyler4@adventure-works.com,0F4EF55F-D5CF-4169-98C3-A2DE5C51070D,2013-09-26 00:00:00.000
18475,17670,brandi6@adventure-works.com,59831A40-9A60-4038-9683-15F03E345C6E,2013-04-29 00:00:00.000
18476,17671,dylan36@adventure-works.com,736A65E5-2647-4D29-BCFA-37EA3FA5D73D,2014-04-21 00:00:00.000
18477,17672,brandi7@adventure-works.com,63613098-C94E-4BDC-A86B-D43137E4B4D2,2013-08-14 00:00:00.000
18478,17673,brandi8@adventure-works.com,809048CE-8CBA-48D2-AA71-31E7821FCB5A,2013-12-13 00:00:00.000
18479,17674,brandi9@adventure-works.com,3A8FC5C1-2D64-4D68-8C7E-833204CF4F17,2013-02-20 00:00:00.000
18480,17675,dylan37@adventure-works.com,82F7B85D-2AEC-4B8A-8A75-E14E7715E8D1,2014-05-07 00:00:00.000
18481,17676,brandi10@adventure-works.com,7B9F3E9C-96F6-4B85-9BD0-EB50FAF8969E,2014-02-02 00:00:00.000
18482,17677,janelle11@adventure-works.com,07002210-10A0-42C0-BF44-0E0A209C4D38,2013-02-27 00:00:00.000
18483,17678,brandi11@adventure-works.com,BF9AB5C2-6DC8-4060-A116-43D86B7D7A28,2014-06-18 00:00:00.000
18484,17679,dylan38@adventure-works.com,C16C9FEB-2449-457D-8D73-F025F3AC9E3C,2013-09-03 00:00:00.000
18485,17680,dylan39@adventure-works.com,8FC872AD-D45B-470C-9A8E-DF797177DE7B,2013-11-10 00:00:00.000
18486,17681,brandi12@adventure-works.com,6CF66D6E-39CB-4756-B0E2-453FAF89F5C4,2013-08-03 00:00:00.000
18487,17682,brandi13@adventure-works.com,C9A7BC23-00D6-4A71-AE2C-510552B57B82,2011-07-01 00:00:00.000
18488,17683,daniel5@adventure-works.com,C1F616A0-2C69-4760-BDA0-02DB5538AADF,2013-10-02 00:00:00.000
18489,17684,daniel6@adventure-works.com,14C16FA8-D4F9-4621-BCE9-E6E609CB2424,2013-10-21 00:00:00.000
18490,17685,brandi14@adventure-works.com,24B33A8F-1F4E-472B-9FD5-423ADEE76BCA,2014-03-10 00:00:00.000
18491,17686,dylan40@adventure-works.com,443AFA80-578F-4443-8B2E-DF09C81EB4E9,2014-02-22 00:00:00.000
18492,17687,tyler5@adventure-works.com,F442A897-4CDD-4477-B16C-8CAD1842D5DA,2014-02-26 00:00:00.000
18493,17688,brandi15@adventure-works.com,03CE1920-CB6A-41A3-B5C3-C6B1AA547C11,2014-03-07 00:00:00.000
18494,17689,tyler6@adventure-works.com,B96C9616-A006-43CF-A4F0-9EC97992CCE1,2013-11-07 00:00:00.000
18495,17690,zachary39@adventure-works.com,C8F218BD-4596-40BD-A868-A802952D1944,2012-02-26 00:00:00.000
18496,17691,brandi16@adventure-works.com,CAFD5BDC-84BD-4BC2-BA91-FAAC3B0A58DD,2014-05-28 00:00:00.000
18497,17692,dylan41@adventure-works.com,6229F224-581A-446F-A507-09C2ED863A1C,2013-09-07 00:00:00.000
18498,17693,cindy22@adventure-works.com,5F049AEE-2C83-47C5-813B-011931237481,2014-03-03 00:00:00.000
18499,17694,brandi17@adventure-works.com,E4E39981-5244-44DC-80E3-5754A110177E,2014-05-14 00:00:00.000
18500,17695,brandi18@adventure-works.com,3D9E41D5-E370-422E-A543-4D8F1BF8DEF3,2012-08-18 00:00:00.000
18501,17696,dylan42@adventure-works.com,19487B60-7488-4C66-BD81-ED49E9CE0914,2014-05-14 00:00:00.000
18502,17697,janelle12@adventure-works.com,EF167F30-FDB2-4571-B73E-A6123B47E9DB,2012-04-12 00:00:00.000
18503,17698,brandi19@adventure-works.com,5FCC7A92-4C89-4AF5-A53D-92A59FE1DE0D,2013-10-16 00:00:00.000
18504,17699,brandi20@adventure-works.com,1A0D9BD9-9CCC-4AB4-807C-8B3E49C3BD71,2014-01-30 00:00:00.000
18505,17700,brandi21@adventure-works.com,774AE2CA-F4DA-44AC-82B8-99FF310BDA89,2013-06-30 00:00:00.000
18506,17701,leslie0@adventure-works.com,11C3DE62-F2E5-4604-B2F3-53EAF872859A,2014-05-21 00:00:00.000
18507,17702,leslie1@adventure-works.com,C8AFF1F9-8895-4A47-85B8-F236A291794C,2014-04-19 00:00:00.000
18508,17703,dylan43@adventure-works.com,228618A0-FAA6-4FBD-ABE2-CFEA6F1E2B06,2012-01-01 00:00:00.000
18509,17704,leslie2@adventure-works.com,8E1EE9E8-F396-4EAE-BD67-4305BA15BE75,2013-07-08 00:00:00.000
18510,17705,leslie3@adventure-works.com,63AFB66A-F481-4DD8-BB1E-5A6D6244D5A5,2014-01-09 00:00:00.000
18511,17706,dylan44@adventure-works.com,D274ADC3-17C5-49F9-B820-767D13765BE1,2014-04-20 00:00:00.000
18512,17707,dylan45@adventure-works.com,AAB19053-A854-402A-A932-A0B2D2763014,2014-06-07 00:00:00.000
18513,17708,leslie4@adventure-works.com,473A6A97-3822-471C-8C25-59A9A0544F36,2012-09-17 00:00:00.000
18514,17709,leslie5@adventure-works.com,01DB770F-0227-4F7A-A556-D0767E2FDF29,2014-03-17 00:00:00.000
18515,17710,tyler7@adventure-works.com,2A9F18A0-DC54-4BC2-858A-66BB697A905F,2013-07-02 00:00:00.000
18516,17711,leslie6@adventure-works.com,A70EFA1F-E874-40F4-8D65-BC56638FD3B2,2014-02-24 00:00:00.000
18517,17712,dylan46@adventure-works.com,7A44AB5D-34C6-45F1-AD10-1D129F3366E7,2011-11-25 00:00:00.000
18518,17713,janelle13@adventure-works.com,28F3326D-0FEF-4CA6-99D9-C9CE722473DB,2014-04-19 00:00:00.000
18519,17714,leslie7@adventure-works.com,57B5CF1B-8E08-4181-9C31-DB73DEFADD20,2013-08-18 00:00:00.000
18520,17715,leslie8@adventure-works.com,18D95DB6-F0CA-4BBF-B45C-278EDF1ABBBD,2013-10-16 00:00:00.000
18521,17716,dylan47@adventure-works.com,781B07F7-D9DE-4215-BEE1-2823D7A696FF,2012-08-26 00:00:00.000
18522,17717,leslie9@adventure-works.com,11F09B04-926C-4064-899A-3E8AD6ACE905,2013-07-08 00:00:00.000
18523,17718,leslie10@adventure-works.com,FF933FBA-0054-4CB1-989F-465527267F91,2013-06-14 00:00:00.000
18524,17719,nicholas3@adventure-works.com,E6C12995-D548-4161-8339-818E25B44728,2014-01-02 00:00:00.000
18525,17720,leslie11@adventure-works.com,1166AE59-0107-4E03-B9A1-332D95D6F715,2013-04-07 00:00:00.000
18526,17721,dylan48@adventure-works.com,92874833-AC5E-4C80-91FF-D3C20DBCDF4F,2013-10-20 00:00:00.000
18527,17722,leslie12@adventure-works.com,3FF6D814-69B3-40A1-90E0-F12AD332676C,2013-12-11 00:00:00.000
18528,17723,leslie13@adventure-works.com,00A60B91-3FA0-4BD5-8B5C-866AEB51CE12,2013-04-11 00:00:00.000
18529,17724,leslie14@adventure-works.com,26467316-2D29-4C23-B589-7607FE259ACF,2013-02-08 00:00:00.000
18530,17725,daniel7@adventure-works.com,A465178E-9633-4012-ACC2-33384CD8F6EC,2013-08-01 00:00:00.000
18531,17726,leslie15@adventure-works.com,B2F58991-7D79-47B3-9A3E-87A260451D0A,2014-06-11 00:00:00.000
18532,17727,janelle14@adventure-works.com,931CD40C-DC78-4FE0-8E2D-A8DCAE69BDC7,2014-04-05 00:00:00.000
18533,17728,leslie16@adventure-works.com,D12AA58A-7503-403D-8B32-3E84ED42268D,2014-05-02 00:00:00.000
18534,17729,leslie17@adventure-works.com,37926515-9A97-4A84-B13E-4B81B9A25E57,2013-10-20 00:00:00.000
18535,17730,tyler8@adventure-works.com,F7477FC3-DA64-4A16-BA1D-35E8B17C4F4E,2013-04-13 00:00:00.000
18536,17731,leslie18@adventure-works.com,497AE6C1-7606-4115-A331-EC24729D3200,2013-05-10 00:00:00.000
18537,17732,tyler9@adventure-works.com,E901CC0A-3474-4387-A998-687CA2DB1808,2012-03-27 00:00:00.000
18538,17733,dylan49@adventure-works.com,1CD8732A-F275-40CD-873B-A7547C8836F0,2014-01-27 00:00:00.000
18539,17734,dylan50@adventure-works.com,D96DF2D9-7303-4B8D-BD44-F6F31601B4F8,2013-07-20 00:00:00.000
18540,17735,tyler10@adventure-works.com,E365BAF1-6D4C-42CA-B9B3-943DB77DC1AE,2014-06-07 00:00:00.000
18541,17736,leslie19@adventure-works.com,5B041736-F1F8-440A-8CE2-212B2E294573,2014-01-26 00:00:00.000
18542,17737,dylan51@adventure-works.com,09B063F8-AEBD-42F0-8D6F-B7F702319A71,2013-10-11 00:00:00.000
18543,17738,leslie20@adventure-works.com,EACCA1A4-DF5E-4ED4-9AC3-FD33B7264894,2013-10-14 00:00:00.000
18544,17739,leslie21@adventure-works.com,CE0157CF-0B4F-4645-85E1-4F45A356EF17,2014-04-08 00:00:00.000
18545,17740,leslie22@adventure-works.com,F441B689-093C-49B8-B230-464B69478399,2013-12-10 00:00:00.000
18546,17741,kathleen2@adventure-works.com,1509CFE3-EB24-4A42-981E-A21A6F0148BC,2014-01-13 00:00:00.000
18547,17742,kathleen3@adventure-works.com,E144C6B9-7A39-4A72-920E-1B3665057B15,2013-05-08 00:00:00.000
18548,17743,janelle15@adventure-works.com,3F447486-54D6-41F4-93F0-BBC997642EEA,2014-01-29 00:00:00.000
18549,17744,dylan52@adventure-works.com,24F276F7-450A-4958-AC2A-5A5A3651361F,2013-08-31 00:00:00.000
18550,17745,dylan53@adventure-works.com,E66A4EF7-C97A-46BB-96F2-FD3CCED2CBEF,2014-02-21 00:00:00.000
18551,17746,kathleen4@adventure-works.com,263F35D7-44CB-4A0C-B79E-721FB3B34907,2014-04-05 00:00:00.000
18552,17747,tyler11@adventure-works.com,07BA673C-981D-4988-B78B-461A8C7ADDE8,2014-01-02 00:00:00.000
18553,17748,zachary40@adventure-works.com,1E974B68-ED27-4847-8318-54717E94426A,2013-08-03 00:00:00.000
18554,17749,anthony10@adventure-works.com,BC9A11E9-2F97-4102-8A6A-20B3852F2697,2013-09-30 00:00:00.000
18555,17750,kathleen5@adventure-works.com,27488602-5E05-4357-BC2B-53FE96186FF6,2014-05-21 00:00:00.000
18556,17751,zachary41@adventure-works.com,C0CD55D7-3C47-4ED7-95EC-AD1C14B7DB60,2014-02-07 00:00:00.000
18557,17752,kathleen6@adventure-works.com,7C16B6B1-E202-4794-A055-A54CBBD56CBD,2013-01-07 00:00:00.000
18558,17753,tyler12@adventure-works.com,C63B6CA9-8982-4CBB-8207-6F873EC11655,2013-11-05 00:00:00.000
18559,17754,kathleen7@adventure-works.com,78978F48-56F4-430D-B297-EE188B420A76,2012-12-28 00:00:00.000
18560,17755,zachary42@adventure-works.com,40199DC9-8740-4192-8AF1-99D2CD9552C6,2012-11-20 00:00:00.000
18561,17756,kathleen8@adventure-works.com,7910C751-ABA0-4876-A92F-A7037E932215,2013-08-25 00:00:00.000
18562,17757,zachary43@adventure-works.com,3B0D1C2F-5885-44E2-BCB1-26D6C08963BD,2014-06-07 00:00:00.000
18563,17758,zachary44@adventure-works.com,0FC30428-20CF-4C8F-AB8A-1A2189B18EC5,2013-10-27 00:00:00.000
18564,17759,kathleen9@adventure-works.com,5398DF41-EAA5-4552-9E50-E32D6EC912FF,2014-06-16 00:00:00.000
18565,17760,zachary45@adventure-works.com,2FB09DB8-0951-4B5A-A67A-8B262814B875,2011-09-03 00:00:00.000
18566,17761,anthony11@adventure-works.com,65D52975-6FB9-4583-81E8-6F194BA6E3C9,2013-09-25 00:00:00.000
18567,17762,kathleen10@adventure-works.com,72763A51-D8AE-4EC6-97FC-4B14F276838B,2014-01-26 00:00:00.000
18568,17763,zachary46@adventure-works.com,23D96532-9D7F-49EA-939A-A76509302E5C,2012-03-24 00:00:00.000
18569,17764,kathleen11@adventure-works.com,232BF3EE-DE22-42EF-B0E8-3496F2B81A9B,2013-12-29 00:00:00.000
18570,17765,kathleen12@adventure-works.com,3350E285-ACAB-4099-A6B7-93A55156C6B4,2012-01-04 00:00:00.000
18571,17766,zachary47@adventure-works.com,F64C3FAA-A02A-4888-B01B-F70901FF033F,2013-08-11 00:00:00.000
18572,17767,janelle16@adventure-works.com,81178DBB-7FB8-4333-8FA9-AFA202BD261A,2013-11-17 00:00:00.000
18573,17768,kathleen13@adventure-works.com,CE418E68-5218-4719-8FB1-782BE9D61352,2013-07-13 00:00:00.000
18574,17769,zachary48@adventure-works.com,0FC0076F-C970-4C3B-A7A7-89C648B5F58B,2012-12-14 00:00:00.000
18575,17770,tyler13@adventure-works.com,D850F647-7B45-4998-BE16-407DA651D48F,2013-09-06 00:00:00.000
18576,17771,kathleen14@adventure-works.com,58A2BDDA-53AA-47C0-9C98-76E5ACB5278F,2013-09-04 00:00:00.000
18577,17772,tyler14@adventure-works.com,183BB285-5CA6-439E-908C-ED9AB6E7436C,2013-04-05 00:00:00.000
18578,17773,kathleen15@adventure-works.com,90B56217-1A8A-4E91-94DA-EEEDAD96AF67,2012-07-20 00:00:00.000
18579,17774,tyler15@adventure-works.com,6875C385-6B52-4A04-8999-65DEA9C72BE5,2013-06-21 00:00:00.000
18580,17775,daniel8@adventure-works.com,B8BCA0B2-89EF-43DF-8829-391B2B27311D,2012-03-22 00:00:00.000
18581,17776,daniel9@adventure-works.com,165FFD72-9B3D-4345-A77D-00CEA79241A7,2012-05-06 00:00:00.000
18582,17777,kathleen16@adventure-works.com,283E5367-FE11-4C25-AB22-2F0C99DE7E9C,2013-02-01 00:00:00.000
18583,17778,zachary49@adventure-works.com,68855B10-482A-45F3-B668-905749A1E9A4,2014-04-13 00:00:00.000
18584,17779,kathleen17@adventure-works.com,721DA59E-776D-4AA7-8EE7-2589E3A43041,2012-09-15 00:00:00.000
18585,17780,kathleen18@adventure-works.com,B149904B-68D3-463D-B496-7E146064EAD9,2012-09-24 00:00:00.000
18586,17781,zachary50@adventure-works.com,A7BF4595-8720-4769-9403-61D2567E131E,2013-11-17 00:00:00.000
18587,17782,kathleen19@adventure-works.com,2D43DFAB-C1DC-4DB3-8868-699879DCF70D,2013-11-17 00:00:00.000
18588,17783,don7@adventure-works.com,797A99EB-DB9B-4A66-AE69-688279AC4ABF,2013-12-31 00:00:00.000
18589,17784,kelvin32@adventure-works.com,63B43526-394B-4DA1-91F3-6D4AEAFD7AF7,2011-10-08 00:00:00.000
18590,17785,janelle17@adventure-works.com,C198F13F-2110-48A7-9546-1B6ED3E04F5A,2012-09-13 00:00:00.000
18591,17786,kathleen20@adventure-works.com,3760970F-FDC8-47E3-811D-3E03AFDE959A,2012-05-01 00:00:00.000
18592,17787,kathleen21@adventure-works.com,27C798AE-9568-45FE-9635-AE4828C83D6E,2012-10-19 00:00:00.000
18593,17788,tyler16@adventure-works.com,FF5DF61A-60AB-49D7-9C59-80C25B1F72A7,2012-08-25 00:00:00.000
18594,17789,stacy1@adventure-works.com,C4E76AC3-E63B-4DC5-A9F7-F91CA10E3D67,2012-03-16 00:00:00.000
18595,17790,anthony12@adventure-works.com,6F0D84EB-E566-467E-A2CB-10B08EF3CED7,2012-08-30 00:00:00.000
18596,17791,daniel10@adventure-works.com,A7FB9B5D-7E64-429A-AC89-BAAB5B3E49F8,2012-06-02 00:00:00.000
18597,17792,stacy2@adventure-works.com,8D4FE8C0-1938-40A1-80F0-227AE58F25C4,2013-11-26 00:00:00.000
18598,17793,tyler17@adventure-works.com,F159E152-26E0-40F0-BC41-D865D2FB7716,2013-07-23 00:00:00.000
18599,17794,anthony13@adventure-works.com,1B95F341-9FBA-42D8-B51B-BD54E5DCE9DD,2013-10-02 00:00:00.000
18600,17795,stacy3@adventure-works.com,F1E9F598-BDB1-4F0E-A9B4-60E2892656B4,2012-10-09 00:00:00.000
18601,17796,stacy4@adventure-works.com,8B3ECB4E-B397-4872-9AC6-3554F291652B,2012-06-24 00:00:00.000
18602,17797,anthony14@adventure-works.com,15298BD0-24DC-4D26-87AC-33AEE60C6490,2014-03-14 00:00:00.000
18603,17798,stacy5@adventure-works.com,F0067490-D10A-415B-AACE-2AC9E062CC2F,2013-03-16 00:00:00.000
18604,17799,tyler18@adventure-works.com,EA294DC2-8052-478F-8A10-9B67DF713D93,2013-08-18 00:00:00.000
18605,17800,anthony15@adventure-works.com,FC49B723-3FF5-4AA7-A767-7FDB84D85A36,2014-03-07 00:00:00.000
18606,17801,stacy6@adventure-works.com,763E2B90-8997-40BA-89C0-DDB5197EE4CA,2012-02-10 00:00:00.000
18607,17802,anthony16@adventure-works.com,7E46ACEF-3CAC-4462-8F42-96C75818C1E5,2014-01-11 00:00:00.000
18608,17803,anthony17@adventure-works.com,1BE2F146-E919-4296-89BE-0CA31745684C,2013-10-17 00:00:00.000
18609,17804,janelle18@adventure-works.com,B370701E-064C-4AD1-BDE0-2E84BF71A58E,2014-01-02 00:00:00.000
18610,17805,stacy7@adventure-works.com,8561E838-C4BE-4349-BE7F-ED76BFBEDD80,2012-10-02 00:00:00.000
18611,17806,stacy8@adventure-works.com,56A8D59E-372B-43EF-9003-705541FBC9B0,2014-03-14 00:00:00.000
18612,17807,stacy9@adventure-works.com,8E041C09-0A2D-4CCF-8665-34F4D6CBBB07,2013-11-09 00:00:00.000
18613,17808,stacy10@adventure-works.com,F2169AD9-E0E6-422C-9E3B-F3E163FD53C7,2012-08-08 00:00:00.000
18614,17809,anthony18@adventure-works.com,146B2675-CF26-49D9-AE8E-2BDB689BD6AE,2013-08-11 00:00:00.000
18615,17810,stacy11@adventure-works.com,36797600-BC52-4E46-8E89-35245ACED15D,2014-01-31 00:00:00.000
18616,17811,stacy12@adventure-works.com,C8AFF4B8-48EC-42A8-9D1B-96C1E139CB5E,2012-02-17 00:00:00.000
18617,17812,stacy13@adventure-works.com,B4A6A969-D514-4683-BAAB-789285B75CB7,2012-01-15 00:00:00.000
18618,17813,stacy14@adventure-works.com,812BFA14-CD1E-4F7C-90AF-370445D433EA,2013-08-13 00:00:00.000
18619,17814,anthony19@adventure-works.com,BB073AF2-F6D7-4595-BB23-12B237C194D3,2011-11-12 00:00:00.000
18620,17815,stacy15@adventure-works.com,0FE2C5B6-E5D8-45A3-A0C5-03530E4525E5,2013-07-16 00:00:00.000
18621,17816,orlando1@adventure-works.com,B1437BF4-54A6-4C1B-B813-2C6BB4A8ACDE,2013-12-01 00:00:00.000
18622,17817,stacy16@adventure-works.com,CD97B958-5C04-45AA-82F1-C9CB8A85EC28,2014-03-01 00:00:00.000
18623,17818,ram1@adventure-works.com,114BBEB5-AEAB-4EE6-A3C1-05A6197DB88A,2013-03-12 00:00:00.000
18624,17819,daniel11@adventure-works.com,04DB5B5E-3107-452D-B67A-381713B7B86A,2013-11-24 00:00:00.000
18625,17820,stacy17@adventure-works.com,4254C015-3373-45D4-BA46-2B5D8B9FEAEA,2012-08-16 00:00:00.000
18626,17821,anthony20@adventure-works.com,192A674C-5BE0-44F7-B205-3E35FC6B2685,2012-07-23 00:00:00.000
18627,17822,anthony21@adventure-works.com,D3FCF7C1-5A4E-4E64-86B3-87BC60E73E5F,2013-12-10 00:00:00.000
18628,17823,stacy18@adventure-works.com,5D0DB7AF-07EC-46D6-A8A7-9601DB6D0336,2014-01-30 00:00:00.000
18629,17824,stacy19@adventure-works.com,053E1D33-0699-400A-AB40-DA0F611FE997,2014-06-19 00:00:00.000
18630,17825,stacy20@adventure-works.com,32D3BD20-2518-41FE-90EA-6EF9B18E8751,2014-04-15 00:00:00.000
18631,17826,daniel12@adventure-works.com,49702550-9C60-4FC8-B310-81689DD58389,2013-11-03 00:00:00.000
18632,17827,tyler19@adventure-works.com,E66A87A5-C9E6-4730-A455-5C05EE3CCA2C,2013-08-06 00:00:00.000
18633,17828,stacy21@adventure-works.com,B994DD26-A1D5-4326-A10D-38D0C2C174CB,2014-02-16 00:00:00.000
18634,17829,daniel13@adventure-works.com,3BF3913E-3FAC-4638-BA96-436758DC8F2E,2012-05-29 00:00:00.000
18635,17830,stacy22@adventure-works.com,150947EC-EC50-49F8-9A33-80186CAAFD17,2013-09-02 00:00:00.000
18636,17831,diana0@adventure-works.com,5DD53BB2-25A0-4656-911F-80CD27446A8C,2013-09-08 00:00:00.000
18637,17832,tyler20@adventure-works.com,D1FDF329-F7CF-47EA-AF56-ED1E33B0501E,2013-11-21 00:00:00.000
18638,17833,daniel14@adventure-works.com,FE77A5C0-BE5F-4988-86B2-704605250421,2014-03-09 00:00:00.000
18639,17834,orlando2@adventure-works.com,03F9F010-AC78-4C35-930E-D55458FFEC5B,2014-02-01 00:00:00.000
18640,17835,diana1@adventure-works.com,DCC3BD07-D177-45F4-864F-7B3ACF76D559,2013-03-10 00:00:00.000
18641,17836,tyler21@adventure-works.com,67AD89E2-E4DA-4225-BD8F-071AED09A8EE,2013-01-19 00:00:00.000
18642,17837,daniel15@adventure-works.com,BB81721E-F810-4844-A57B-66E176187DBF,2011-09-19 00:00:00.000
18643,17838,diana2@adventure-works.com,8DFBB6AE-1AD6-4DB6-98F9-C18AF1A34F9D,2011-07-10 00:00:00.000
18644,17839,tyler22@adventure-works.com,1AA7F0C0-9C72-48C0-A685-497B7E7479FB,2013-07-19 00:00:00.000
18645,17840,diana3@adventure-works.com,545268E8-77AA-46F3-9420-702818AC5CBB,2012-12-14 00:00:00.000
18646,17841,tyler23@adventure-works.com,A29DF9F5-6905-4DC1-A28F-D37C01E23400,2014-03-19 00:00:00.000
18647,17842,diana4@adventure-works.com,8158C3F6-C16F-4B6A-9581-98978B51C96B,2013-10-19 00:00:00.000
18648,17843,daniel16@adventure-works.com,66D61088-7745-4F14-9473-584318B0CBB7,2013-12-06 00:00:00.000
18649,17844,diana5@adventure-works.com,7E0C5147-F2B5-4B62-94F0-9C56932567F1,2014-03-26 00:00:00.000
18650,17845,diana6@adventure-works.com,B8E9064F-A667-4E61-AD50-C3EF261361DF,2014-01-20 00:00:00.000
18651,17846,christopher24@adventure-works.com,1C6F5ED9-2770-419C-A282-24F9E40435C0,2013-09-04 00:00:00.000
18652,17847,diana7@adventure-works.com,1932A7F2-FC11-4C5E-9F0E-94E7DBF47098,2013-05-12 00:00:00.000
18653,17848,daniel17@adventure-works.com,83716C5E-16B7-450A-9DC1-71E543BD8C9C,2013-11-16 00:00:00.000
18654,17849,diana8@adventure-works.com,17435341-3F29-458F-9C8F-9EB77EF743BD,2014-03-18 00:00:00.000
18655,17850,daniel18@adventure-works.com,B02CCA57-0041-4032-95B1-2BED7172E433,2014-05-31 00:00:00.000
18656,17851,diana9@adventure-works.com,8EEBEE6C-6BE3-47C2-A227-A21ED83C55A0,2013-02-25 00:00:00.000
18657,17852,daniel19@adventure-works.com,C745C7F4-8D9A-4320-BCC4-C9A0A96CE62A,2014-04-25 00:00:00.000
18658,17853,diana10@adventure-works.com,F0F967E1-9F40-4836-BA84-5925E7542ED6,2013-10-20 00:00:00.000
18659,17854,daniel20@adventure-works.com,72DB1021-BA4D-40D3-8784-327CE8C37887,2014-05-14 00:00:00.000
18660,17855,daniel21@adventure-works.com,EDA00758-D7BB-44CF-86E7-F7508CF26F64,2013-08-10 00:00:00.000
18661,17856,daniel22@adventure-works.com,FC27BC44-2871-4574-A611-3DD6EB440DAF,2013-10-18 00:00:00.000
18662,17857,diana11@adventure-works.com,6265673B-A254-41FD-88A6-636A6BBB5C18,2013-07-04 00:00:00.000
18663,17858,christopher25@adventure-works.com,96ED6BB7-7E93-4D03-B2CF-D89A73E84089,2013-07-17 00:00:00.000
18664,17859,diana12@adventure-works.com,7704CFEA-B7F7-47CC-BE0C-D8B22997478E,2013-09-07 00:00:00.000
18665,17860,diana13@adventure-works.com,81978194-F35D-493B-906B-059C52738494,2011-11-18 00:00:00.000
18666,17861,christopher26@adventure-works.com,1908C07A-257B-4C1A-BC1B-8B0331C0E4D8,2011-11-12 00:00:00.000
18667,17862,diana14@adventure-works.com,DD738228-496E-4429-9D4B-94A990EECFFC,2013-10-23 00:00:00.000
18668,17863,daniel23@adventure-works.com,CB43FC6C-7FC4-4769-934D-34E057E83030,2013-07-10 00:00:00.000
18669,17864,daniel24@adventure-works.com,FBCAD3CE-6B2C-41CE-8722-D198A2DE845D,2013-03-01 00:00:00.000
18670,17865,christopher27@adventure-works.com,483A08F0-D6F8-496B-912A-EF01ECAFD8FC,2013-07-09 00:00:00.000
18671,17866,diana15@adventure-works.com,6037EE21-AA20-4D38-834B-3CE0B21D47BE,2013-11-10 00:00:00.000
18672,17867,daniel25@adventure-works.com,9D3BEA26-DC9D-4856-95E2-474C6A196323,2013-10-08 00:00:00.000
18673,17868,jacob1@adventure-works.com,87D0F7EE-89A9-4F95-AD62-6341649CCF88,2014-01-09 00:00:00.000
18674,17869,diana16@adventure-works.com,9D6B8221-9D42-4FD8-AFD6-AD44A352D697,2014-02-12 00:00:00.000
18675,17870,jacob2@adventure-works.com,36A79360-C211-4C65-AF8B-809DF7944786,2014-04-29 00:00:00.000
18676,17871,jacob3@adventure-works.com,FF8851F1-A880-4F3A-976E-821741FF1E2F,2014-05-11 00:00:00.000
18677,17872,diana17@adventure-works.com,6E4D9D95-2790-4ADE-A389-2282E27D80C7,2013-06-18 00:00:00.000
18678,17873,diana18@adventure-works.com,7263A56A-7832-4087-9D6A-8D658296E82E,2013-12-09 00:00:00.000
18679,17874,orlando3@adventure-works.com,C4FA349B-5086-4D5F-80CA-F15BC628EB65,2013-10-16 00:00:00.000
18680,17875,diana19@adventure-works.com,03A074B2-5DA9-4DE8-83E4-9BE377FD8D2D,2013-12-25 00:00:00.000
18681,17876,diana20@adventure-works.com,3A4A6854-53C8-4DEE-827C-4C7BAE763146,2013-03-21 00:00:00.000
18682,17877,jacob4@adventure-works.com,A27AC51A-2128-4BA2-8A2D-FF4C49DBB77C,2014-06-12 00:00:00.000
18683,17878,jacob5@adventure-works.com,4E2AAD0B-4EE5-4247-9611-B7DED652F555,2013-09-23 00:00:00.000
18684,17879,diana21@adventure-works.com,80E506E6-B0D8-4627-A878-FDF9B77165EA,2012-10-15 00:00:00.000
18685,17880,jacob6@adventure-works.com,F35E8062-40C2-4663-8052-78C0AA0FDEE3,2013-12-19 00:00:00.000
18686,17881,joan19@adventure-works.com,3226F25C-90B1-49A3-9F8B-CE5EC9A2F1F5,2011-08-23 00:00:00.000
18687,17882,jacob7@adventure-works.com,D086C6B4-D3EC-41B8-9F98-B1DAE0704087,2012-01-04 00:00:00.000
18688,17883,erika0@adventure-works.com,3285B10D-EB17-486A-B09C-5E6D84E2DC88,2014-06-10 00:00:00.000
18689,17884,erika1@adventure-works.com,DC512A3E-F2FD-4271-939B-ACAF0C0DA269,2012-07-25 00:00:00.000
18690,17885,erika2@adventure-works.com,EBAF4504-0B75-47A6-90A7-AB6DC1C0F2AD,2013-05-03 00:00:00.000
18691,17886,jacob8@adventure-works.com,8B306687-3BCC-4566-915F-5D44F5DD62BC,2013-09-23 00:00:00.000
18692,17887,erika3@adventure-works.com,A36672C7-4A00-4AB0-8C37-1518CF89001C,2013-05-11 00:00:00.000
18693,17888,jacob9@adventure-works.com,935B836E-060E-47AE-A74B-A82F9469AC45,2013-04-19 00:00:00.000
18694,17889,jacob10@adventure-works.com,B18B07B2-DC37-4C4B-A636-09065B63E083,2014-04-17 00:00:00.000
18695,17890,erika4@adventure-works.com,F895A686-2B62-417C-B14E-BA65E6172595,2013-08-26 00:00:00.000
18696,17891,jacob11@adventure-works.com,9E2676E6-8FFC-48B9-8A18-041054579F47,2013-09-22 00:00:00.000
18697,17892,jacob12@adventure-works.com,9F43962B-5FE6-418F-A851-35FE1184E257,2013-07-09 00:00:00.000
18698,17893,orlando4@adventure-works.com,72A1C841-7FBE-4A3B-BCAA-FB3CA6C69F53,2012-08-07 00:00:00.000
18699,17894,erika5@adventure-works.com,5A6E8405-00F6-49C5-BACB-F1E957B68ECE,2012-06-02 00:00:00.000
18700,17895,erika6@adventure-works.com,0189F72E-7C70-4401-BB52-3ACAC0F79701,2012-02-14 00:00:00.000
18701,17896,erika7@adventure-works.com,314961E0-E885-44A7-81B7-BE4F7050CBC6,2014-04-03 00:00:00.000
18702,17897,erika8@adventure-works.com,B3996188-465C-4B97-8E25-18B7AB10AB11,2013-09-29 00:00:00.000
18703,17898,jacob13@adventure-works.com,6136B27D-6F19-409F-8929-4D3EAFEA9729,2013-07-29 00:00:00.000
18704,17899,jacob14@adventure-works.com,B6013BE1-60DD-4B58-AE0B-B8EA42B2899F,2013-08-25 00:00:00.000
18705,17900,erika9@adventure-works.com,9F270D71-B206-4706-8AEC-81CB07F4EB95,2013-06-07 00:00:00.000
18706,17901,jacob15@adventure-works.com,B263B89D-C08C-4330-81AC-B595E17E1AEB,2013-04-18 00:00:00.000
18707,17902,erika10@adventure-works.com,CB521443-B4CF-4023-A89B-05C9911E7969,2013-12-08 00:00:00.000
18708,17903,jacob16@adventure-works.com,BE776AD5-3D2C-4C52-BC1B-5C5BD894DF16,2013-03-21 00:00:00.000
18709,17904,jacob17@adventure-works.com,45EE043E-5910-46EF-8B23-109266A07835,2013-09-04 00:00:00.000
18710,17905,erika11@adventure-works.com,553A8060-6522-4F5F-B7F6-4E51B4E4D229,2011-10-30 00:00:00.000
18711,17906,jacob18@adventure-works.com,5FE7F2CA-3094-4270-9ACB-094A86557567,2013-05-06 00:00:00.000
18712,17907,jacob19@adventure-works.com,6566EFCB-78C4-48CC-987F-005ADD13227A,2014-05-17 00:00:00.000
18713,17908,erika12@adventure-works.com,F078569B-B3F1-43F5-97FA-3C8F788C9F1E,2013-08-23 00:00:00.000
18714,17909,michael33@adventure-works.com,8D4D9068-4BFA-4934-B182-E0D154E88970,2014-01-22 00:00:00.000
18715,17910,orlando5@adventure-works.com,6A7C35B7-4100-469A-931C-8909499944F3,2012-01-30 00:00:00.000
18716,17911,erika13@adventure-works.com,594FA900-0D0A-4630-88EE-57849CDB1290,2014-02-06 00:00:00.000
18717,17912,michael34@adventure-works.com,161E3BF8-4FDE-4D7A-81AD-D68A266D84A7,2013-11-22 00:00:00.000
18718,17913,erika14@adventure-works.com,2FA31102-5806-43FA-B21C-752D19344785,2012-11-16 00:00:00.000
18719,17914,michael35@adventure-works.com,ADE1E94D-0434-4FF8-857C-C3DD02BD0DAE,2013-11-12 00:00:00.000
18720,17915,michael36@adventure-works.com,C5BEECD8-D68C-48A7-B9BE-30A164BC9420,2013-11-19 00:00:00.000
18721,17916,michael37@adventure-works.com,0AB0A94B-C156-4C0C-B113-E2428B8D6F9D,2013-08-26 00:00:00.000
18722,17917,erika15@adventure-works.com,7524AA3E-51F1-4B7B-AC06-D53B135A4E25,2012-08-25 00:00:00.000
18723,17918,michael38@adventure-works.com,4B875649-D377-430A-A145-55093AAF0215,2012-09-24 00:00:00.000
18724,17919,erika16@adventure-works.com,4922E523-7CD4-42DE-ADC4-A7BF9852BBF2,2013-03-09 00:00:00.000
18725,17920,michael39@adventure-works.com,A7416C47-20B5-44FF-9D41-E73D9D4FFEE6,2013-11-27 00:00:00.000
18726,17921,erika17@adventure-works.com,170F56D9-5C6F-40E8-A2F6-F6E811188C78,2013-08-14 00:00:00.000
18727,17922,erika18@adventure-works.com,D590AD35-04A6-4B59-A588-3C8AB42C8164,2011-12-11 00:00:00.000
18728,17923,michael40@adventure-works.com,67F27465-9FE9-4006-A385-304A0B93CEF4,2011-08-10 00:00:00.000
18729,17924,erika19@adventure-works.com,20DB2485-E466-4652-9777-430BD8BA84EC,2014-03-21 00:00:00.000
18730,17925,michael41@adventure-works.com,3DCDF744-3F94-4083-9A09-8953F6262075,2014-03-26 00:00:00.000
18731,17926,natasha0@adventure-works.com,13A8C984-4FFE-4D4B-A103-E59C17A3CE4D,2013-05-02 00:00:00.000
18732,17927,michael42@adventure-works.com,2E3E90D1-B06E-4136-9120-EFF1631D09DE,2013-12-31 00:00:00.000
18733,17928,natasha1@adventure-works.com,D3F9B2D8-5C98-49B0-AB79-F71179338CEB,2014-03-10 00:00:00.000
18734,17929,michael43@adventure-works.com,4A2CE323-791D-43D8-8982-211F7DF30FD2,2013-11-14 00:00:00.000
18735,17930,orlando6@adventure-works.com,16A4AB59-5BC5-464D-8F77-91AF72E3375A,2013-09-14 00:00:00.000
18736,17931,natasha2@adventure-works.com,F4B47E1C-50FF-40A5-8A1D-FED60C9F4C73,2012-09-01 00:00:00.000
18737,17932,michael44@adventure-works.com,65746523-B7EF-452F-ACD1-7CF5E6E885CD,2013-12-19 00:00:00.000
18738,17933,natasha3@adventure-works.com,0E2C20AE-3E3F-4DAA-9DDF-5C40E4AC1356,2014-04-01 00:00:00.000
18739,17934,michael45@adventure-works.com,1B1A4280-78EB-4C56-9DFF-00A36ABF9426,2013-07-14 00:00:00.000
18740,17935,michael46@adventure-works.com,1901C87E-32D0-42D0-9CCE-93C1BD9AE9DC,2014-05-28 00:00:00.000
18741,17936,natasha4@adventure-works.com,5E314898-A0E8-4253-99A6-4BE1918C8395,2013-11-08 00:00:00.000
18742,17937,natasha5@adventure-works.com,6ECA5AEC-9323-418C-A280-DB94F278F53A,2014-04-22 00:00:00.000
18743,17938,michael47@adventure-works.com,7DA4FAA3-94B2-49C2-9A6F-CF4F46B11BB5,2012-08-11 00:00:00.000
18744,17939,michael48@adventure-works.com,6E307C76-E014-42D9-A51C-742803080D52,2014-04-03 00:00:00.000
18745,17940,natasha6@adventure-works.com,E178EDE2-D2A7-497F-9096-40E6B0B4F4BA,2013-05-05 00:00:00.000
18746,17941,michael49@adventure-works.com,14972912-5A06-4D37-9841-B5007DDD4F8F,2013-09-22 00:00:00.000
18747,17942,michael50@adventure-works.com,26CBC2BE-8F12-4E16-94C0-81C4799D2CBF,2013-09-22 00:00:00.000
18748,17943,natasha7@adventure-works.com,40A6DCF5-4F71-4872-910C-1ADA457A4435,2014-03-10 00:00:00.000
18749,17944,natasha8@adventure-works.com,DFA228EC-57A4-450E-9FEC-7AA7DDEF7F49,2012-06-09 00:00:00.000
18750,17945,natasha9@adventure-works.com,0E81533C-5388-4D44-ACAD-88FE8AE21841,2013-05-06 00:00:00.000
18751,17946,michael51@adventure-works.com,09B4ADA4-432D-4657-A1C3-288196E4CB46,2014-05-07 00:00:00.000
18752,17947,michael52@adventure-works.com,51723E47-530B-43B5-BAAD-127E1911D3BB,2014-01-09 00:00:00.000
18753,17948,natasha10@adventure-works.com,2658EE7B-6645-4076-B374-3A6627899304,2011-07-23 00:00:00.000
18754,17949,michael53@adventure-works.com,44D8D45B-17F2-451A-8808-C9FDDCED8415,2013-07-22 00:00:00.000
18755,17950,natasha11@adventure-works.com,A5FEC38F-E9C9-4935-8A22-88E7171EF101,2013-09-14 00:00:00.000
18756,17951,natasha12@adventure-works.com,E807BA27-5720-481F-9DB3-09CE9922F626,2013-08-14 00:00:00.000
18757,17952,joshua2@adventure-works.com,AD426E0C-9EAF-46CA-B728-42BD5E327FDA,2013-09-18 00:00:00.000
18758,17953,natasha13@adventure-works.com,AFE570E0-76A5-4694-8371-AD50666BECCE,2014-02-04 00:00:00.000
18759,17954,joshua3@adventure-works.com,86C880B2-15CF-4E25-8FF4-67D0CF7AA5CF,2014-04-19 00:00:00.000
18760,17955,natasha14@adventure-works.com,94E5F796-1B51-4662-AC5C-0322E2A1FD2E,2013-07-06 00:00:00.000
18761,17956,natasha15@adventure-works.com,00FAB4BC-A97E-4682-8B7C-C2521217CEBB,2013-05-05 00:00:00.000
18762,17957,joshua4@adventure-works.com,B78CFEC2-01DA-4ABA-ADE3-5061FD46AF4B,2014-05-27 00:00:00.000
18763,17958,joshua5@adventure-works.com,9A3134E7-2FEC-43B2-82AD-D49CA3F8C863,2014-03-29 00:00:00.000
18764,17959,natasha16@adventure-works.com,6B4FFCBE-DCDC-4F76-A2AF-3CBFE9AF129F,2011-09-15 00:00:00.000
18765,17960,joshua6@adventure-works.com,D026DD79-E64B-46C5-B645-C77D3D198CEE,2014-05-27 00:00:00.000
18766,17961,joshua7@adventure-works.com,E8824758-0974-45D8-A44A-348D1159D3FF,2014-03-02 00:00:00.000
18767,17962,natasha17@adventure-works.com,107F54B0-7E8E-49C2-B8E8-6F0FAAD155BF,2014-03-11 00:00:00.000
18768,17963,joshua8@adventure-works.com,38EACD58-6727-43D5-9CE2-269CE0D1D065,2012-05-27 00:00:00.000
18769,17964,natasha18@adventure-works.com,3EFF5F52-A5D4-446E-87E6-9ED9EA4D580B,2013-11-09 00:00:00.000
18770,17965,joshua9@adventure-works.com,C9B6A729-A97D-4C9B-A96C-7A0B42DABE00,2013-08-11 00:00:00.000
18771,17966,natasha19@adventure-works.com,1C0E348F-A45C-4AEC-9998-705B1374F37A,2014-05-27 00:00:00.000
18772,17967,kelvin33@adventure-works.com,24F07E6D-ABAD-4511-8317-BA25136370C3,2014-04-05 00:00:00.000
18773,17968,orlando7@adventure-works.com,4E792E26-9210-4794-8784-AD1B095E9B45,2013-09-22 00:00:00.000
18774,17969,natasha20@adventure-works.com,C488C02F-EDB9-4EAD-BEED-D59BD381A734,2013-11-01 00:00:00.000
18775,17970,natasha21@adventure-works.com,04642008-64F2-4419-A5B5-BFBBE7DE4C3E,2013-08-17 00:00:00.000
18776,17971,joshua10@adventure-works.com,495AA2DB-A2EF-4635-9243-4FDED05BA06B,2012-01-14 00:00:00.000
18777,17972,natasha22@adventure-works.com,F2473DF9-B41E-4DBD-8C37-27C24181A810,2014-03-15 00:00:00.000
18778,17973,meghan0@adventure-works.com,5F7872E6-8AA4-4D14-99A9-656347F0D0BD,2013-08-17 00:00:00.000
18779,17974,joshua11@adventure-works.com,9F437DD5-3B01-4936-A527-E5784DDF5AED,2013-11-14 00:00:00.000
18780,17975,meghan1@adventure-works.com,0B5D01BE-0D71-4945-8386-050B1DFFC8DC,2014-06-02 00:00:00.000
18781,17976,meghan2@adventure-works.com,C861344D-5788-4F19-ADED-63F997D9D00E,2012-09-22 00:00:00.000
18782,17977,joshua12@adventure-works.com,00C41CCB-A93F-4F1C-9C9E-74DCBEC328F3,2014-05-13 00:00:00.000
18783,17978,meghan3@adventure-works.com,29DBF05E-8273-4EE0-ABC9-9D22F649CBEB,2014-01-10 00:00:00.000
18784,17979,meghan4@adventure-works.com,7CD78E61-4B0D-4B65-90D6-F144BD1FD89F,2013-09-15 00:00:00.000
18785,17980,joshua13@adventure-works.com,C1AB70DE-D4CE-4FE6-8095-D327267AA858,2013-11-06 00:00:00.000
18786,17981,joshua14@adventure-works.com,1784885A-9D6B-4207-AB72-DDB6E2954A62,2014-01-10 00:00:00.000
18787,17982,meghan5@adventure-works.com,1360F251-1256-4A50-9617-75AAC46660BA,2013-10-31 00:00:00.000
18788,17983,joshua15@adventure-works.com,5EEB06F3-D7BA-4F96-AEF9-196D7AD19481,2013-08-16 00:00:00.000
18789,17984,orlando8@adventure-works.com,D686304A-CD25-47C8-B5D7-6DF15442D201,2014-05-01 00:00:00.000
18790,17985,meghan6@adventure-works.com,6CA36D87-0D93-4E3F-A129-8F605350D330,2013-03-06 00:00:00.000
18791,17986,meghan7@adventure-works.com,336343A3-34C2-4DD0-8622-7BD3F8F94359,2014-05-16 00:00:00.000
18792,17987,joshua16@adventure-works.com,E177EA23-33C3-4359-ADB1-5B8FD8139706,2013-08-21 00:00:00.000
18793,17988,joshua17@adventure-works.com,7B5FCCB2-35FF-4AA5-94C1-0AE520B97BD3,2012-11-25 00:00:00.000
18794,17989,joshua18@adventure-works.com,968D5209-BF0A-4A60-9E00-8F3AC5EFBE62,2014-06-03 00:00:00.000
18795,17990,meghan8@adventure-works.com,8E052FFD-1F2C-4B91-B727-9648B471BA61,2013-04-04 00:00:00.000
18796,17991,joshua19@adventure-works.com,E687BDE0-B295-4C53-9400-45390369AB7A,2014-05-03 00:00:00.000
18797,17992,meghan9@adventure-works.com,8D0907A2-90F4-48E2-BC73-50F71DADBBFC,2013-08-30 00:00:00.000
18798,17993,joshua20@adventure-works.com,2E646BA7-887C-4B02-A5E4-D3622BB23E00,2011-11-02 00:00:00.000
18799,17994,meghan10@adventure-works.com,8A822FD9-9451-45B1-B99A-A020D78B6A47,2012-06-24 00:00:00.000
18800,17995,meghan11@adventure-works.com,4EF2AF19-C78D-4C9F-9F1C-F294B5DF2F33,2012-07-18 00:00:00.000
18801,17996,joshua21@adventure-works.com,602842BF-8F85-4191-AD58-1C03936C0D3D,2014-02-06 00:00:00.000
18802,17997,joshua22@adventure-works.com,BD19BB27-E0C8-402E-BE02-C3392B44F911,2012-03-29 00:00:00.000
18803,17998,joshua23@adventure-works.com,4DB9DF3E-32F0-4576-8C3D-0CC241662604,2013-12-27 00:00:00.000
18804,17999,meghan12@adventure-works.com,B8DE710C-54E7-4D9D-8284-C911F0670694,2013-12-13 00:00:00.000
18805,18000,joshua24@adventure-works.com,CE3CCF76-BC6C-43BE-BB18-838966996879,2012-07-02 00:00:00.000
18806,18001,meghan13@adventure-works.com,5D7EF5BF-43AF-42AB-90AF-B7C0682E3CB9,2013-11-28 00:00:00.000
18807,18002,joshua25@adventure-works.com,B6D1134D-16C1-490C-A609-3F609F6FDAC4,2013-08-05 00:00:00.000
18808,18003,matthew6@adventure-works.com,1225EBC4-E4EF-40B5-B9EA-3B68A1160ED5,2011-11-16 00:00:00.000
18809,18004,meghan14@adventure-works.com,24E928DA-3D56-458C-983A-A8779C31F197,2011-12-19 00:00:00.000
18810,18005,orlando9@adventure-works.com,8C9A2FE0-5950-4FB5-9CD3-B86E2EFCCABC,2014-02-16 00:00:00.000
18811,18006,meghan15@adventure-works.com,EE708F9F-79E3-4835-A323-D80DF71A3FBB,2014-04-06 00:00:00.000
18812,18007,matthew7@adventure-works.com,1402402E-2D55-4777-9359-F0B3E1233CDD,2011-11-05 00:00:00.000
18813,18008,meghan16@adventure-works.com,27585BF5-3EF3-4CA4-A930-F3220E944A6D,2013-07-11 00:00:00.000
18814,18009,mary38@adventure-works.com,8F73CA31-D4F5-4B72-AFD5-1714369C6100,2013-08-12 00:00:00.000
18815,18010,meghan17@adventure-works.com,D6A96F46-1CBD-4A6F-B010-6FFA133FDC3E,2013-11-13 00:00:00.000
18816,18011,meghan18@adventure-works.com,DC4A9023-495F-4F67-A2B1-CA7AAD517388,2013-12-13 00:00:00.000
18817,18012,matthew8@adventure-works.com,FE2B92C3-3984-4026-9DDD-40E2C2A18C44,2013-08-24 00:00:00.000
18818,18013,matthew9@adventure-works.com,43CAB5A2-D9C9-480D-9F17-4AD2B171E705,2013-09-29 00:00:00.000
18819,18014,meghan19@adventure-works.com,DB22A4A8-D385-47D2-8BD0-DAF6D3068E20,2013-12-08 00:00:00.000
18820,18015,meghan20@adventure-works.com,86D83F6D-74C3-443D-AC84-21EA72C3E805,2013-08-18 00:00:00.000
18821,18016,matthew10@adventure-works.com,81912515-BD0F-4D9B-B177-3F2BFBA2451E,2013-04-26 00:00:00.000
18822,18017,matthew11@adventure-works.com,4A31B62F-AD10-44CC-B3BE-DF2AFEBCFD4A,2013-11-24 00:00:00.000
18823,18018,meghan21@adventure-works.com,02F79630-FC68-4F05-8B28-D668829B33C2,2012-09-09 00:00:00.000
18824,18019,matthew12@adventure-works.com,0ECA8D26-83A1-4E68-A742-4E136819381B,2013-04-12 00:00:00.000
18825,18020,dana16@adventure-works.com,4290AA6E-7D32-461A-987E-9AEC6904A905,2013-06-13 00:00:00.000
18826,18021,dana17@adventure-works.com,7DC3EC59-11CC-4675-85CC-706D8C7BE49F,2013-11-24 00:00:00.000
18827,18022,dana18@adventure-works.com,E59B0BD8-BF8A-4493-BD2C-EA33F097EBEB,2012-03-09 00:00:00.000
18828,18023,matthew13@adventure-works.com,F89C3C04-12F8-4BAB-93E7-2AA9DAA537C3,2013-09-11 00:00:00.000
18829,18024,dana19@adventure-works.com,3687539B-60CC-47B4-B70F-6064D623131F,2014-02-18 00:00:00.000
18830,18025,dana20@adventure-works.com,594AE564-1216-4BCA-9363-E0391689631E,2012-11-22 00:00:00.000
18831,18026,dana21@adventure-works.com,E4B9D385-E86C-4263-B59A-523D336E411B,2013-03-29 00:00:00.000
18832,18027,matthew14@adventure-works.com,3DF2D87C-565E-4D84-8ADD-0DB7C2E841DA,2014-04-20 00:00:00.000
18833,18028,dana22@adventure-works.com,CE0DB931-80E3-45EE-8326-44AA057C660D,2013-03-27 00:00:00.000
18834,18029,matthew15@adventure-works.com,FC8057AF-47F1-41F8-9D6C-EFD8AB2831B4,2013-07-06 00:00:00.000
18835,18030,matthew16@adventure-works.com,EB05D0A2-B2A0-43BC-9929-F14F22846251,2013-10-24 00:00:00.000
18836,18031,dana23@adventure-works.com,6B882986-BD4B-4EFF-884F-A2F724A048D1,2013-12-30 00:00:00.000
18837,18032,dana24@adventure-works.com,76F312C2-A104-422C-86E7-474397364C75,2014-03-03 00:00:00.000
18838,18033,brandy0@adventure-works.com,A343142E-437A-4F7E-9305-524CDE6AEA02,2013-08-13 00:00:00.000
18839,18034,matthew17@adventure-works.com,E4F80D88-3EAC-47D8-A92E-844C319AFC5E,2014-04-16 00:00:00.000
18840,18035,matthew18@adventure-works.com,016F5F66-4A29-43D9-ADDF-1C91B295680B,2013-07-03 00:00:00.000
18841,18036,matthew19@adventure-works.com,68B2B695-7DDF-4492-8E26-6F2A9B645F75,2013-10-14 00:00:00.000
18842,18037,brandy1@adventure-works.com,948EB703-E160-417C-94BF-C48706FCA29D,2014-04-28 00:00:00.000
18843,18038,matthew20@adventure-works.com,108A83C4-F45C-420F-881B-7EDD58BD0258,2014-03-22 00:00:00.000
18844,18039,orlando10@adventure-works.com,5A79D8FB-795A-44C1-87A7-D16F57D87F3C,2012-03-19 00:00:00.000
18845,18040,brandy2@adventure-works.com,EB816A38-CA64-4741-A2B8-E9BD8DDD216F,2013-05-30 00:00:00.000
18846,18041,matthew21@adventure-works.com,982D4CAD-9224-47CC-81DD-E3D7642791FA,2014-05-21 00:00:00.000
18847,18042,matthew22@adventure-works.com,CEF9AE6B-91BE-4774-B949-4D9A78262E0D,2014-01-01 00:00:00.000
18848,18043,brandy3@adventure-works.com,13009360-1D3B-4466-9776-5C706BD4AD3E,2014-05-24 00:00:00.000
18849,18044,matthew23@adventure-works.com,209D2ED9-DD29-4751-8A5C-00CAE8F9788D,2014-01-01 00:00:00.000
18850,18045,brandy4@adventure-works.com,79E3247C-18E7-497E-BCF7-4B5B7D671082,2013-10-10 00:00:00.000
18851,18046,brandy5@adventure-works.com,F664DFD3-09D9-4105-83C2-C8B802E171AD,2014-03-16 00:00:00.000
18852,18047,matthew24@adventure-works.com,91951447-3B57-4A6F-9DA7-0ECDC11FC064,2013-10-12 00:00:00.000
18853,18048,brandy6@adventure-works.com,40DAF5A4-8E2B-4AD4-A3ED-575A51AD6C46,2012-03-22 00:00:00.000
18854,18049,brandy7@adventure-works.com,11218042-FDC0-49AA-BBAD-AA42487B296A,2013-02-02 00:00:00.000
18855,18050,brandy8@adventure-works.com,D1C96261-38B7-4AFD-AEB7-E65DB70D8B44,2013-07-04 00:00:00.000
18856,18051,matthew25@adventure-works.com,44C00FBB-CB0F-4ED4-8796-888CC23F5F75,2013-11-06 00:00:00.000
18857,18052,brandy9@adventure-works.com,D387F176-532E-409B-A694-01465E91D071,2014-05-15 00:00:00.000
18858,18053,brandy10@adventure-works.com,E9C4A027-64B9-4906-8426-AC8652221478,2013-07-08 00:00:00.000
18859,18054,orlando11@adventure-works.com,22A3F87C-5402-4C7C-9EBA-2EAF00267BA4,2014-03-29 00:00:00.000
18860,18055,brandy11@adventure-works.com,2ADBE6B1-8F65-4802-B70C-18701A501849,2012-07-30 00:00:00.000
18861,18056,matthew26@adventure-works.com,D14EEE6B-ED48-4986-9C31-BDB4F82EF766,2011-12-31 00:00:00.000
18862,18057,matthew27@adventure-works.com,66F66AB7-6DA5-4D9A-B656-E8700332C7BA,2014-04-02 00:00:00.000
18863,18058,andrew9@adventure-works.com,277BB1AB-0AED-49B6-8931-B96CEAF92B01,2013-08-20 00:00:00.000
18864,18059,brandy12@adventure-works.com,5F5A6653-190C-4732-8F0B-1B2D5A388D7E,2012-11-12 00:00:00.000
18865,18060,brandy13@adventure-works.com,0A01D303-508F-4F30-9156-0B727690C875,2013-10-30 00:00:00.000
18866,18061,brandy14@adventure-works.com,F496BE39-5565-4449-9296-1CFCE2DE766E,2013-09-05 00:00:00.000
18867,18062,andrew10@adventure-works.com,6325D274-6D4F-40D2-96E3-210DF588F18B,2013-04-02 00:00:00.000
18868,18063,andrew11@adventure-works.com,A5E156E4-72FA-47CD-A168-FBF1DDB7A18A,2014-04-11 00:00:00.000
18869,18064,andrew12@adventure-works.com,D9F93478-F168-4AB0-AC85-59313C4FBAA5,2012-10-21 00:00:00.000
18870,18065,andrew13@adventure-works.com,20171D68-5068-47DC-A929-31251BC8E0D1,2014-03-26 00:00:00.000
18871,18066,brandy15@adventure-works.com,23ABAB6F-863E-4384-AA26-541773D64892,2013-08-06 00:00:00.000
18872,18067,andrew14@adventure-works.com,E1176962-B5F0-494D-90CC-68688ACBBF5F,2014-04-04 00:00:00.000
18873,18068,brandy16@adventure-works.com,6BE984B0-6654-4B4D-B44F-D5A2B148FD0F,2012-01-24 00:00:00.000
18874,18069,brandy17@adventure-works.com,A2FE434A-B592-4742-8BA2-6878106229C0,2014-03-16 00:00:00.000
18875,18070,whitney0@adventure-works.com,BEAD0800-736D-456D-B518-9C8BFF524BD4,2012-09-28 00:00:00.000
18876,18071,andrew15@adventure-works.com,00C71E19-270A-4733-9F9D-12BD50E6485B,2014-04-16 00:00:00.000
18877,18072,whitney1@adventure-works.com,BFF36315-00A0-455D-A3EE-6D255D4E4978,2014-04-09 00:00:00.000
18878,18073,andrew16@adventure-works.com,13703205-5183-42FE-ACA3-C0C94C907040,2014-03-20 00:00:00.000
18879,18074,andrew17@adventure-works.com,C1FA7600-2095-433C-AA6D-F822839009F6,2013-07-09 00:00:00.000
18880,18075,orlando12@adventure-works.com,E3BA6AA4-960E-4690-A48A-D6F18821A6C0,2014-02-08 00:00:00.000
18881,18076,whitney2@adventure-works.com,0D2F9CBD-74ED-48B1-9FB0-26EBECA7DA77,2013-12-11 00:00:00.000
18882,18077,andrew18@adventure-works.com,B985A936-E414-477A-B1A5-8C20EC7F9D96,2013-08-23 00:00:00.000
18883,18078,whitney3@adventure-works.com,2B10EF7F-C9A3-4B5F-939C-D87C452448F5,2013-04-30 00:00:00.000
18884,18079,whitney4@adventure-works.com,D94A3CD6-CE9B-4A08-BD96-D24DDA78FCB5,2012-11-10 00:00:00.000
18885,18080,andrew19@adventure-works.com,D05A88AF-017F-4636-9ECC-A1C1112E995A,2013-10-14 00:00:00.000
18886,18081,andrew20@adventure-works.com,EFF943F5-92A2-4F7B-8AD4-203E29915A4C,2011-11-07 00:00:00.000
18887,18082,andrew21@adventure-works.com,032BE7DF-94AA-45CF-BF2B-6F9BEE1F3100,2014-03-14 00:00:00.000
18888,18083,whitney5@adventure-works.com,D7748CAA-62E5-41EE-BCEB-F54E1860A0A1,2014-01-21 00:00:00.000
18889,18084,andrew22@adventure-works.com,59B190EC-5DDC-4749-B635-1996B774A712,2013-07-03 00:00:00.000
18890,18085,tamer0@adventure-works.com,AB14DB5E-C634-487D-A6FA-F573D760EA35,2013-10-31 00:00:00.000
18891,18086,andrew23@adventure-works.com,C394A3B1-1376-4C86-964D-88EC4CC4A03F,2013-12-19 00:00:00.000
18892,18087,andrew24@adventure-works.com,C9B94EBA-FB6B-408C-AD39-2E8C7D303347,2013-06-30 00:00:00.000
18893,18088,whitney6@adventure-works.com,4334498A-387A-473B-A2C8-EC186A085DD0,2013-12-02 00:00:00.000
18894,18089,andrew25@adventure-works.com,E41A2AE3-55E2-40CA-B862-593C0684104F,2012-12-27 00:00:00.000
18895,18090,whitney7@adventure-works.com,81C40D2A-A64A-4B75-A756-34E0DF5FEF1E,2014-05-05 00:00:00.000
18896,18091,andrew26@adventure-works.com,99A278C2-204C-412D-8D6B-11981940103C,2013-11-25 00:00:00.000
18897,18092,whitney8@adventure-works.com,EAD9B9CD-D02C-4CEC-95C3-2130688D0053,2013-11-18 00:00:00.000
18898,18093,andrew27@adventure-works.com,66C7D3D6-0FF9-4D5F-AC58-C737638B0C28,2012-03-04 00:00:00.000
18899,18094,orlando13@adventure-works.com,4EFA422B-8A32-41AA-AEFE-498B463AD452,2014-02-09 00:00:00.000
18900,18095,whitney9@adventure-works.com,B6047373-DAAE-4B80-8528-F30A42815955,2014-05-25 00:00:00.000
18901,18096,andrew28@adventure-works.com,3D937EF5-0659-473F-9202-2FA4D6B2AE9A,2014-03-03 00:00:00.000
18902,18097,whitney10@adventure-works.com,ADBD36EB-8F62-416A-8F70-A164C662C7BE,2012-09-23 00:00:00.000
18903,18098,andrew29@adventure-works.com,8D823B50-F8DD-492F-B1FC-F378CD03159B,2014-05-18 00:00:00.000
18904,18099,whitney11@adventure-works.com,77373276-1507-4DB3-A890-F79DAA0A7071,2014-03-13 00:00:00.000
18905,18100,whitney12@adventure-works.com,4336D1D8-96FA-45F0-807F-ABB416B1679D,2012-11-09 00:00:00.000
18906,18101,andrew30@adventure-works.com,64DD390A-C3B6-4926-A019-8FEA40C84C5C,2012-12-23 00:00:00.000
18907,18102,joseph6@adventure-works.com,05758575-97F1-4841-88BC-2BC053BAA3F7,2013-08-29 00:00:00.000
18908,18103,whitney13@adventure-works.com,A47D384F-22A8-4D8D-8E52-3544A65B63A5,2014-02-26 00:00:00.000
18909,18104,joseph7@adventure-works.com,1EF34C06-8FD2-4847-B7EF-375AD604EEA5,2013-07-10 00:00:00.000
18910,18105,whitney14@adventure-works.com,38CFFA17-818C-4158-8366-730BC50DB55E,2013-08-30 00:00:00.000
18911,18106,joseph8@adventure-works.com,2A47587B-9A0F-417C-A827-6328B6BA56CA,2013-08-06 00:00:00.000
18912,18107,joseph9@adventure-works.com,237CA5A9-6399-4553-B0EA-1D26A5AB2838,2014-03-06 00:00:00.000
18913,18108,whitney15@adventure-works.com,F6424EB1-FEE4-488C-B8B9-A7ACFB5B672E,2013-08-29 00:00:00.000
18914,18109,joseph10@adventure-works.com,D6092BAE-FD35-4939-AB0F-CA0E519DAE31,2011-07-15 00:00:00.000
18915,18110,joseph11@adventure-works.com,535358D1-7766-4D9D-A2F9-1225FC68AD9A,2013-11-21 00:00:00.000
18916,18111,whitney16@adventure-works.com,71D7C801-4024-4B21-B82D-814557FB76A5,2012-10-30 00:00:00.000
18917,18112,joseph12@adventure-works.com,DC44C2A8-6D21-4331-8A17-24B6776F9B26,2011-11-21 00:00:00.000
18918,18113,joseph13@adventure-works.com,EBBAE147-CF48-423C-9DB4-9DF994C8287F,2013-11-28 00:00:00.000
18919,18114,whitney17@adventure-works.com,18862539-FCF4-45FE-8350-8D562F26EBF4,2013-11-13 00:00:00.000
18920,18115,orlando14@adventure-works.com,611F7729-F302-4099-A413-47544B1D7FBC,2012-02-26 00:00:00.000
18921,18116,whitney18@adventure-works.com,784336F8-FAAF-4DFD-AEE7-06A611A5BB2E,2014-06-22 00:00:00.000
18922,18117,joseph14@adventure-works.com,2F4E9B3D-B43C-494C-A5DB-FF3032B0FB96,2013-11-10 00:00:00.000
18923,18118,whitney19@adventure-works.com,DC588037-CD6F-43E7-9374-7E4CF1A2B06A,2013-11-16 00:00:00.000
18924,18119,whitney20@adventure-works.com,8C5E6AE7-F3B0-4BAE-94B8-72A35DAE9D72,2013-08-09 00:00:00.000
18925,18120,joseph15@adventure-works.com,F8014304-A640-44A6-A703-66EFDDD1F9B4,2012-10-20 00:00:00.000
18926,18121,joseph16@adventure-works.com,6D2A659E-EF88-41A5-863B-CD8EB64C62A9,2012-05-08 00:00:00.000
18927,18122,chelsea0@adventure-works.com,3573CFF9-BADD-4F31-8B5E-35FB694A9CF0,2013-11-30 00:00:00.000
18928,18123,chelsea1@adventure-works.com,86EC70F5-2438-49A3-A290-E36F9D4A9C73,2014-01-04 00:00:00.000
18929,18124,joseph17@adventure-works.com,B1C59BC8-E914-4CE1-921B-6BA3B065CD71,2014-06-09 00:00:00.000
18930,18125,chelsea2@adventure-works.com,BE0DF770-71D8-43AD-A033-A7FBE48DA6A6,2014-05-07 00:00:00.000
18931,18126,chelsea3@adventure-works.com,E9325B89-A878-4D2A-9A0F-8C194D1EEC9A,2014-02-13 00:00:00.000
18932,18127,chelsea4@adventure-works.com,9853AA15-A103-4EF5-BA8C-0B71AAEDCAF2,2013-09-16 00:00:00.000
18933,18128,chelsea5@adventure-works.com,9EAEE95A-4E1C-4F28-80A8-0BB1BF376A90,2013-09-17 00:00:00.000
18934,18129,joseph18@adventure-works.com,C123F4E3-AD4C-4A5E-937B-5C9D634C235C,2012-03-05 00:00:00.000
18935,18130,chelsea6@adventure-works.com,22D164EC-1E6F-4B45-B600-960AB2265C7F,2013-07-19 00:00:00.000
18936,18131,joseph19@adventure-works.com,72760553-60E9-4064-8834-CFF513157583,2013-10-28 00:00:00.000
18937,18132,orlando15@adventure-works.com,38DD27D9-E5E6-488E-BBCA-067FC188BFE8,2012-10-01 00:00:00.000
18938,18133,chelsea7@adventure-works.com,8243A192-67F4-4F71-91DA-C59568DC97C7,2014-04-24 00:00:00.000
18939,18134,chelsea8@adventure-works.com,6E2310A0-7C19-4A20-8FBB-6BC48199D856,2013-11-12 00:00:00.000
18940,18135,chelsea9@adventure-works.com,3E832DB7-B698-4E5F-8DF3-D61C7E301EB7,2014-02-18 00:00:00.000
18941,18136,chelsea10@adventure-works.com,A8E64389-9199-41E7-9ECD-3172D43E9B12,2013-08-24 00:00:00.000
18942,18137,chelsea11@adventure-works.com,C4CAF71D-2E38-404C-924C-E06F45EE81CB,2013-06-30 00:00:00.000
18943,18138,chelsea12@adventure-works.com,47BF7CC4-E569-469A-9CA5-0910177EFA54,2012-07-25 00:00:00.000
18944,18139,joseph20@adventure-works.com,0AB45011-9EF3-4399-8053-AA2D45EC5CF6,2014-03-01 00:00:00.000
18945,18140,chelsea13@adventure-works.com,5C74C51C-318E-4293-A21B-99C20E9B6DA6,2014-04-06 00:00:00.000
18946,18141,joseph21@adventure-works.com,528AE4E6-D2C9-43C1-9B89-49AB48C40491,2011-12-03 00:00:00.000
18947,18142,chelsea14@adventure-works.com,DA51818A-6FE0-463E-B1CB-54B750878183,2014-03-12 00:00:00.000
18948,18143,joseph22@adventure-works.com,BBC0CF31-AD95-4C89-A7F2-93B39E184C63,2013-10-31 00:00:00.000
18949,18144,chelsea15@adventure-works.com,1EAF1E89-5611-416D-A87B-B86F9A1DC9B7,2012-11-21 00:00:00.000
18950,18145,kelvin34@adventure-works.com,22EE7E0A-2453-4696-A38C-D8D2FD32DB91,2014-01-25 00:00:00.000
18951,18146,orlando16@adventure-works.com,72BFC66F-73FC-41FD-BC49-E82E6238A337,2012-01-11 00:00:00.000
18952,18147,chelsea16@adventure-works.com,25AD35D1-53B6-47B6-A136-AD4C674E62B3,2013-08-02 00:00:00.000
18953,18148,chelsea17@adventure-works.com,08A84D4A-0C09-4F36-A99D-6ABCE20CC36E,2014-04-03 00:00:00.000
18954,18149,chelsea18@adventure-works.com,995EEE37-41BB-4E3B-B527-0AC897E809FC,2014-03-30 00:00:00.000
18955,18150,joseph23@adventure-works.com,C181F8B6-20B2-4E5C-AB35-91E3CFB4680C,2012-04-02 00:00:00.000
18956,18151,joseph24@adventure-works.com,10A9CB07-2822-4414-B0A0-AE6FB54F6EF5,2013-07-18 00:00:00.000
18957,18152,joseph25@adventure-works.com,F0A78319-4239-49FA-8579-98EA22804D6C,2013-07-25 00:00:00.000
18958,18153,chelsea19@adventure-works.com,EEB08F15-FB90-4F25-A0A3-D0D450BBC283,2012-04-16 00:00:00.000
18959,18154,joseph26@adventure-works.com,DB710F89-6BDC-41EA-A4CC-73CF943CEC65,2013-11-26 00:00:00.000
18960,18155,chelsea20@adventure-works.com,0B1EAB05-116F-4094-8FBA-7A2B9098EA84,2014-05-12 00:00:00.000
18961,18156,chelsea21@adventure-works.com,1AC221D7-E5F7-45C6-9C64-9A1634BA81EF,2013-10-25 00:00:00.000
18962,18157,joseph27@adventure-works.com,39FDCC1F-2D74-4DB5-8439-F71530EA73CA,2012-07-06 00:00:00.000
18963,18158,chelsea22@adventure-works.com,32AF5451-62D8-4AAA-ADE3-F0C67610A2A6,2013-11-12 00:00:00.000
18964,18159,joseph28@adventure-works.com,B8152483-455F-4FD8-A616-9DEA68F1556E,2014-03-15 00:00:00.000
18965,18160,chelsea23@adventure-works.com,0B8AC77C-A80D-419F-8A12-9C68FF4C4452,2013-06-19 00:00:00.000
18966,18161,joseph29@adventure-works.com,934EEC17-62FE-4DA8-B6B2-6CE581BC1065,2013-12-11 00:00:00.000
18967,18162,veronica0@adventure-works.com,DDEB0775-731C-4914-961E-87F0B4B18563,2013-12-07 00:00:00.000
18968,18163,veronica1@adventure-works.com,B962112F-8F3C-4431-9F3C-77C28DABD531,2012-03-01 00:00:00.000
18969,18164,joseph30@adventure-works.com,D1FB9F50-66AD-4045-B08C-881F0025250D,2014-03-22 00:00:00.000
18970,18165,orlando17@adventure-works.com,39C75F8B-FC79-444C-AB56-A239A27B3194,2013-08-31 00:00:00.000
18971,18166,veronica2@adventure-works.com,5B6C9540-D576-417A-B99D-18CD84D8BDE0,2013-01-29 00:00:00.000
18972,18167,veronica3@adventure-works.com,C02320B5-1AE1-4568-BBE3-9D955ED25E4F,2013-10-01 00:00:00.000
18973,18168,veronica4@adventure-works.com,ADD04869-2BC9-44A9-8D05-7082745D9D62,2012-09-10 00:00:00.000
18974,18169,veronica5@adventure-works.com,93F97C28-FAFC-4646-B5CB-BA841F613A63,2012-04-25 00:00:00.000
18975,18170,veronica6@adventure-works.com,5E868D00-46BB-4CEA-BF99-EFEC6EAF7F4D,2012-08-25 00:00:00.000
18976,18171,veronica7@adventure-works.com,4FCC6970-CF4A-40EB-9692-C5BED5199A19,2012-04-11 00:00:00.000
18977,18172,nicholas4@adventure-works.com,BF783353-5986-43CA-926E-5AB006BD3BC0,2014-01-27 00:00:00.000
18978,18173,veronica8@adventure-works.com,DA270643-4538-41E6-9D9C-AA9963CBFA0C,2013-08-25 00:00:00.000
18979,18174,nicholas5@adventure-works.com,1E598F9B-E60D-43D7-AA6E-A1EFDA3B0E61,2014-01-21 00:00:00.000
18980,18175,veronica9@adventure-works.com,F6826D4A-F59D-42A1-B8E1-AEED20CD8218,2012-04-05 00:00:00.000
18981,18176,veronica10@adventure-works.com,BA5E2F4B-1776-4A62-A3A5-52464A27A8AA,2014-03-23 00:00:00.000
18982,18177,orlando18@adventure-works.com,3D6CA620-1E27-498A-A065-2D98FC9BB393,2012-01-31 00:00:00.000
18983,18178,veronica11@adventure-works.com,3F444E6F-5830-44B6-9A92-3F7DA6953575,2014-02-21 00:00:00.000
18984,18179,nicholas6@adventure-works.com,C34BA83D-0681-4261-A15A-3312B0EAB9EE,2013-08-08 00:00:00.000
18985,18180,nicholas7@adventure-works.com,2301730E-867E-473B-A5C6-D6A8F32D4B01,2013-12-16 00:00:00.000
18986,18181,veronica12@adventure-works.com,CD91010D-65C8-48F9-866E-2BD55F5AAD42,2012-03-29 00:00:00.000
18987,18182,nicholas8@adventure-works.com,B9F4F116-8936-4EC0-A01A-6CA05811E27C,2013-10-13 00:00:00.000
18988,18183,veronica13@adventure-works.com,E5E34A06-5F2B-413B-8EA0-BE40D00883CD,2014-02-11 00:00:00.000
18989,18184,veronica14@adventure-works.com,B97D7DE4-03F3-452E-967C-E322FA662980,2011-12-12 00:00:00.000
18990,18185,veronica15@adventure-works.com,55C129A5-EC53-4A82-90F0-1FB5DBDB0C03,2014-03-23 00:00:00.000
18991,18186,veronica16@adventure-works.com,E5E0D7EA-0650-4FBF-A329-C6FDF5FEDE29,2013-12-02 00:00:00.000
18992,18187,nicholas9@adventure-works.com,8DD3F2B6-2984-47AA-B406-0C1E352748BA,2013-11-08 00:00:00.000
18993,18188,veronica17@adventure-works.com,1E153991-5A2D-487E-B1D8-A4F6D02667DF,2014-05-22 00:00:00.000
18994,18189,veronica18@adventure-works.com,AD81DA7B-AB8E-4A21-A814-6C70CB881DEF,2013-11-21 00:00:00.000
18995,18190,nicholas10@adventure-works.com,3C022F87-8E17-4D7D-8610-D58B346CB6A8,2014-01-27 00:00:00.000
18996,18191,nicholas11@adventure-works.com,F0F48159-B203-4FEE-91B7-108AAA99D246,2013-09-18 00:00:00.000
18997,18192,veronica19@adventure-works.com,5E33C6CE-3C21-4FB6-8915-A2841EA1CE53,2013-11-29 00:00:00.000
18998,18193,nicholas12@adventure-works.com,B9424DC4-DB8F-49C8-901C-117C76D3CC2D,2013-12-08 00:00:00.000
18999,18194,nicholas13@adventure-works.com,EE6191FA-1E69-456A-A875-4E118A94D8CC,2014-03-07 00:00:00.000
19000,18195,veronica20@adventure-works.com,7527575A-5429-4805-AB97-888EADC30041,2012-12-05 00:00:00.000
19001,18196,orlando19@adventure-works.com,770DDBD4-1357-44CA-B4F0-58AFE52CFF5D,2013-11-24 00:00:00.000
19002,18197,veronica21@adventure-works.com,1F35E04C-0F58-4409-9E37-6B29A4E3925D,2014-01-30 00:00:00.000
19003,18198,nicholas14@adventure-works.com,0201F5FB-0A31-43F9-B9B0-AF0705AF3658,2013-09-10 00:00:00.000
19004,18199,nicholas15@adventure-works.com,0F519B69-A42E-48F0-8E6F-98AA2347A53D,2014-04-09 00:00:00.000
19005,18200,veronica22@adventure-works.com,78C3CE20-2C70-451F-AF9C-BDDC6FE07A54,2014-02-04 00:00:00.000
19006,18201,nicholas16@adventure-works.com,5DF8295C-76F4-48DC-A3C2-C99485C21770,2012-01-14 00:00:00.000
19007,18202,nicholas17@adventure-works.com,F7E58CBD-2F1C-49F5-A266-B4D94741C58C,2014-04-11 00:00:00.000
19008,18203,veronica23@adventure-works.com,2AE54B52-B72D-40F5-859E-A4290416097A,2014-02-08 00:00:00.000
19009,18204,gary10@adventure-works.com,1759D881-B6B7-45D6-B957-2DA89462B116,2014-01-24 00:00:00.000
19010,18205,nicholas18@adventure-works.com,6CDA0A63-7FC8-476D-B753-80C345278622,2014-02-25 00:00:00.000
19011,18206,gary11@adventure-works.com,8C078977-FA22-4DD3-8046-53095178AA38,2013-06-30 00:00:00.000
19012,18207,nicholas19@adventure-works.com,5D305C18-06C2-4157-9BBA-7CBE077D9A05,2013-12-13 00:00:00.000
19013,18208,gary12@adventure-works.com,9E82B1B8-9CBD-4CB9-8471-F38783E2F715,2014-01-19 00:00:00.000
19014,18209,lauren43@adventure-works.com,C0B67301-42C6-4FF5-B18E-B3C27E1BD876,2013-07-10 00:00:00.000
19015,18210,lauren44@adventure-works.com,17ACAAD0-D4AC-4857-B46D-4E65ECD3614D,2013-10-30 00:00:00.000
19016,18211,gary13@adventure-works.com,F2E4D255-9615-49D9-A318-D84B23DF1419,2013-08-06 00:00:00.000
19017,18212,lauren45@adventure-works.com,4B004A9B-AABA-4691-89A8-D22E7F78D630,2014-02-15 00:00:00.000
19018,18213,gary14@adventure-works.com,720F03C0-B61C-414D-B00A-5AD1D070E77D,2013-12-04 00:00:00.000
19019,18214,lauren46@adventure-works.com,DEF8CFE2-78EB-4621-AB0D-0F986FEBFC6E,2013-06-30 00:00:00.000
19020,18215,lauren47@adventure-works.com,5E57C278-B3AC-4F39-987E-2C6EBD6E6719,2013-06-30 00:00:00.000
19021,18216,gary15@adventure-works.com,5CF47492-8DDD-439E-A461-D5CA24E9B42C,2014-03-04 00:00:00.000
19022,18217,gary16@adventure-works.com,7D3360CF-9CB7-40A0-9F1F-50FAA9D83EFC,2013-07-02 00:00:00.000
19023,18218,lauren48@adventure-works.com,C155929D-000F-469F-82D6-696D3B1BEC95,2013-09-23 00:00:00.000
19024,18219,orlando20@adventure-works.com,14F2FD19-CB6D-49F5-B29E-B264CEDC3E37,2013-07-28 00:00:00.000
19025,18220,gary17@adventure-works.com,522C8D37-380D-467E-B23C-860DDB6DDDBC,2014-04-09 00:00:00.000
19026,18221,gary18@adventure-works.com,03BE05E6-F8F2-464E-BD15-0949967C4DAD,2013-11-13 00:00:00.000
19027,18222,gary19@adventure-works.com,AA36BB9F-AF81-44F7-AE20-0139509B2B06,2011-12-14 00:00:00.000
19028,18223,gary20@adventure-works.com,4F7C94EF-1C5B-4D9F-9D11-0060435D5078,2012-09-05 00:00:00.000
19029,18224,lauren49@adventure-works.com,A1D928B6-5352-478E-BA38-7C0DC88ED1E6,2012-11-02 00:00:00.000
19030,18225,gary21@adventure-works.com,7A8B571C-D848-4A7F-93A7-F17032BC1465,2013-05-01 00:00:00.000
19031,18226,gary22@adventure-works.com,213C5963-BB8B-4FD0-9A6A-80C7F6F17FF1,2012-09-17 00:00:00.000
19032,18227,gary23@adventure-works.com,F8977A28-5E52-4297-A525-4117BDBE9AB5,2012-10-15 00:00:00.000
19033,18228,gary24@adventure-works.com,03C502D9-E07F-40F5-9B0B-1E57AF0380AB,2013-03-01 00:00:00.000
19034,18229,lauren50@adventure-works.com,0913E901-62B6-4D8C-A331-132A281C571F,2012-11-21 00:00:00.000
19035,18230,lauren51@adventure-works.com,E51E345C-F724-46B5-890C-C552887DA70F,2014-04-30 00:00:00.000
19036,18231,gary25@adventure-works.com,AC1BFAD5-E4BB-4564-A956-B2F519E95C1E,2013-03-04 00:00:00.000
19037,18232,orlando21@adventure-works.com,FDE143D7-78BD-4821-912F-F0422273632B,2012-06-17 00:00:00.000
19038,18233,gary26@adventure-works.com,B5DCA5F4-CB6C-4E65-8B16-3267AFF51723,2013-12-13 00:00:00.000
19039,18234,lauren52@adventure-works.com,7F5FC07A-06BD-4F01-A4B2-F0C0D051E51B,2014-05-12 00:00:00.000
19040,18235,lauren53@adventure-works.com,A09316B2-C55F-4DC8-B263-3140DAD26F38,2012-07-12 00:00:00.000
19041,18236,lauren54@adventure-works.com,0BE09D76-BF84-40DD-8730-38597B6FFD94,2011-09-05 00:00:00.000
19042,18237,gary27@adventure-works.com,07A1E343-2BDF-4980-B5B5-957CA7901E67,2013-07-08 00:00:00.000
19043,18238,gary28@adventure-works.com,E8A4341D-97A5-4EB1-A416-376F0C6CCC8F,2014-05-03 00:00:00.000
19044,18239,lauren55@adventure-works.com,7932C9DC-03BC-4BC9-96FB-4D1672D3A8DC,2013-11-28 00:00:00.000
19045,18240,gary29@adventure-works.com,C89BBADB-EE98-4BDB-8862-C5D25BCDD187,2014-03-10 00:00:00.000
19046,18241,lauren56@adventure-works.com,7D4F4030-E95D-442F-8E57-B589F1CC7454,2013-12-25 00:00:00.000
19047,18242,lauren57@adventure-works.com,EE72D55C-B53A-4EEB-9D28-C710A7958DB6,2013-10-21 00:00:00.000
19048,18243,lauren58@adventure-works.com,A1805E25-7A53-4F68-A051-35FC7C9C926F,2013-08-19 00:00:00.000
19049,18244,lauren59@adventure-works.com,116ACD9C-0557-4CCC-8563-42A52164833B,2013-07-20 00:00:00.000
19050,18245,gary30@adventure-works.com,ED725D03-CF77-4D05-9BAC-D27DF5BDBCBD,2011-09-27 00:00:00.000
19051,18246,gary31@adventure-works.com,8F75290B-78C0-41EB-B9D3-1FE15EABDB23,2012-05-01 00:00:00.000
19052,18247,craig2@adventure-works.com,B9030D2F-FBC5-4C3C-BC6B-F926AD327A67,2013-09-13 00:00:00.000
19053,18248,lauren60@adventure-works.com,A7FD14BC-736C-4804-8AD2-75DB5ECA6D5D,2012-01-27 00:00:00.000
19054,18249,craig3@adventure-works.com,94DD26C8-34D1-4863-B497-BFA356D2D368,2014-05-28 00:00:00.000
19055,18250,lauren61@adventure-works.com,7665BE79-E612-4DEB-8C66-0CEC153EF44A,2013-04-13 00:00:00.000
19056,18251,craig4@adventure-works.com,7918DD6D-EC30-48CE-A54A-341B94802BDD,2014-04-14 00:00:00.000
19057,18252,craig5@adventure-works.com,99A84A3D-E2D6-41ED-8568-8BD44C1A5AEB,2013-10-26 00:00:00.000
19058,18253,craig6@adventure-works.com,42B7EAD8-DD46-4603-A1BF-383FE61C69B7,2011-06-30 00:00:00.000
19059,18254,craig7@adventure-works.com,CF5FF44A-14AE-470A-896E-014C0E6C83BE,2011-09-08 00:00:00.000
19060,18255,craig8@adventure-works.com,AC136BAC-332A-4261-887E-E043B082F039,2012-09-21 00:00:00.000
19061,18256,lauren62@adventure-works.com,705F7434-1B19-4D94-A46B-2F1F2CA1AF66,2014-03-28 00:00:00.000
19062,18257,craig9@adventure-works.com,645AE492-0A1E-4CD7-9846-292A6FCAE086,2014-05-31 00:00:00.000
19063,18258,lauren63@adventure-works.com,BDB91103-EF13-4F68-A263-5EFA51DA7790,2014-05-21 00:00:00.000
19064,18259,lauren64@adventure-works.com,8A58E55A-8E2D-4C93-B8BD-08BA55CA15B7,2013-07-30 00:00:00.000
19065,18260,craig10@adventure-works.com,952039A4-412B-4638-858B-0DDBDF96E1E2,2013-07-09 00:00:00.000
19066,18261,craig11@adventure-works.com,5A324688-C08F-4C80-AC6B-6864E5E68117,2012-06-10 00:00:00.000
19067,18262,nelson0@adventure-works.com,EF8B577A-0E53-46F6-89B0-24909DFB66BF,2013-07-15 00:00:00.000
19068,18263,craig12@adventure-works.com,968CB837-4CCE-42ED-9143-09871EA512BC,2013-05-26 00:00:00.000
19069,18264,lauren65@adventure-works.com,32A93D3E-A122-4CB7-A8B6-E405FACD57BC,2014-04-08 00:00:00.000
19070,18265,lauren66@adventure-works.com,3842F419-5E21-42C5-865E-8554FB8AA181,2013-07-19 00:00:00.000
19071,18266,lauren67@adventure-works.com,B1F35550-CA19-41CE-B0E9-48C44E565D1C,2013-10-07 00:00:00.000
19072,18267,lauren68@adventure-works.com,2FF3D8D5-E101-40B7-8D91-E181D294E99A,2013-12-12 00:00:00.000
19073,18268,craig13@adventure-works.com,302F83F7-A2BA-4040-A838-3BBDD37224A9,2013-09-25 00:00:00.000
19074,18269,megan27@adventure-works.com,A15754FF-1EF7-4EC5-AE77-5710539170F3,2012-01-10 00:00:00.000
19075,18270,megan28@adventure-works.com,D2530D51-DD84-4302-A16E-C14C940ED738,2013-06-23 00:00:00.000
19076,18271,craig14@adventure-works.com,1602636D-C700-47B9-B205-3E899A367AAB,2013-09-08 00:00:00.000
19077,18272,craig15@adventure-works.com,26725052-0901-4879-A92C-D66E14CF6298,2014-05-20 00:00:00.000
19078,18273,megan29@adventure-works.com,BF11E273-743F-468B-B318-A1B58CAB756C,2013-11-07 00:00:00.000
19079,18274,megan30@adventure-works.com,26F15D16-3923-4524-A274-5D015D3BC70B,2013-09-22 00:00:00.000
19080,18275,megan31@adventure-works.com,ACB59B5C-07E7-4231-85C9-7A20F8EF6660,2014-05-01 00:00:00.000
19081,18276,megan32@adventure-works.com,BDFA7BEC-A931-47C0-92D3-7D43E6CBA656,2013-09-13 00:00:00.000
19082,18277,craig16@adventure-works.com,E06A3930-4BC9-4FE8-9B17-1E4556F30D78,2013-07-24 00:00:00.000
19083,18278,craig17@adventure-works.com,2BF6D332-98C6-4999-AD7B-3F786E60B5EA,2012-11-13 00:00:00.000
19084,18279,megan33@adventure-works.com,1F5CF522-F056-4E1C-A798-8AE8D0AA241C,2014-03-28 00:00:00.000
19085,18280,megan34@adventure-works.com,83D78F03-8DA2-4DDA-BC5B-7CBAB41ED485,2014-05-23 00:00:00.000
19086,18281,craig18@adventure-works.com,5FF3E7E1-726B-4264-90D9-DF11BC3623D4,2013-09-27 00:00:00.000
19087,18282,nelson1@adventure-works.com,29E91AB2-B324-438E-9383-AFF1170A4FB8,2013-10-15 00:00:00.000
19088,18283,craig19@adventure-works.com,A64D8793-190B-43B9-BDDE-B086D6D1FEAA,2013-08-08 00:00:00.000
19089,18284,craig20@adventure-works.com,B91459A3-CC53-4BFB-AB5C-3DFCAED5FB03,2013-05-18 00:00:00.000
19090,18285,megan35@adventure-works.com,3E04D268-BC40-45CF-800B-915D4D0DC0A0,2014-04-08 00:00:00.000
19091,18286,megan36@adventure-works.com,4E88F29A-F762-4979-B30B-5CB62732D889,2014-03-06 00:00:00.000
19092,18287,megan37@adventure-works.com,4E5BD71A-63A7-429D-9D68-137E487225DE,2013-01-13 00:00:00.000
19093,18288,craig21@adventure-works.com,F7AA28E5-84A8-44DF-A0B4-B5A2082CCC19,2014-02-17 00:00:00.000
19094,18289,derrick0@adventure-works.com,58751B77-8304-45E5-AD7D-4CB7575926A2,2011-09-11 00:00:00.000
19095,18290,derrick1@adventure-works.com,9EA0622B-C1C3-448A-A44E-312A2525FF61,2011-11-02 00:00:00.000
19096,18291,derrick2@adventure-works.com,B6764009-2364-4B9B-A0F7-3483CB808F00,2013-01-29 00:00:00.000
19097,18292,derrick3@adventure-works.com,2D24001D-1643-4AD1-A9F3-341913A3714C,2014-01-17 00:00:00.000
19098,18293,derrick4@adventure-works.com,7F434A93-8613-4847-9039-7A26C663EC7A,2014-02-08 00:00:00.000
19099,18294,megan38@adventure-works.com,F29A213A-3755-409E-866E-F22F0C89487F,2012-05-07 00:00:00.000
19100,18295,megan39@adventure-works.com,4E815EE9-4266-4121-8349-F5CADC1D5D87,2013-10-25 00:00:00.000
19101,18296,derrick5@adventure-works.com,E0C23244-51DB-4656-8A85-B04A4F471D8E,2013-01-01 00:00:00.000
19102,18297,nelson2@adventure-works.com,1B01540F-93A5-4253-9A4E-E4EE9957D97B,2014-02-24 00:00:00.000
19103,18298,derrick6@adventure-works.com,D8241751-883A-40E4-8DF6-BCD3B6AC7FD3,2013-04-15 00:00:00.000
19104,18299,mary39@adventure-works.com,E3A3FFE6-31BE-43D7-804A-1D544F36E779,2011-07-18 00:00:00.000
19105,18300,derrick7@adventure-works.com,54B56CBF-B943-4468-B370-CC13301FC220,2013-07-31 00:00:00.000
19106,18301,megan40@adventure-works.com,559B499B-54DC-432F-910D-A1FB0A9113CD,2014-04-21 00:00:00.000
19107,18302,megan41@adventure-works.com,35D74CCA-C6DD-46D1-9CAB-7E509B257DE0,2014-04-12 00:00:00.000
19108,18303,derrick8@adventure-works.com,442E6AD3-DC5B-43A3-9140-5D6FED2B530E,2013-07-06 00:00:00.000
19109,18304,megan42@adventure-works.com,7C10651D-2ADC-4CD0-A15A-0853A4B22797,2014-05-17 00:00:00.000
19110,18305,megan43@adventure-works.com,12B6D6C9-8851-4F5E-ACB6-69DB462F4BFB,2012-06-11 00:00:00.000
19111,18306,derrick9@adventure-works.com,1EDF0C19-1BB2-4DAE-AF8B-7B12C8FFECCA,2011-12-21 00:00:00.000
19112,18307,megan44@adventure-works.com,5C7B3A63-7AAB-4B39-8BB0-E56A5AF7C9F7,2011-12-26 00:00:00.000
19113,18308,derrick10@adventure-works.com,75401E00-2EC7-493F-B9CA-0C65A4AD62AC,2013-12-28 00:00:00.000
19114,18309,megan45@adventure-works.com,235B1478-1D21-4BE3-93B9-7AF333107A24,2014-06-02 00:00:00.000
19115,18310,derrick11@adventure-works.com,7520EB7F-35E9-4B7B-B49E-75805EED40FB,2014-02-02 00:00:00.000
19116,18311,derrick12@adventure-works.com,53438271-90D7-4948-A814-701B33CAFB21,2014-01-31 00:00:00.000
19117,18312,megan46@adventure-works.com,9CFA24C6-C0B5-412C-A861-2279D8E0189E,2013-11-22 00:00:00.000
19118,18313,megan47@adventure-works.com,F1C8A6DD-21F8-420A-8F89-E499E0A9356C,2013-12-23 00:00:00.000
19119,18314,megan48@adventure-works.com,0625FBFF-F608-4A40-B004-94C288211E53,2013-09-03 00:00:00.000
19120,18315,derrick13@adventure-works.com,A8F6C5EC-D6C8-4AC5-BA03-8C68D8EBEC69,2012-11-05 00:00:00.000
19121,18316,megan49@adventure-works.com,FD118428-B459-4336-8299-E44368105FFB,2013-09-30 00:00:00.000
19122,18317,warren42@adventure-works.com,3270BB4D-A0E3-4F72-98F2-A2E1FBEDB020,2011-06-04 00:00:00.000
19123,18318,kelvin35@adventure-works.com,5C99EF4A-6A74-48CB-BFA8-9D33E178529D,2011-06-12 00:00:00.000
19124,18319,nelson3@adventure-works.com,1CFEC496-0130-4A23-9E49-5F4819D5C9AE,2012-07-05 00:00:00.000
19125,18320,derrick14@adventure-works.com,34D6ED23-E43A-4D91-BFC3-1C15BBBD11F6,2013-09-02 00:00:00.000
19126,18321,derrick15@adventure-works.com,D96AC12B-53A5-4F2F-B5C9-6895FC3DD376,2011-07-24 00:00:00.000
19127,18322,derrick16@adventure-works.com,0F422E4E-7EE4-4AEE-BBE2-29383F9A58CF,2013-07-21 00:00:00.000
19128,18323,megan50@adventure-works.com,5C4D8D2F-FFB7-4A8F-8BE3-599D6ACE84F9,2012-10-28 00:00:00.000
19129,18324,derrick17@adventure-works.com,C7EE7DE6-718D-4552-B198-1C0913F0FAB3,2014-04-02 00:00:00.000
19130,18325,megan51@adventure-works.com,3E2C3D5B-4A46-4B03-9836-45A4DA30737C,2013-08-25 00:00:00.000
19131,18326,derrick18@adventure-works.com,7DA38BE2-96D5-4E06-8F12-0426999644A5,2014-05-14 00:00:00.000
19132,18327,megan52@adventure-works.com,DB0DF6A8-877F-47A2-82F8-A1F7215886C1,2014-05-15 00:00:00.000
19133,18328,derrick19@adventure-works.com,3862ED15-CC2A-44E3-883D-D16508CDBF44,2013-01-21 00:00:00.000
19134,18329,megan53@adventure-works.com,C899D2F4-E5CA-4BC0-9F34-2E5EE96481D6,2012-02-13 00:00:00.000
19135,18330,casey23@adventure-works.com,84A3B516-04FD-482C-BF59-91A78637F287,2013-10-30 00:00:00.000
19136,18331,megan54@adventure-works.com,59489678-9005-4439-A8B4-5C701D80C642,2013-10-06 00:00:00.000
19137,18332,casey24@adventure-works.com,B03303C0-6A1E-4339-AA6B-3F886737450A,2013-11-01 00:00:00.000
19138,18333,nelson4@adventure-works.com,78014039-8AB3-4550-9C78-DB5E4D11E949,2012-07-05 00:00:00.000
19139,18334,casey25@adventure-works.com,006181B0-D060-4DC4-9976-084B8C00B581,2013-11-02 00:00:00.000
19140,18335,megan55@adventure-works.com,DB635DE0-4814-43B8-A2FA-D208317344BC,2013-09-14 00:00:00.000
19141,18336,megan56@adventure-works.com,AA037059-FAE6-4BA0-B16E-1EA8F528FCD9,2013-08-06 00:00:00.000
19142,18337,casey26@adventure-works.com,801D5404-2898-4AFE-83A3-04CCB0E5E21C,2013-06-06 00:00:00.000
19143,18338,casey27@adventure-works.com,EC7491A0-7E5D-4744-94EB-46B1A2FD5299,2014-03-10 00:00:00.000
19144,18339,megan57@adventure-works.com,A05B3CEC-6B1E-4898-B563-1FD23A2CCF18,2014-01-11 00:00:00.000
19145,18340,casey28@adventure-works.com,AD8B6EBC-1D16-4F90-92E5-B8C14DB4C415,2013-12-11 00:00:00.000
19146,18341,casey29@adventure-works.com,54155FF3-2305-43CF-9268-A4C65CA36196,2013-11-05 00:00:00.000
19147,18342,megan58@adventure-works.com,67138475-79A1-4D99-8BAF-3E539D8A2484,2012-06-29 00:00:00.000
19148,18343,megan59@adventure-works.com,F424FB82-E4B6-4FFA-A280-5591A05472EE,2013-08-11 00:00:00.000
19149,18344,casey30@adventure-works.com,1EC45A45-97D8-4EBF-AB0F-6B97A1C575FE,2013-09-10 00:00:00.000
19150,18345,mary40@adventure-works.com,F17D98CE-9007-4849-9115-C2780E6CE7AB,2012-03-17 00:00:00.000
19151,18346,casey31@adventure-works.com,B92A5D00-2695-4E78-ABDD-12B87803E64B,2012-06-03 00:00:00.000
19152,18347,megan60@adventure-works.com,49C105B5-6048-4A83-8D12-3ECCCFA35E64,2013-05-07 00:00:00.000
19153,18348,casey32@adventure-works.com,F64CF08B-26C7-4B3A-8B59-147D8044CDB9,2013-01-21 00:00:00.000
19154,18349,megan61@adventure-works.com,68A390E0-4C71-46F4-A4EA-7C7FD398A489,2012-01-18 00:00:00.000
19155,18350,megan62@adventure-works.com,DC657371-C35D-47C0-A8D2-E7215D03F4B5,2013-07-03 00:00:00.000
19156,18351,megan63@adventure-works.com,99DD877C-3092-4368-A648-C78F156858FC,2013-10-16 00:00:00.000
19157,18352,casey33@adventure-works.com,41E8431A-4F4A-4484-B7A7-B96F83D299F5,2012-02-04 00:00:00.000
19158,18353,casey34@adventure-works.com,0A72DEE1-3BE6-4CDB-B4B9-684A2793BDC1,2013-10-11 00:00:00.000
19159,18354,casey35@adventure-works.com,C6170091-64A7-4869-BE05-D5DF0F54CC1C,2013-08-31 00:00:00.000
19160,18355,casey36@adventure-works.com,44C7F805-718E-4EC2-998F-5942E228C2CD,2014-04-11 00:00:00.000
19161,18356,casey37@adventure-works.com,1D5B1215-D2C1-464A-861E-025A23E3E48D,2013-08-03 00:00:00.000
19162,18357,casey38@adventure-works.com,3B74A8DA-30E2-4DB6-AFD0-A637D80C7362,2012-11-08 00:00:00.000
19163,18358,casey39@adventure-works.com,248AA46A-78C4-4114-922A-916AEEC433AE,2013-08-25 00:00:00.000
19164,18359,megan64@adventure-works.com,B335F0F8-6865-4559-9D2E-65C5AC758776,2013-08-13 00:00:00.000
19165,18360,mary41@adventure-works.com,E6406847-9736-4AA0-9620-F7BA32B88363,2014-03-14 00:00:00.000
19166,18361,casey40@adventure-works.com,DC3F6D12-E7F2-4C6F-93A8-9138B488FFD2,2014-01-29 00:00:00.000
19167,18362,casey41@adventure-works.com,EAB0F194-7BC8-4B6D-A69F-7E81E4FB3CCA,2013-12-27 00:00:00.000
19168,18363,casey42@adventure-works.com,51FAC72D-2974-4EF3-ACF0-70EE301FF1C7,2012-06-30 00:00:00.000
19169,18364,casey43@adventure-works.com,E6CF72FA-CEB4-4ECF-8EDC-641C59F65588,2012-11-23 00:00:00.000
19170,18365,nelson5@adventure-works.com,B0A4B5C5-E2BE-4609-A5FF-00834C55AE47,2011-10-29 00:00:00.000
19171,18366,casey44@adventure-works.com,B12D3EE1-5C17-4F7B-8F07-A4097E7F4B78,2014-01-14 00:00:00.000
19172,18367,megan65@adventure-works.com,6ED998A7-6FC9-4301-B573-78B2F6FD5FD6,2014-05-13 00:00:00.000
19173,18368,casey45@adventure-works.com,50D4B727-D201-49CC-8D96-63329EB9344A,2014-04-25 00:00:00.000
19174,18369,casey46@adventure-works.com,06A4C4E9-33AE-4466-87E7-56EC465ECDA5,2014-03-19 00:00:00.000
19175,18370,megan66@adventure-works.com,9C8B78F2-9A53-436C-850F-A2BA108ADF76,2014-06-06 00:00:00.000
19176,18371,philip0@adventure-works.com,A649F6C0-E3F7-4189-A410-17559B0635D6,2011-07-04 00:00:00.000
19177,18372,megan67@adventure-works.com,660714C4-2BC5-4176-9FB2-3BEF9B419A13,2013-12-24 00:00:00.000
19178,18373,philip1@adventure-works.com,4193A2C6-BE8A-414B-9365-F81464220576,2013-10-30 00:00:00.000
19179,18374,megan68@adventure-works.com,BD89B25D-60AB-4E9D-A4A2-610F720E5BFD,2013-07-21 00:00:00.000
19180,18375,megan69@adventure-works.com,76CC61AA-71ED-47BE-9200-2CF8621D7144,2013-04-28 00:00:00.000
19181,18376,philip2@adventure-works.com,711FB7B3-45A8-4AD4-8D97-B1AF09A5A95C,2013-03-08 00:00:00.000
19182,18377,brianna24@adventure-works.com,8A72D9F1-C5EC-43F4-8D35-F995FD43D58A,2011-12-07 00:00:00.000
19183,18378,brianna25@adventure-works.com,FD86C14C-31D0-4B46-B8B3-86E521501CB7,2013-01-07 00:00:00.000
19184,18379,philip3@adventure-works.com,475C731A-06B3-436D-B4D2-A4F2542EF9D3,2012-05-30 00:00:00.000
19185,18380,philip4@adventure-works.com,62272B61-9609-4D93-B2F5-6CDA03C8B7EA,2013-09-17 00:00:00.000
19186,18381,philip5@adventure-works.com,36E6FDE1-1A56-4C5A-802E-B85AC352A002,2014-02-20 00:00:00.000
19187,18382,brianna26@adventure-works.com,2525E33F-3FFC-41A4-A903-FEB7603FE475,2012-05-28 00:00:00.000
19188,18383,nelson6@adventure-works.com,EC656C41-BD11-493A-9389-D1C3F22129CD,2013-09-04 00:00:00.000
19189,18384,philip6@adventure-works.com,877C46CC-DD59-4B33-AC97-14EAB72E5323,2014-01-06 00:00:00.000
19190,18385,philip7@adventure-works.com,877EFA7D-4DD7-47D1-96EE-743B5A75248A,2014-01-13 00:00:00.000
19191,18386,brianna27@adventure-works.com,CFF67F7C-267E-4F26-8958-D32E651FCD30,2014-04-19 00:00:00.000
19192,18387,philip8@adventure-works.com,C7D6AF5A-B1E7-41F3-A430-59FE80F64B42,2014-05-16 00:00:00.000
19193,18388,brianna28@adventure-works.com,E40E1611-EEED-4A0E-B64F-2D1C8B2F983E,2013-08-07 00:00:00.000
19194,18389,brianna29@adventure-works.com,61BBDF88-61D7-4ECF-8F1A-F947C74B3853,2011-11-23 00:00:00.000
19195,18390,philip9@adventure-works.com,C97CDC75-454B-4DB2-8FE2-BEC2BF3DCE73,2012-09-05 00:00:00.000
19196,18391,brianna30@adventure-works.com,DE9DE1BA-65D1-4A9D-9932-85683A26E500,2013-06-05 00:00:00.000
19197,18392,philip10@adventure-works.com,28FCA185-0868-4336-BF84-776BEB29DBC3,2014-02-06 00:00:00.000
19198,18393,brianna31@adventure-works.com,7B967B65-C4A3-4A9D-AC69-18C1C54E0E0F,2013-11-16 00:00:00.000
19199,18394,philip11@adventure-works.com,50EB256A-CB68-4848-99EB-84C7440B1520,2012-09-09 00:00:00.000
19200,18395,brianna32@adventure-works.com,E295DA0B-0404-4B85-A45C-B70528EC5416,2013-12-06 00:00:00.000
19201,18396,brianna33@adventure-works.com,65B73884-1625-41A2-87B3-589FCB2E2627,2011-10-14 00:00:00.000
19202,18397,philip12@adventure-works.com,DBD09950-FBF3-4B97-9094-BF1BC2319571,2014-05-27 00:00:00.000
19203,18398,brianna34@adventure-works.com,E8EC7D02-56A6-4EEF-B799-B247D8633CD6,2013-07-21 00:00:00.000
19204,18399,philip13@adventure-works.com,D500790B-EEA6-478D-A692-5890FFBC2169,2014-01-19 00:00:00.000
19205,18400,brianna35@adventure-works.com,8BB15860-5501-4EA2-B16E-1592091E2D42,2013-09-29 00:00:00.000
19206,18401,philip14@adventure-works.com,BABD1832-6DDE-4F1C-B3A2-153C442E4030,2014-04-13 00:00:00.000
19207,18402,philip15@adventure-works.com,CAC6FAEF-A820-4C34-908D-794D9B46722C,2013-08-31 00:00:00.000
19208,18403,brianna36@adventure-works.com,42701A8C-F914-4F0C-83C1-67D3EACE769D,2014-04-24 00:00:00.000
19209,18404,brianna37@adventure-works.com,32DD305E-2B5A-491D-AEDC-1B99E1EAE032,2012-08-23 00:00:00.000
19210,18405,philip16@adventure-works.com,C1AFB6BA-B109-4E21-9556-52568BA6F014,2013-07-19 00:00:00.000
19211,18406,brianna38@adventure-works.com,D82AC21A-0E25-41E0-9617-2BD5524D60BF,2013-10-29 00:00:00.000
19212,18407,brianna39@adventure-works.com,93D58F50-0C1F-46A9-B6EC-987EC25628AA,2014-04-06 00:00:00.000
19213,18408,philip17@adventure-works.com,C519FA61-4E4C-4B13-889B-F19B8E79B4BA,2012-03-03 00:00:00.000
19214,18409,brianna40@adventure-works.com,A4F4F380-9F11-4120-80FF-010E24E46AEF,2012-10-22 00:00:00.000
19215,18410,philip18@adventure-works.com,E0B77269-B92C-4801-8ACE-CEDA0FED7D61,2013-12-21 00:00:00.000
19216,18411,philip19@adventure-works.com,585964BD-CB42-4C45-A7C2-0B6AE4C86210,2014-03-02 00:00:00.000
19217,18412,philip20@adventure-works.com,8127B535-D1D2-4619-BAFA-4820CC8E1CA6,2012-08-21 00:00:00.000
19218,18413,brianna41@adventure-works.com,14817151-437B-4A17-B1D5-521C593C092E,2013-07-31 00:00:00.000
19219,18414,philip21@adventure-works.com,FA7C5BD3-599A-4509-861A-6CFBD93BFD7D,2014-06-07 00:00:00.000
19220,18415,brianna42@adventure-works.com,DD7AFBF4-BA5A-457E-B2D9-B84D72A87F27,2012-06-19 00:00:00.000
19221,18416,victor1@adventure-works.com,C4662149-70A5-4083-AF36-13C9E47E733D,2013-11-08 00:00:00.000
19222,18417,victor2@adventure-works.com,FC79FA58-9D74-42D8-BA1E-6D4D68B1D978,2013-06-07 00:00:00.000
19223,18418,brianna43@adventure-works.com,C4DB33BF-8930-4C9A-86A7-D73BCA18FFD7,2014-04-17 00:00:00.000
19224,18419,nelson7@adventure-works.com,130773E3-4F9E-4F84-B72C-42EC2780B39F,2013-08-27 00:00:00.000
19225,18420,victor3@adventure-works.com,F83E250F-C58E-4F47-B1D0-A5E7302B91A1,2013-10-01 00:00:00.000
19226,18421,brianna44@adventure-works.com,924255E5-CB65-4AED-A223-B7E1641E3517,2014-01-14 00:00:00.000
19227,18422,brianna45@adventure-works.com,11D40024-A1F2-4F2A-8AE1-F4CD6F233E17,2011-10-16 00:00:00.000
19228,18423,victor4@adventure-works.com,28BB589A-DA0D-409C-8EDF-93567EDE21EE,2013-08-08 00:00:00.000
19229,18424,victor5@adventure-works.com,4A5F47CA-E78C-40F1-8BDD-0298344B3FF0,2014-04-14 00:00:00.000
19230,18425,victor6@adventure-works.com,33D75B2B-AE76-412C-9D24-B5D9259C514E,2013-07-30 00:00:00.000
19231,18426,brianna46@adventure-works.com,CEE6DF3E-9266-4654-B432-4CF8FF2055DD,2012-10-27 00:00:00.000
19232,18427,brianna47@adventure-works.com,42E69C53-282B-433E-A267-6C1C596C8C96,2014-03-19 00:00:00.000
19233,18428,victor7@adventure-works.com,90905274-34F6-40AF-B492-FAA861C61550,2011-12-31 00:00:00.000
19234,18429,brianna48@adventure-works.com,F68F630D-81E3-4D29-A95B-D239DF671171,2014-01-19 00:00:00.000
19235,18430,victor8@adventure-works.com,7D407233-F25C-4232-9DDA-BBF7F57B2DEC,2011-10-09 00:00:00.000
19236,18431,victor9@adventure-works.com,61EDA48D-4B2C-44B9-B1CF-166317AFD992,2014-01-22 00:00:00.000
19237,18432,victor10@adventure-works.com,93DFD46A-C22D-4817-A8BD-E507AA32D0BC,2011-08-07 00:00:00.000
19238,18433,brianna49@adventure-works.com,BC56F0B5-3172-4F5F-9461-14BBB9724A16,2014-01-26 00:00:00.000
19239,18434,brianna50@adventure-works.com,7A65C25C-47C2-42F8-A69C-F559B528B34A,2014-05-14 00:00:00.000
19240,18435,nelson8@adventure-works.com,6683C015-4E6D-4825-B01E-FDC9284A8465,2013-08-08 00:00:00.000
19241,18436,victor11@adventure-works.com,75375F25-5EA7-4052-93FC-AEADEB7CE924,2014-02-16 00:00:00.000
19242,18437,victor12@adventure-works.com,EA18CF4B-5697-4682-9525-C17D288E266C,2013-08-06 00:00:00.000
19243,18438,victor13@adventure-works.com,542FCA11-E45C-4E50-BE56-CACEBCA54C41,2013-12-04 00:00:00.000
19244,18439,brianna51@adventure-works.com,DDE5D18D-360C-4BFD-98B3-05ADF9493C53,2013-08-21 00:00:00.000
19245,18440,victor14@adventure-works.com,28F31503-C6DD-4B3F-9566-832F333F664B,2013-07-17 00:00:00.000
19246,18441,joan20@adventure-works.com,D3B95FD2-CFF1-45D7-822D-795FF36F083A,2013-09-30 00:00:00.000
19247,18442,victor15@adventure-works.com,536A4BE6-37F6-4D7E-9F2C-74F549DA8FEA,2014-02-03 00:00:00.000
19248,18443,brianna52@adventure-works.com,2681B73E-9497-434F-B481-3CC30A930F7D,2013-04-29 00:00:00.000
19249,18444,victor16@adventure-works.com,55BC28C8-3200-43A3-8FD9-90412B065EE1,2013-04-28 00:00:00.000
19250,18445,miguel71@adventure-works.com,70C2B285-AF8F-4861-BFD0-FACC959AC4B6,2014-03-22 00:00:00.000
19251,18446,brianna53@adventure-works.com,2AB1C8D0-C9F1-4076-A7AD-705795531F99,2014-04-24 00:00:00.000
19252,18447,victor17@adventure-works.com,FA9E2060-7116-4A96-AEAF-E4310068E4C7,2013-10-09 00:00:00.000
19253,18448,victor18@adventure-works.com,4AAAD2DD-AF59-497B-8E51-DE6EDC0BC1F7,2012-02-15 00:00:00.000
19254,18449,brianna54@adventure-works.com,BDCE6B3D-D62B-4971-AD5C-3C9D26CB8814,2013-02-22 00:00:00.000
19255,18450,victor19@adventure-works.com,34E53B3F-C008-4989-9025-9050C532F9B1,2013-10-21 00:00:00.000
19256,18451,brianna55@adventure-works.com,E66761F4-B52A-4B46-A4CE-E77A94CEF724,2011-11-12 00:00:00.000
19257,18452,brianna56@adventure-works.com,36318244-A1D5-4833-90C4-58F807DA1EBE,2013-10-19 00:00:00.000
19258,18453,victor20@adventure-works.com,A32A4535-C0C2-4FCD-8EE3-F21C5B9D2D33,2011-08-14 00:00:00.000
19259,18454,brianna57@adventure-works.com,FB974194-F84B-4ACB-B136-B953C85E8811,2014-02-08 00:00:00.000
19260,18455,victor21@adventure-works.com,A45FEC9A-96BC-463F-B6EC-46C728FE324A,2013-07-22 00:00:00.000
19261,18456,brianna58@adventure-works.com,0009C7AA-CC99-4A61-9FB8-1F7BF98FBC5F,2014-02-08 00:00:00.000
19262,18457,victor22@adventure-works.com,ADA9C257-D820-4207-90FD-5ED371B2E5FA,2013-08-17 00:00:00.000
19263,18458,erik1@adventure-works.com,A4C46663-B92C-479F-A12D-AB25938EE824,2013-07-21 00:00:00.000
19264,18459,erik2@adventure-works.com,F164F9DA-22E5-45EB-A1EE-1E1737B7E3D2,2013-09-28 00:00:00.000
19265,18460,brianna59@adventure-works.com,22939E4B-1892-41CE-8A8B-3860D53D1C1A,2014-03-04 00:00:00.000
19266,18461,erik3@adventure-works.com,245A704F-01CA-4DC8-94BD-1E39E5EFC50D,2014-01-23 00:00:00.000
19267,18462,erik4@adventure-works.com,3400A24D-1C99-42A7-A3FD-FE45006520FE,2014-02-08 00:00:00.000
19268,18463,erik5@adventure-works.com,18BBD501-6C6B-46A7-B6DA-F2F5FF9CF042,2013-12-14 00:00:00.000
19269,18464,brianna60@adventure-works.com,96C8B28D-729F-4C51-951F-83FFA83567D2,2011-07-26 00:00:00.000
19270,18465,erik6@adventure-works.com,CE240FF2-FB6C-4A78-9C0E-F86D4A51C0A8,2013-08-06 00:00:00.000
19271,18466,brianna61@adventure-works.com,E1C2C585-5D24-4259-B838-1A0A13FFBD9D,2011-10-23 00:00:00.000
19272,18467,erik7@adventure-works.com,FD363D57-0EFD-49DF-8C1A-1799B9C389D1,2013-08-26 00:00:00.000
19273,18468,brianna62@adventure-works.com,B74F587E-15E5-40FC-8910-2B089EAB8730,2012-12-04 00:00:00.000
19274,18469,nelson9@adventure-works.com,ECFBE0B8-460A-4D17-9E89-FBB5CD048CCC,2012-03-03 00:00:00.000
19275,18470,brianna63@adventure-works.com,03C38F05-7173-4F97-AE54-F0E8F804E11B,2014-05-27 00:00:00.000
19276,18471,brianna64@adventure-works.com,EAC7F144-23DA-4EDB-BD52-5AA2BF7F1C4B,2013-10-18 00:00:00.000
19277,18472,erik8@adventure-works.com,DA0BB16D-040F-495C-8A95-67BAFB3187A6,2014-03-05 00:00:00.000
19278,18473,brianna65@adventure-works.com,D8B172BC-79A7-4825-B39E-6637D374FED3,2014-01-22 00:00:00.000
19279,18474,erik9@adventure-works.com,98BD28D0-EDEF-4C7B-9806-550C21F6CFBB,2011-10-24 00:00:00.000
19280,18475,brianna66@adventure-works.com,146ADAFB-6422-431D-9409-78B3E099484F,2013-11-08 00:00:00.000
19281,18476,erik10@adventure-works.com,8F399B84-57F6-4AF0-80EF-8EF5251DA001,2014-02-20 00:00:00.000
19282,18477,brianna67@adventure-works.com,08405524-B984-47EA-ABFD-8FA976E26043,2012-07-31 00:00:00.000
19283,18478,olivia24@adventure-works.com,60B71F0A-33E8-46CD-B101-C6D56F54B21E,2014-04-12 00:00:00.000
19284,18479,erik11@adventure-works.com,72BBAD4C-7E78-441A-9DEB-047553255B5E,2013-08-13 00:00:00.000
19285,18480,erik12@adventure-works.com,9DEFDE67-6399-4679-9860-8BF9974F345B,2013-09-30 00:00:00.000
19286,18481,erik13@adventure-works.com,B14DB877-CACD-4853-8449-CA2EAF8FD8CB,2013-07-24 00:00:00.000
19287,18482,erik14@adventure-works.com,74823BA4-CB7B-4774-9AC3-D800792580D8,2013-11-24 00:00:00.000
19288,18483,erik15@adventure-works.com,A26E2BA8-3724-4801-9A14-3D30CE8876DE,2014-05-31 00:00:00.000
19289,18484,kelvin36@adventure-works.com,969DC5AB-4DA1-4F08-813B-E8AEBBEBD9C9,2013-07-22 00:00:00.000
19290,18485,nelson10@adventure-works.com,8FFF757A-AD43-4CAC-8343-84F27DFF880B,2013-08-05 00:00:00.000
19291,18486,erik16@adventure-works.com,73D003FD-7D3A-47A7-9F9B-1F5BBB81846A,2014-01-19 00:00:00.000
19292,18487,olivia25@adventure-works.com,C196A050-DD1D-4ECB-B120-593DDA534C34,2013-12-19 00:00:00.000
19293,18488,erik17@adventure-works.com,302CB425-2CC2-4EBA-94D0-92ABDD01607B,2013-12-20 00:00:00.000
19294,18489,olivia26@adventure-works.com,DBA4A24E-4A48-4763-91B7-FCBD4B0A5EDB,2011-09-28 00:00:00.000
19295,18490,erik18@adventure-works.com,413462B2-BD62-4E93-9CA1-0A03E293F5BE,2014-04-11 00:00:00.000
19296,18491,olivia27@adventure-works.com,700A40C9-BE9F-4A6F-883D-D231E482A2E0,2014-03-14 00:00:00.000
19297,18492,olivia28@adventure-works.com,5130C9D2-218E-42F0-92B0-717EF7CDDC58,2011-11-06 00:00:00.000
19298,18493,erik19@adventure-works.com,C1956244-5B5B-4E36-8061-5F48DB78B5FF,2012-06-19 00:00:00.000
19299,18494,olivia29@adventure-works.com,0127BDC8-D288-4864-B54B-8C7B3A6EB5AB,2013-11-29 00:00:00.000
19300,18495,olivia30@adventure-works.com,E38CD3A0-52E8-4072-876A-983147879CAE,2014-03-29 00:00:00.000
19301,18496,erik20@adventure-works.com,0FAD781B-B4C9-4921-93C2-E755D1CE2D0B,2013-09-27 00:00:00.000
19302,18497,erik21@adventure-works.com,C2FAEFFB-4A9D-4687-AAF4-AD8FF3E9BE0A,2012-11-10 00:00:00.000
19303,18498,erik22@adventure-works.com,A0544AC7-19C2-42CA-A5CA-621558725E15,2013-08-01 00:00:00.000
19304,18499,frank30@adventure-works.com,35847483-07D6-4F7F-88B1-BF7F17B5A87D,2013-09-28 00:00:00.000
19305,18500,frank31@adventure-works.com,EA826385-ECF0-4B0A-8613-7C02E95AA551,2012-01-04 00:00:00.000
19306,18501,olivia31@adventure-works.com,F8E74858-BA75-4CBC-BA6E-5A43FCC870A4,2012-06-06 00:00:00.000
19307,18502,nelson11@adventure-works.com,DBEC1751-462A-4323-B328-3762B5E83DA4,2014-01-31 00:00:00.000
19308,18503,frank32@adventure-works.com,2719EDB6-A174-4487-BC9E-44874BC8D32B,2013-02-05 00:00:00.000
19309,18504,olivia32@adventure-works.com,DB7A2453-D107-4797-9729-A003F62AC268,2013-11-05 00:00:00.000
19310,18505,olivia33@adventure-works.com,040E0F06-5EF7-443B-BC21-CC4F3321754B,2013-11-22 00:00:00.000
19311,18506,frank33@adventure-works.com,4C9B170D-53B6-4E2A-96AB-BB1B869FBDCA,2013-12-10 00:00:00.000
19312,18507,olivia34@adventure-works.com,36415E4C-A6DD-4818-B423-CB5F36FB2BF0,2014-05-18 00:00:00.000
19313,18508,olivia35@adventure-works.com,795863F6-DEA2-4BC8-A323-100381234FCD,2012-09-22 00:00:00.000
19314,18509,olivia36@adventure-works.com,15628E87-2362-4D85-8EB4-E1849722339A,2013-07-16 00:00:00.000
19315,18510,frank34@adventure-works.com,3E669CB6-8CCE-41C2-BE77-BBB39A2765E8,2012-09-10 00:00:00.000
19316,18511,olivia37@adventure-works.com,28690687-97F3-4A3E-9768-E65A6D6C5C9C,2014-03-16 00:00:00.000
19317,18512,frank35@adventure-works.com,5F901342-EF9D-41B8-AE4E-4DAA2524B5B2,2014-04-14 00:00:00.000
19318,18513,frank36@adventure-works.com,28C144E8-E02A-4898-ACA7-AEAE369422FA,2013-03-29 00:00:00.000
19319,18514,olivia38@adventure-works.com,FEACE015-D1AF-4CD3-B482-4FE1C6C4A6F4,2013-11-30 00:00:00.000
19320,18515,cory1@adventure-works.com,92FB6C04-EF4F-473E-8A05-C3DE1DF22764,2013-07-30 00:00:00.000
19321,18516,olivia39@adventure-works.com,510BD547-BD64-424A-8264-1D63F6468D1B,2012-03-15 00:00:00.000
19322,18517,cory2@adventure-works.com,3503B618-7649-4B79-A0B7-48C6C3816DFE,2013-08-07 00:00:00.000
19323,18518,cory3@adventure-works.com,0EA9AFD6-C8C2-4F92-A7AA-0083729CBDC8,2011-09-26 00:00:00.000
19324,18519,olivia40@adventure-works.com,8D5D6AA8-AC90-4AE1-ABFE-E88DEB7C1C91,2013-10-16 00:00:00.000
19325,18520,olivia41@adventure-works.com,0C997018-62DD-4BBD-8B09-72BBB01142E8,2014-06-18 00:00:00.000
19326,18521,cory4@adventure-works.com,1B96B1BA-EE50-4B11-88E4-040F9C0F2333,2013-02-28 00:00:00.000
19327,18522,nelson12@adventure-works.com,A6E44315-48F3-4A43-8141-0BCEC0A2B8AC,2013-04-18 00:00:00.000
19328,18523,cory5@adventure-works.com,64ABCBC5-6A32-4599-B45F-117020682754,2011-06-10 00:00:00.000
19329,18524,cory6@adventure-works.com,E5E844FE-524F-49E4-BEEF-CD3558998F17,2012-08-19 00:00:00.000
19330,18525,olivia42@adventure-works.com,0E704CCC-3F53-4F80-BFCD-08531D9FEFD1,2012-02-27 00:00:00.000
19331,18526,olivia43@adventure-works.com,6DC8F4C2-2F45-4B9B-B466-ADDD80AB5903,2014-03-21 00:00:00.000
19332,18527,olivia44@adventure-works.com,FA693E4E-C602-468B-9C29-1939B5D1A550,2013-07-04 00:00:00.000
19333,18528,olivia45@adventure-works.com,8B7E92A9-44C9-4410-8B91-B12183FD3E3E,2014-01-01 00:00:00.000
19334,18529,olivia46@adventure-works.com,F1869DC5-9B75-49AE-B8FA-B963426BC1DA,2012-11-24 00:00:00.000
19335,18530,cory7@adventure-works.com,18588CC6-0912-41B4-96A3-301368A07243,2014-02-10 00:00:00.000
19336,18531,cory8@adventure-works.com,B5521B7D-51E3-4616-9E23-7A5BFC54B154,2013-04-11 00:00:00.000
19337,18532,olivia47@adventure-works.com,744DB6D1-0925-40DA-8940-CB346413D618,2014-02-08 00:00:00.000
19338,18533,cory9@adventure-works.com,D86AC4BB-E665-4BF1-95D5-30CFF7A5C4CC,2013-07-27 00:00:00.000
19339,18534,olivia48@adventure-works.com,F6E5AFD4-CD04-408C-A842-114F92A5336B,2011-07-11 00:00:00.000
19340,18535,cory10@adventure-works.com,E249897E-5724-487A-8841-9A3FB913CB9E,2013-12-15 00:00:00.000
19341,18536,olivia49@adventure-works.com,4CFCCB30-8419-4CCC-A3D9-F6196F840D86,2013-05-17 00:00:00.000
19342,18537,cory11@adventure-works.com,55A0FABE-9DA7-4228-9BBB-0C7744FFCC26,2014-02-11 00:00:00.000
19343,18538,cory12@adventure-works.com,88F9D398-2CCD-4148-A7C7-961AEAFCAF1D,2013-02-17 00:00:00.000
19344,18539,cory13@adventure-works.com,318BD974-FCE4-45B3-ACC7-7BE80D724D83,2014-03-02 00:00:00.000
19345,18540,olivia50@adventure-works.com,44C50BBC-9C55-46CF-BA77-D59998A2D292,2013-11-18 00:00:00.000
19346,18541,nelson13@adventure-works.com,07FDCD07-7341-4E5A-9F3D-DD786E83D04F,2013-10-26 00:00:00.000
19347,18542,cory14@adventure-works.com,04611BB9-0F3C-4D07-9C9D-6D7A289B6D3E,2014-03-24 00:00:00.000
19348,18543,olivia51@adventure-works.com,A29E151D-21DE-498B-9BD3-549016975443,2013-01-03 00:00:00.000
19349,18544,cory15@adventure-works.com,38610FF7-85AE-47FC-A205-0D8B65EDE910,2013-07-18 00:00:00.000
19350,18545,olivia52@adventure-works.com,5B1249B2-30F6-43ED-94AC-262C6226E582,2014-02-13 00:00:00.000
19351,18546,olivia53@adventure-works.com,524044F3-3819-42F8-AF06-A442438468D8,2012-09-09 00:00:00.000
19352,18547,olivia54@adventure-works.com,AAAA837E-EAD4-4753-B7BE-A26D64E6ADEC,2014-02-09 00:00:00.000
19353,18548,olivia55@adventure-works.com,C9B1CBDC-872F-4A38-95EC-4CBF58E93A04,2013-10-11 00:00:00.000
19354,18549,olivia56@adventure-works.com,31DC2A1A-C940-4102-8694-1CC9DCD71BFF,2013-08-06 00:00:00.000
19355,18550,olivia57@adventure-works.com,21E4EFCB-0610-4BAD-9C35-BC672BD7D868,2014-04-30 00:00:00.000
19356,18551,cory16@adventure-works.com,F8CDC994-112A-4DB9-A077-A99A9ED0C00B,2013-08-19 00:00:00.000
19357,18552,olivia58@adventure-works.com,9375FE4D-2544-4B3F-A136-0F5B7DE6C4CE,2012-11-10 00:00:00.000
19358,18553,olivia59@adventure-works.com,96B31885-2665-4A2F-91C2-9C6EE753C21B,2014-03-01 00:00:00.000
19359,18554,cory17@adventure-works.com,501E359E-23A8-4174-A3E2-40521FE7A2DC,2014-06-23 00:00:00.000
19360,18555,shane4@adventure-works.com,11CA6DD8-FCB0-4C0B-87FD-52F7A4665CED,2013-04-07 00:00:00.000
19361,18556,shane5@adventure-works.com,7C6C7530-AC2F-4933-BFB1-023C523034A1,2014-01-15 00:00:00.000
19362,18557,shane6@adventure-works.com,1D92F13A-1A48-470C-AC8A-D39314151A81,2012-10-26 00:00:00.000
19363,18558,olivia60@adventure-works.com,08AE9154-1533-4B68-9F06-1AF2CEDFB2F7,2014-04-15 00:00:00.000
19364,18559,nelson14@adventure-works.com,7653F219-90DF-4366-82F6-D9749F75F5A4,2014-03-20 00:00:00.000
19365,18560,shane7@adventure-works.com,3A70DB3C-620B-4E2B-9BDB-769A1131B33E,2013-10-22 00:00:00.000
19366,18561,olivia61@adventure-works.com,E05CC2B8-8A51-401B-85DC-F747A61841D5,2012-03-28 00:00:00.000
19367,18562,shane8@adventure-works.com,5855CA29-5A56-480F-BD9E-DB501CE26E1F,2014-05-20 00:00:00.000
19368,18563,olivia62@adventure-works.com,3E6E974B-923C-41D6-911D-343D73A50D09,2013-12-12 00:00:00.000
19369,18564,olivia63@adventure-works.com,A3569CC5-2ADF-4509-9E0A-A0FC36F4FBBB,2014-03-12 00:00:00.000
19370,18565,shane9@adventure-works.com,F546FFAF-40EF-4E62-986E-9A03A6C9E1D2,2014-05-04 00:00:00.000
19371,18566,olivia64@adventure-works.com,A54D37DA-1BD3-42B1-943B-DB9823053A6C,2013-02-24 00:00:00.000
19372,18567,olivia65@adventure-works.com,7F59584D-F250-4E71-9B0E-FCA1513D239C,2013-12-17 00:00:00.000
19373,18568,olivia66@adventure-works.com,24FB9FD9-5663-430E-B5B6-A5CD35A16248,2013-09-28 00:00:00.000
19374,18569,shane10@adventure-works.com,6F77D584-1F18-478F-A5E0-EEFB8637F99F,2014-04-22 00:00:00.000
19375,18570,shane11@adventure-works.com,77D17E03-0024-4583-8101-A6D69916872B,2013-12-03 00:00:00.000
19376,18571,victoria24@adventure-works.com,2EC4C716-7A99-4B66-BF5D-F39D2FF831C9,2012-02-04 00:00:00.000
19377,18572,shane12@adventure-works.com,D310665C-4024-4A2F-AA9D-96FA46C56C97,2014-02-19 00:00:00.000
19378,18573,victoria25@adventure-works.com,1DDD6384-D7DE-497E-9F8E-F4B88F1A1965,2014-06-04 00:00:00.000
19379,18574,shane13@adventure-works.com,3AE2855B-C8D5-4EEC-9E3C-BE26AE99A9C1,2011-09-29 00:00:00.000
19380,18575,victoria26@adventure-works.com,334B27C6-5C76-41A2-8FE2-F1116E6B9C5A,2012-03-03 00:00:00.000
19381,18576,victoria27@adventure-works.com,AF146FF3-3BE7-4BDE-B366-91D91794D124,2014-02-01 00:00:00.000
19382,18577,nelson15@adventure-works.com,6E5A1F52-E205-44CE-A7C1-9466AD3E3D9B,2014-04-26 00:00:00.000
19383,18578,shane14@adventure-works.com,48EB3756-5109-4144-B2B5-7297F4A7D12D,2013-10-08 00:00:00.000
19384,18579,victoria28@adventure-works.com,E518BAC2-68C2-4230-A58B-BE69295A667E,2013-06-15 00:00:00.000
19385,18580,shane15@adventure-works.com,A57CEAC9-29A7-416D-8962-C808853B65DC,2011-07-02 00:00:00.000
19386,18581,shane16@adventure-works.com,D77BD0CE-7B58-40D2-9E8C-B7647104A39F,2014-06-17 00:00:00.000
19387,18582,shane17@adventure-works.com,1F5B41FD-3496-464A-8687-3BAFCBB204D7,2013-10-03 00:00:00.000
19388,18583,victoria29@adventure-works.com,20AA9BE2-348C-4145-B06A-CE33290710C2,2012-05-20 00:00:00.000
19389,18584,victoria30@adventure-works.com,6E66CACC-A7E0-4DF1-A4B9-EDD94D303CD1,2014-03-24 00:00:00.000
19390,18585,shane18@adventure-works.com,2A7B14EC-6682-4BF1-8703-3842E6A74337,2013-11-19 00:00:00.000
19391,18586,victoria31@adventure-works.com,E23272BD-6EED-484C-BED2-D67D65E4D5A1,2014-02-14 00:00:00.000
19392,18587,victoria32@adventure-works.com,FBA06149-7D19-42BE-A1CD-81BF80A6A251,2014-02-13 00:00:00.000
19393,18588,victoria33@adventure-works.com,FB83F4C8-CCDD-4DE5-B5FA-F8A1C8D9E0CC,2011-12-09 00:00:00.000
19394,18589,shane19@adventure-works.com,E1800A0C-CB9F-4480-8307-C33702428731,2014-01-05 00:00:00.000
19395,18590,victoria34@adventure-works.com,2E1D2BAF-F1BB-4621-906C-46FEAC9AD36B,2013-10-11 00:00:00.000
19396,18591,victoria35@adventure-works.com,B048B081-E9CA-4E1F-A56E-E01890FB66C7,2012-12-25 00:00:00.000
19397,18592,shane20@adventure-works.com,B85360FE-3983-4B17-B33B-97CCD361B70B,2014-04-14 00:00:00.000
19398,18593,shane21@adventure-works.com,6752E9FD-4962-4358-864F-81A5DE046B03,2013-01-20 00:00:00.000
19399,18594,victoria36@adventure-works.com,DA1903B1-A1BA-44E3-B6EE-CF988E8E6256,2012-06-18 00:00:00.000
19400,18595,victoria37@adventure-works.com,35B8BDA6-CD60-4215-9892-23922B131A99,2013-07-19 00:00:00.000
19401,18596,shane22@adventure-works.com,C1C73333-7069-47F4-B925-2B4DAC1B73E0,2014-03-03 00:00:00.000
19402,18597,victoria38@adventure-works.com,DA5D5AD2-4731-4E3A-BE7F-64C207863A6D,2013-07-19 00:00:00.000
19403,18598,victoria39@adventure-works.com,0350A7DC-07FC-482E-9057-DACCA8A833D1,2014-01-05 00:00:00.000
19404,18599,nelson16@adventure-works.com,F6684D61-401D-4A1F-B053-3205F2941FAE,2012-05-01 00:00:00.000
19405,18600,shane23@adventure-works.com,D981215B-6172-4C75-A8C2-608AE3708DE9,2013-01-17 00:00:00.000
19406,18601,victoria40@adventure-works.com,C0523703-ABD2-4232-84B5-CFADC6A324A1,2013-11-20 00:00:00.000
19407,18602,douglas4@adventure-works.com,37E726CD-3A2D-4C12-A561-CC6A1F83288F,2012-01-02 00:00:00.000
19408,18603,victoria41@adventure-works.com,D42DE716-5AC8-4661-BF0C-918CFD1F4888,2013-01-23 00:00:00.000
19409,18604,douglas5@adventure-works.com,BB83CF1A-1C32-4A24-861B-10FCEF180FA6,2012-02-08 00:00:00.000
19410,18605,douglas6@adventure-works.com,E700AB9C-3809-4D5A-8768-FB02FCAAC40B,2011-09-19 00:00:00.000
19411,18606,douglas7@adventure-works.com,DC413E54-3B71-4AEF-AECC-47504BA8EBD0,2014-02-13 00:00:00.000
19412,18607,victoria42@adventure-works.com,71653DFD-9DA5-4290-B6A4-BD8C805842E8,2012-10-21 00:00:00.000
19413,18608,douglas8@adventure-works.com,15A47289-3BDE-4F48-A874-4428BDA1F260,2014-02-18 00:00:00.000
19414,18609,victoria43@adventure-works.com,B9078713-28F5-4923-A85F-13430FCB708D,2013-10-03 00:00:00.000
19415,18610,victoria44@adventure-works.com,0FF85692-8F97-487B-94E1-288C561AA5D0,2013-10-26 00:00:00.000
19416,18611,douglas9@adventure-works.com,47075DFF-D84C-4762-B317-8DB852CFF452,2012-11-12 00:00:00.000
19417,18612,victoria45@adventure-works.com,22570A00-932E-4861-B617-ACE3209193A7,2014-05-05 00:00:00.000
19418,18613,victoria46@adventure-works.com,C5915887-D997-4A0F-8E85-5F7CF9D3DE88,2013-10-26 00:00:00.000
19419,18614,nelson17@adventure-works.com,24DCB169-6113-4823-BE86-B6E22E854AB2,2014-01-01 00:00:00.000
19420,18615,douglas10@adventure-works.com,4CE64E12-759D-40D8-8D37-7BF5B6F521F4,2014-03-25 00:00:00.000
19421,18616,douglas11@adventure-works.com,13598B02-12F9-4D80-8952-B35FFC77172F,2014-02-15 00:00:00.000
19422,18617,victoria47@adventure-works.com,2E383F5A-DC74-4534-82D4-D177DFCF1C57,2014-01-18 00:00:00.000
19423,18618,douglas12@adventure-works.com,47B46012-EE0A-4B82-8D88-107925F07EAA,2014-01-04 00:00:00.000
19424,18619,douglas13@adventure-works.com,9BE9EDD9-1F0C-451D-B7F8-3F74E2571F0A,2013-08-23 00:00:00.000
19425,18620,victoria48@adventure-works.com,203DAA00-8329-4DF5-91E5-D3E7A34D8E04,2014-01-13 00:00:00.000
19426,18621,douglas14@adventure-works.com,0520B715-B6EA-4C71-9F8A-6D3036A0352B,2014-03-13 00:00:00.000
19427,18622,victoria49@adventure-works.com,4E5ED06B-9D69-428A-84F8-77A4ECB26D75,2013-07-15 00:00:00.000
19428,18623,douglas15@adventure-works.com,18706A9A-0695-4A82-8889-5C6C3C25BC70,2013-12-30 00:00:00.000
19429,18624,victoria50@adventure-works.com,59A83398-E62F-4560-B82C-18DB4CDD318D,2013-08-30 00:00:00.000
19430,18625,victoria51@adventure-works.com,99F42EB7-532C-499D-9133-8599342A1D79,2013-12-29 00:00:00.000
19431,18626,douglas16@adventure-works.com,F5443881-F830-4524-B744-FBF9EE3835F2,2014-02-26 00:00:00.000
19432,18627,douglas17@adventure-works.com,C2034389-591A-47B9-8809-00F8BA1F2433,2013-04-10 00:00:00.000
19433,18628,todd21@adventure-works.com,EBA8E304-D14E-4034-ADB1-B333965E02B4,2014-04-21 00:00:00.000
19434,18629,douglas18@adventure-works.com,07B7FA9A-DD20-421D-96E6-E234BA995AC2,2012-07-24 00:00:00.000
19435,18630,victoria52@adventure-works.com,249BF954-504E-4AA2-9794-54943D5AE4DD,2014-06-15 00:00:00.000
19436,18631,douglas19@adventure-works.com,F9BA62FF-6CD2-4CBB-AA5B-B980C12BE807,2013-11-16 00:00:00.000
19437,18632,nelson18@adventure-works.com,5E28C69D-F13A-44F3-8706-0751DDCD3F5B,2013-04-10 00:00:00.000
19438,18633,douglas20@adventure-works.com,0A46C4AE-0260-4553-B84C-1DCFEE4A437B,2012-09-28 00:00:00.000
19439,18634,douglas21@adventure-works.com,B61E9B90-2000-4911-A3E4-1E412A2D1DB6,2013-08-05 00:00:00.000
19440,18635,victoria53@adventure-works.com,9C4F21F7-CA83-4BBA-87A5-21647C0E5195,2014-04-15 00:00:00.000
19441,18636,douglas22@adventure-works.com,B30FC609-6FE8-47FC-8FF6-0E4332662D82,2014-03-18 00:00:00.000
19442,18637,victoria54@adventure-works.com,F1EE4EFA-2606-4C4B-8780-FA27EDB30C53,2013-11-07 00:00:00.000
19443,18638,douglas23@adventure-works.com,ED6A21AE-565A-4D5E-B8B5-05FE5BBD8724,2012-02-25 00:00:00.000
19444,18639,douglas24@adventure-works.com,4F189E4B-4D52-498C-80FF-51861E94FA5E,2013-07-18 00:00:00.000
19445,18640,victoria55@adventure-works.com,8CA7F033-612F-4092-9F21-6DCECD9863B8,2014-05-27 00:00:00.000
19446,18641,douglas25@adventure-works.com,5B659FEA-0DEC-477B-91D6-20C204F305E0,2012-06-09 00:00:00.000
19447,18642,raymond2@adventure-works.com,1558AA76-8BE2-49C6-94D1-14D6F5A83D13,2014-03-31 00:00:00.000
19448,18643,victoria56@adventure-works.com,44976C5F-FCE3-42EB-BBBF-AF5E59A20C32,2014-01-05 00:00:00.000
19449,18644,raymond3@adventure-works.com,954CB196-CEF1-4E8A-B68C-8A1126F672D2,2014-03-30 00:00:00.000
19450,18645,raymond4@adventure-works.com,76AD7DB0-AEC4-4E99-AC32-8264D665099E,2013-12-06 00:00:00.000
19451,18646,victoria57@adventure-works.com,C531063A-3229-4E4E-9D63-1A7E5F2005B8,2013-10-04 00:00:00.000
19452,18647,nelson19@adventure-works.com,AE776006-2AC1-4FCA-9711-DDA21CB95BB8,2013-10-09 00:00:00.000
19453,18648,victoria58@adventure-works.com,662A9842-8DF6-4A42-9955-B60F51026340,2014-02-27 00:00:00.000
19454,18649,victoria59@adventure-works.com,95F3929B-5D8C-4622-98B3-67915B66DCFA,2014-05-29 00:00:00.000
19455,18650,raymond5@adventure-works.com,9773C78A-6EE0-4D1B-80E4-1C788478BD10,2014-02-22 00:00:00.000
19456,18651,victoria60@adventure-works.com,A404C490-08C5-42A7-83ED-5005DEF0A8CF,2013-10-14 00:00:00.000
19457,18652,victoria61@adventure-works.com,12DD84A5-80FA-443A-BEED-4285183C20E8,2013-09-03 00:00:00.000
19458,18653,raymond6@adventure-works.com,C6FAF28C-6381-4636-95B2-10530C4180B3,2013-04-03 00:00:00.000
19459,18654,victoria62@adventure-works.com,5F951A6D-2BA5-4FA2-8D81-60402D4BB987,2014-06-04 00:00:00.000
19460,18655,raymond7@adventure-works.com,29D23541-7B18-4C59-9EB1-85DF95A4124C,2013-11-08 00:00:00.000
19461,18656,raymond8@adventure-works.com,3D0D9DF6-1FA8-473E-9E5A-7D7D3D009ADB,2012-03-29 00:00:00.000
19462,18657,raymond9@adventure-works.com,3B1DE358-30F5-4074-ACE8-DEF82010D7F5,2012-05-03 00:00:00.000
19463,18658,raymond10@adventure-works.com,8051B551-9478-463B-9AAB-F1A722ED8422,2013-05-21 00:00:00.000
19464,18659,raymond11@adventure-works.com,95904074-6B30-4470-8B79-A5AE61AA9970,2013-11-13 00:00:00.000
19465,18660,raymond12@adventure-works.com,1C7D1F78-3B4E-44CD-A8BA-1B6B3DBEE69E,2013-10-12 00:00:00.000
19466,18661,victoria63@adventure-works.com,B141435D-E7DD-4E00-98E6-080163322EDF,2011-12-08 00:00:00.000
19467,18662,kelvin37@adventure-works.com,45F04E9F-F722-4CDB-B347-D6D98112ED28,2013-10-28 00:00:00.000
19468,18663,nelson20@adventure-works.com,74EE102E-9DC7-4A36-A017-C191182BC423,2012-10-10 00:00:00.000
19469,18664,raymond13@adventure-works.com,FFCD10ED-31A8-4EF7-95AF-001A4A4D722E,2013-03-08 00:00:00.000
19470,18665,victoria64@adventure-works.com,3AE7EC54-B1BB-401B-893F-47E6164DCFA4,2014-05-28 00:00:00.000
19471,18666,raymond14@adventure-works.com,BDF8D416-47C1-4F61-A1C4-5640BB9A08B1,2012-01-07 00:00:00.000
19472,18667,victoria65@adventure-works.com,6D0E5F33-2C55-4996-9C73-4831B8FDA430,2013-10-09 00:00:00.000
19473,18668,raymond15@adventure-works.com,F3AEF950-DA13-4F39-91BD-505F104B5BFB,2013-02-25 00:00:00.000
19474,18669,victoria66@adventure-works.com,6F9A3E46-80A3-4BB9-9ED3-F3A349B9187A,2012-02-01 00:00:00.000
19475,18670,victoria67@adventure-works.com,95D29F59-C111-4820-8B21-2CF48B04EF03,2014-06-23 00:00:00.000
19476,18671,raymond16@adventure-works.com,6109D7A0-D252-4ED3-A941-79B5453A2F78,2014-04-01 00:00:00.000
19477,18672,victoria68@adventure-works.com,8588BAF2-089F-43DC-A16D-32CC42C141DB,2012-01-10 00:00:00.000
19478,18673,emma24@adventure-works.com,00940930-B094-4C1B-9621-A9185620CE8D,2013-11-13 00:00:00.000
19479,18674,raymond17@adventure-works.com,42400333-3FAB-421C-92FF-389650522F3C,2014-03-25 00:00:00.000
19480,18675,emma25@adventure-works.com,F0744390-7EE4-4ABE-82A2-5D492D405496,2012-03-27 00:00:00.000
19481,18676,emma26@adventure-works.com,1A75D493-6087-40EC-8E68-BC1FFDD2FD10,2013-09-18 00:00:00.000
19482,18677,raymond18@adventure-works.com,0965B887-95EC-4B01-8FF0-042200B41B0D,2013-08-23 00:00:00.000
19483,18678,raymond19@adventure-works.com,AFA2447C-EEAF-4985-8268-7095787B53C1,2013-11-11 00:00:00.000
19484,18679,raymond20@adventure-works.com,C5BBD3E6-A61A-483A-9C35-0FC870C60164,2013-10-01 00:00:00.000
19485,18680,nelson21@adventure-works.com,1843CD32-2559-4C8B-9B98-907E8EECD0F3,2012-01-31 00:00:00.000
19486,18681,raymond21@adventure-works.com,1C5B678D-24DB-45DD-A33A-A5600D76B703,2012-05-03 00:00:00.000
19487,18682,emma27@adventure-works.com,8254473D-C12F-4C05-8987-15451238A2F5,2013-11-29 00:00:00.000
19488,18683,brett0@adventure-works.com,720718C5-B50C-4929-BC81-7D212C68A529,2014-01-24 00:00:00.000
19489,18684,brett1@adventure-works.com,91F6BEC0-60AB-41C2-A730-21F543A9FE49,2013-09-07 00:00:00.000
19490,18685,brett2@adventure-works.com,B84622D0-C053-4B12-9BD3-A33CD4CEE906,2013-09-29 00:00:00.000
19491,18686,emma28@adventure-works.com,21DD2FD2-7835-4CBA-AE01-23EFB8D3741B,2014-02-01 00:00:00.000
19492,18687,emma29@adventure-works.com,5205B771-1EA3-4289-B44E-1A72B7AB1E3B,2012-10-26 00:00:00.000
19493,18688,brett3@adventure-works.com,7F2ECA1F-29A3-41AC-ADF4-E1872D1CD035,2014-05-26 00:00:00.000
19494,18689,emma30@adventure-works.com,CFC50011-2AB8-47AA-9C32-8ADB22A6452F,2012-09-23 00:00:00.000
19495,18690,brett4@adventure-works.com,EF0E01B0-60BB-4C4E-BB45-5653D34F56D7,2011-12-27 00:00:00.000
19496,18691,emma31@adventure-works.com,72E0BCB1-E949-458D-90B9-1B55D3BB8622,2013-01-07 00:00:00.000
19497,18692,emma32@adventure-works.com,C7D86BD0-CD7B-422E-9CD4-A784DACCA2A2,2011-09-14 00:00:00.000
19498,18693,brett5@adventure-works.com,9C52DBDB-A6CB-4DA8-B758-7CC037F09042,2014-01-06 00:00:00.000
19499,18694,emma33@adventure-works.com,C394CBB3-D105-4F3B-B8EC-7FDB2B5DE09C,2013-10-20 00:00:00.000
19500,18695,emma34@adventure-works.com,11FD6A94-4866-47E2-A67C-200DA914AC0C,2011-11-26 00:00:00.000
19501,18696,byron0@adventure-works.com,50911B98-85D0-44E1-A7DC-10BAC92F36AF,2013-09-25 00:00:00.000
19502,18697,brett6@adventure-works.com,4C1E8DA1-2C7F-44A7-A9EC-8AF9371C7E07,2013-08-13 00:00:00.000
19503,18698,brett7@adventure-works.com,E6B7ACAB-55C8-496C-9717-72E4C49ACFA9,2012-10-28 00:00:00.000
19504,18699,emma35@adventure-works.com,2FF535AB-83EF-4030-8580-2460101FEE58,2012-02-14 00:00:00.000
19505,18700,emma36@adventure-works.com,12675D36-BBB1-4EF0-ACDD-167F0A17B25E,2014-04-28 00:00:00.000
19506,18701,brett8@adventure-works.com,5B614776-B494-4A1E-A64C-9A8E0D9FA623,2014-04-09 00:00:00.000
19507,18702,emma37@adventure-works.com,EB5415B4-829D-47BB-9618-C43F55CA37A5,2013-07-26 00:00:00.000
19508,18703,brett9@adventure-works.com,B6CA05BD-CB71-4230-B1A8-359361931C33,2013-12-01 00:00:00.000
19509,18704,emma38@adventure-works.com,542A0816-8B52-4C9E-B16E-CB677B7AE938,2014-04-29 00:00:00.000
19510,18705,brett10@adventure-works.com,E9BAA8ED-1B4C-4818-9952-4F38E39FA22D,2014-02-27 00:00:00.000
19511,18706,brett11@adventure-works.com,2233C44A-1B7D-4985-ACBC-A713F697AAAF,2012-11-28 00:00:00.000
19512,18707,brett12@adventure-works.com,444BCA09-76AB-44D1-A5CE-DA7109D0FD8F,2014-05-11 00:00:00.000
19513,18708,emma39@adventure-works.com,E9C77AFD-1F1C-4B03-8229-EE716DFE0F84,2014-01-18 00:00:00.000
19514,18709,brett13@adventure-works.com,60E85A39-A7BD-4E5D-AD80-ED7044CEBFEE,2011-11-29 00:00:00.000
19515,18710,emma40@adventure-works.com,3DA9ED15-65B5-44D3-9457-A57C600E3D40,2013-10-11 00:00:00.000
19516,18711,emma41@adventure-works.com,53E02B76-F750-49F7-A3E9-50884071D83F,2014-05-06 00:00:00.000
19517,18712,emma42@adventure-works.com,5970F884-57DD-4999-9FAB-F310401CA04C,2014-03-14 00:00:00.000
19518,18713,brett14@adventure-works.com,28C395D0-424D-4CE4-846F-ABC4AF1E6D9B,2012-01-10 00:00:00.000
19519,18714,emma43@adventure-works.com,B8A43E03-45DA-4F2C-81F3-8F32300D3340,2014-05-26 00:00:00.000
19520,18715,byron1@adventure-works.com,33A166D8-712E-4412-95E7-6432DE4754DB,2014-02-03 00:00:00.000
19521,18716,brett15@adventure-works.com,2EA56CEF-AE9F-4F2F-82AE-00F611D2F66B,2013-08-31 00:00:00.000
19522,18717,emma44@adventure-works.com,1412F371-99F3-4511-BD14-42E70585C762,2013-11-18 00:00:00.000
19523,18718,brett16@adventure-works.com,FA41EEAE-6E4E-4DCE-B6E7-0A5DD69FB967,2014-01-09 00:00:00.000
19524,18719,emma45@adventure-works.com,B976B9DE-5C90-431A-8BF9-28FD26C3C292,2013-09-11 00:00:00.000
19525,18720,brett17@adventure-works.com,E5C511A1-5A11-4385-A889-CEA90C09B480,2013-01-04 00:00:00.000
19526,18721,brett18@adventure-works.com,9C4A317E-E48F-4F83-BE77-C129879384A9,2013-11-13 00:00:00.000
19527,18722,carol23@adventure-works.com,BE79C2B0-7046-4B39-A7DC-C094ACF4D30F,2014-03-14 00:00:00.000
19528,18723,emma46@adventure-works.com,28900101-4D31-4CD9-B179-F729ACF3DCF7,2013-04-17 00:00:00.000
19529,18724,brett19@adventure-works.com,45E29FCF-156C-41FF-9740-8637E596C342,2014-05-15 00:00:00.000
19530,18725,emma47@adventure-works.com,F1208768-4947-4532-900A-1CA0FEC63F97,2011-10-26 00:00:00.000
19531,18726,brett20@adventure-works.com,EA9F2CB3-9655-45C5-8E8D-3ADF04C4C361,2013-01-08 00:00:00.000
19532,18727,brett21@adventure-works.com,101ECDA8-E15C-4035-8166-49FC0F8DF45E,2013-10-20 00:00:00.000
19533,18728,emma48@adventure-works.com,D6A65675-9123-4CB4-B964-2532631DCCBF,2013-12-28 00:00:00.000
19534,18729,emma49@adventure-works.com,CF7864F3-7318-4B2E-AF3F-2A4AFBE3DDEC,2013-08-30 00:00:00.000
19535,18730,monica1@adventure-works.com,10BCFB3E-CD9A-4B25-8133-6EFBC00C48E8,2014-01-18 00:00:00.000
19536,18731,monica2@adventure-works.com,48A04ABE-9973-41DD-A5F5-862C974448D6,2013-08-08 00:00:00.000
19537,18732,monica3@adventure-works.com,A4B57875-84D9-464B-A838-C8A3F2A8BCD2,2013-05-22 00:00:00.000
19538,18733,monica4@adventure-works.com,09D2350C-5C2D-4E11-8413-7C28DF281EE5,2012-05-25 00:00:00.000
19539,18734,emma50@adventure-works.com,7A0C1827-0686-4B44-8875-7118B5B1C68C,2014-03-22 00:00:00.000
19540,18735,monica5@adventure-works.com,5E40A7D3-4A6D-4A15-8E29-6488AF7F28AC,2013-05-18 00:00:00.000
19541,18736,monica6@adventure-works.com,234B3B92-80EA-4F26-90AA-2A45422AAF7E,2013-10-31 00:00:00.000
19542,18737,emma51@adventure-works.com,DE7F7B29-70DA-489D-9B04-CC0F43E6439D,2013-07-07 00:00:00.000
19543,18738,monica7@adventure-works.com,E56A2E9B-60C5-4578-A4FA-0DAF393FDABE,2014-03-19 00:00:00.000
19544,18739,monica8@adventure-works.com,290C5FB8-1F9D-4D64-A008-BA20E1EA0A1B,2013-11-11 00:00:00.000
19545,18740,monica9@adventure-works.com,12A8FF11-B75E-4351-901F-5CA0F1641640,2013-10-24 00:00:00.000
19546,18741,monica10@adventure-works.com,16789149-110C-455C-8EBF-2DC3DE09DD9D,2014-04-02 00:00:00.000
19547,18742,emma52@adventure-works.com,F3D2366F-46FC-4A93-B8A3-B91C2B688DE6,2014-02-03 00:00:00.000
19548,18743,emma53@adventure-works.com,59C8AFA6-D3C0-4086-BFE3-49FFD985BB41,2013-12-06 00:00:00.000
19549,18744,emma54@adventure-works.com,5B16FFD3-A2CE-4AEF-B39B-78FB55454BBD,2014-03-01 00:00:00.000
19550,18745,monica11@adventure-works.com,C36CADAB-44FB-47C3-89E8-A05344AB74BA,2013-07-16 00:00:00.000
19551,18746,emma55@adventure-works.com,80E21273-A944-4FF8-9011-F699827DC986,2014-04-09 00:00:00.000
19552,18747,emma56@adventure-works.com,16F3B67B-7C54-4E42-A069-0C0F9A70F2E8,2011-12-14 00:00:00.000
19553,18748,byron2@adventure-works.com,509875B6-F0FE-4354-83A9-6D6BF08544FE,2013-10-22 00:00:00.000
19554,18749,monica12@adventure-works.com,F2A600A7-FFC0-4048-B25F-6F68A5E3AB74,2013-12-09 00:00:00.000
19555,18750,emma57@adventure-works.com,C7C3BAA8-1074-4E11-9928-F882852BA3E4,2014-05-22 00:00:00.000
19556,18751,monica13@adventure-works.com,1EA85B20-04EB-4146-8F66-873F07B3DD91,2014-03-12 00:00:00.000
19557,18752,emma58@adventure-works.com,57C8296A-F560-4429-849B-CDDAD135A11E,2013-09-15 00:00:00.000
19558,18753,monica14@adventure-works.com,B4283384-9D95-4303-9C39-F65C2B58D4EA,2011-11-04 00:00:00.000
19559,18754,emma59@adventure-works.com,DCC727D6-EC7F-4FD7-9E2F-70717578761A,2013-11-29 00:00:00.000
19560,18755,monica15@adventure-works.com,2BD0B905-3496-4AB8-9429-C06F4EE779F1,2014-01-05 00:00:00.000
19561,18756,emma60@adventure-works.com,286F6F24-1C64-453A-B135-FD22C741A214,2013-12-03 00:00:00.000
19562,18757,monica16@adventure-works.com,93C0B438-E7D1-4D33-8062-36E90B54522B,2014-06-15 00:00:00.000
19563,18758,monica17@adventure-works.com,0A5D591E-438F-4C0C-86D3-3E2873B5F2D3,2013-01-01 00:00:00.000
19564,18759,monica18@adventure-works.com,E55C55D7-0CD0-40FC-B045-A4EB425BF993,2013-11-12 00:00:00.000
19565,18760,monica19@adventure-works.com,427ACFB5-4E94-449D-A01F-9968E8595397,2013-12-15 00:00:00.000
19566,18761,byron3@adventure-works.com,1518CEA1-C092-4D9A-92FB-2D4A1642ACC1,2013-11-12 00:00:00.000
19567,18762,miguel72@adventure-works.com,E6F68C5E-45FF-4230-ACA0-8BBCDCBD337A,2012-04-05 00:00:00.000
19568,18763,monica20@adventure-works.com,16C469A6-655E-493E-B3D3-65E77ED1CC9C,2014-04-26 00:00:00.000
19569,18764,emma61@adventure-works.com,65DF37D4-7693-48EB-871E-9415FE978B32,2014-01-08 00:00:00.000
19570,18765,holly3@adventure-works.com,0580697B-6A9F-409D-A7C7-660703CB48B3,2013-07-22 00:00:00.000
19571,18766,emma62@adventure-works.com,E4E452C4-5D9C-432C-A23C-B81683A7454C,2013-07-25 00:00:00.000
19572,18767,holly4@adventure-works.com,37D7D0F3-DF5E-40BD-8E6D-6BE871F3E3E6,2013-07-09 00:00:00.000
19573,18768,emma63@adventure-works.com,DA867551-9531-489E-BDBF-3F2C7014B398,2013-07-04 00:00:00.000
19574,18769,emma64@adventure-works.com,12BC6418-01EC-4B17-BEF0-09F5B763464D,2013-07-09 00:00:00.000
19575,18770,holly5@adventure-works.com,E9F7FE45-AAD1-4F33-B4A9-682F85037C64,2013-12-03 00:00:00.000
19576,18771,holly6@adventure-works.com,F5347F88-368D-495D-807E-7EA844416793,2014-04-06 00:00:00.000
19577,18772,holly7@adventure-works.com,0954320C-2855-4169-86A9-9EDBD1795AFC,2014-02-02 00:00:00.000
19578,18773,holly8@adventure-works.com,DB54BB4D-9E49-4CF8-8482-E4230CA0FB54,2014-03-22 00:00:00.000
19579,18774,emma65@adventure-works.com,20D70236-607F-4E66-9F58-81EDA0802AE6,2014-02-24 00:00:00.000
19580,18775,emma66@adventure-works.com,98B657AC-6366-4ED9-A208-8F38D5055F79,2011-09-13 00:00:00.000
19581,18776,holly9@adventure-works.com,7B8F536B-31B4-4D4D-AD3C-529109A1AA00,2012-04-25 00:00:00.000
19582,18777,emma67@adventure-works.com,90D7408A-650E-495F-9CEA-77DDD905A056,2014-02-17 00:00:00.000
19583,18778,grace25@adventure-works.com,E029FCBA-2611-4121-ADBA-7739FFD04C97,2013-09-16 00:00:00.000
19584,18779,holly10@adventure-works.com,B23FC225-10D2-41B4-A96B-AA5DE7D97F43,2013-09-10 00:00:00.000
19585,18780,grace26@adventure-works.com,4E42F3D9-8A34-4D0B-BB74-069B496A1C99,2013-08-31 00:00:00.000
19586,18781,grace27@adventure-works.com,B043CCC2-09A3-4BAA-A531-27C3623814D6,2013-10-29 00:00:00.000
19587,18782,holly11@adventure-works.com,361C025E-784E-4A97-BD22-3E3AED6896CF,2013-11-21 00:00:00.000
19588,18783,holly12@adventure-works.com,A0DDD012-0B27-463B-954E-B46093880F2D,2014-04-18 00:00:00.000
19589,18784,gloria23@adventure-works.com,5F6E80F8-5174-4BBD-B1B1-A4BA10FF7FBC,2014-02-04 00:00:00.000
19590,18785,holly13@adventure-works.com,D2ADD28A-1987-4B3E-876F-E841723A1800,2012-05-11 00:00:00.000
19591,18786,grace28@adventure-works.com,E531A5EE-B5ED-485A-B5F8-97B492A33FBA,2013-12-01 00:00:00.000
19592,18787,holly14@adventure-works.com,A5D96A01-6720-44B6-B50E-3F6AF6191DEE,2013-12-09 00:00:00.000
19593,18788,grace29@adventure-works.com,DEE97BC9-82D0-44DD-92EB-FC7A716A90CE,2014-05-03 00:00:00.000
19594,18789,byron4@adventure-works.com,EB09073F-ECFF-4339-B54E-99D240B24F2C,2013-05-07 00:00:00.000
19595,18790,holly15@adventure-works.com,D92309DC-B755-490C-AED0-699411EBE81D,2012-07-12 00:00:00.000
19596,18791,grace30@adventure-works.com,14BF708B-672C-4A79-AF84-038BB73137C1,2013-12-30 00:00:00.000
19597,18792,holly16@adventure-works.com,DA28EDAC-BF39-4215-B93C-404DAAC245BA,2013-11-12 00:00:00.000
19598,18793,grace31@adventure-works.com,08704D28-8BE5-4AAB-BF85-D5D9D2A37CDD,2013-02-02 00:00:00.000
19599,18794,grace32@adventure-works.com,CFC6B73A-D60D-4F31-8561-6E560D2AF04F,2013-11-06 00:00:00.000
19600,18795,holly17@adventure-works.com,42839590-3CA4-4871-AFC4-72A16F398708,2012-01-31 00:00:00.000
19601,18796,holly18@adventure-works.com,54E233A2-1311-499C-8067-679256EC8D5F,2013-06-30 00:00:00.000
19602,18797,holly19@adventure-works.com,5330AD1A-3C09-4D50-A752-9E333CAA6150,2013-10-10 00:00:00.000
19603,18798,grace33@adventure-works.com,DA44FA04-C407-4F14-B165-655A54C6826D,2013-07-14 00:00:00.000
19604,18799,grace34@adventure-works.com,3D4865F2-B1CA-47DB-B4C1-579597FFDD95,2013-09-27 00:00:00.000
19605,18800,cassandra0@adventure-works.com,7866A034-439C-4C19-8E84-38FC5022FBD1,2014-01-17 00:00:00.000
19606,18801,cassandra1@adventure-works.com,480C21B9-CD88-4FF0-9216-E92D2E2A1069,2013-08-27 00:00:00.000
19607,18802,cassandra2@adventure-works.com,1676B353-F48D-41C8-8E43-AAF592FE2B76,2013-08-09 00:00:00.000
19608,18803,cassandra3@adventure-works.com,CC3FF0FB-BE70-4A6E-AB8F-E2CBD2FE73A7,2013-08-30 00:00:00.000
19609,18804,grace35@adventure-works.com,A5E710CF-47CF-4173-BF7E-D0919CA7076B,2013-10-20 00:00:00.000
19610,18805,cassandra4@adventure-works.com,DA3DDAE9-E7A0-432D-8BED-0160D646556A,2012-11-06 00:00:00.000
19611,18806,cassandra5@adventure-works.com,765D1A5A-A382-4E2B-8CDE-21F66E3584F0,2013-12-21 00:00:00.000
19612,18807,grace36@adventure-works.com,FCB68891-94BB-4424-A7AE-18A682FE8C7B,2011-11-20 00:00:00.000
19613,18808,cassandra6@adventure-works.com,3B9EC76E-CFF9-4BA5-B75A-19DF6973E763,2013-08-12 00:00:00.000
19614,18809,grace37@adventure-works.com,ACC2F445-FE17-4917-AAEB-64566AFAD111,2012-10-26 00:00:00.000
19615,18810,grace38@adventure-works.com,C9CBCD0A-873A-40F9-847A-D44E389E5DAB,2014-01-07 00:00:00.000
19616,18811,grace39@adventure-works.com,6739AEE9-B55C-444F-9F58-064C4811E1A4,2014-04-06 00:00:00.000
19617,18812,cassandra7@adventure-works.com,2828B760-8C6C-4AE4-8D54-5AD1F2C387BF,2012-10-05 00:00:00.000
19618,18813,grace40@adventure-works.com,A8EF282C-429F-43FD-990A-63D38CAFD83A,2013-07-27 00:00:00.000
19619,18814,cassandra8@adventure-works.com,11CD3B6C-4515-4776-A6B3-4E2DB54193DD,2013-11-03 00:00:00.000
19620,18815,grace41@adventure-works.com,B548592E-7F00-4F4A-A025-AEF588DAB2CA,2014-03-29 00:00:00.000
19621,18816,grace42@adventure-works.com,9CDE9CB4-C86A-4D7A-A576-46E03080342F,2014-03-28 00:00:00.000
19622,18817,cassandra9@adventure-works.com,8355F1BD-EDFD-4B59-8D98-3440D5168619,2013-08-29 00:00:00.000
19623,18818,grace43@adventure-works.com,D4B29D61-9ACC-4140-9B65-F958098D24A1,2014-01-04 00:00:00.000
19624,18819,cassandra10@adventure-works.com,843FE543-DE57-4655-ACA4-1385E36294FD,2013-04-17 00:00:00.000
19625,18820,cassandra11@adventure-works.com,33877FE7-C2D2-4E53-A8E6-FC0F04BA5B49,2012-05-16 00:00:00.000
19626,18821,grace44@adventure-works.com,FD5FC7E9-149E-409F-A544-8DD5D13F1207,2014-05-03 00:00:00.000
19627,18822,kelvin38@adventure-works.com,66267C1E-0329-4A30-AED1-1D2DAFF02FA1,2013-12-13 00:00:00.000
19628,18823,cassandra12@adventure-works.com,2219621D-3A26-4D0C-B9CD-EAA64500E741,2013-05-29 00:00:00.000
19629,18824,grace45@adventure-works.com,EE4D3068-FA24-4618-84DC-F5C57AB53B1D,2013-10-30 00:00:00.000
19630,18825,cassandra13@adventure-works.com,53E1679C-FA1F-4698-9C97-AE59062B8208,2014-01-26 00:00:00.000
19631,18826,grace46@adventure-works.com,B0BE4AD4-B3F2-435A-B99B-0498AC905AED,2013-08-17 00:00:00.000
19632,18827,cassandra14@adventure-works.com,EA454BB7-E6E5-4288-99D7-0AE26134F820,2014-01-21 00:00:00.000
19633,18828,cassandra15@adventure-works.com,ECD667ED-ECFE-4EFE-B6F2-DAEC3C1D7982,2014-01-08 00:00:00.000
19634,18829,grace47@adventure-works.com,A5666EDE-0DE2-43E2-BEAE-5AB7EF7523CE,2013-12-01 00:00:00.000
19635,18830,cassandra16@adventure-works.com,C3342BCB-5EC6-4A43-8A56-C70A44EDAFB3,2014-06-26 00:00:00.000
19636,18831,grace48@adventure-works.com,F8667389-733C-46FC-A579-AD68555B61FD,2012-07-05 00:00:00.000
19637,18832,cassandra17@adventure-works.com,38CE13B1-8458-4A7A-A0A8-722E04BC9005,2013-01-01 00:00:00.000
19638,18833,grace49@adventure-works.com,FEAB0CCB-2AE7-4D98-98F3-1E76A958948D,2013-12-31 00:00:00.000
19639,18834,grace50@adventure-works.com,9875078F-A02A-45BF-9EDF-4F511AB8899A,2014-04-24 00:00:00.000
19640,18835,grace51@adventure-works.com,48ADF386-3A57-4C55-BFC8-E1E95F4450BD,2014-05-05 00:00:00.000
19641,18836,cassandra18@adventure-works.com,5E2C71BC-D6E2-4E82-B8A3-21606044E0C0,2013-11-30 00:00:00.000
19642,18837,grace52@adventure-works.com,F1DBE3E0-7DCF-4FC3-94EB-DB428BB69E6A,2013-11-02 00:00:00.000
19643,18838,cassandra19@adventure-works.com,7D7F51B7-1FD5-4CAE-8664-76B3C02BBAE2,2013-12-31 00:00:00.000
19644,18839,grace53@adventure-works.com,C911BDC8-E474-44A6-80BD-742A0DCDF8A3,2013-07-24 00:00:00.000
19645,18840,cassandra20@adventure-works.com,DB4106AD-6C5B-4529-81AE-9019E663296A,2014-05-30 00:00:00.000
19646,18841,grace54@adventure-works.com,C1533F97-03CB-4E01-89E8-C5D51367D6C2,2011-12-02 00:00:00.000
19647,18842,grace55@adventure-works.com,2DF63671-7870-4C39-98F5-B1A2B2A9435D,2014-05-17 00:00:00.000
19648,18843,cassandra21@adventure-works.com,7DD80B18-FF64-4B44-881B-99D301034741,2013-07-07 00:00:00.000
19649,18844,grace56@adventure-works.com,DC4F8CFC-E28A-45D9-A38D-BA1C309E0941,2013-09-15 00:00:00.000
19650,18845,cassandra22@adventure-works.com,8CDB3660-9ED5-4E49-BFB1-60A331877EA8,2013-11-05 00:00:00.000
19651,18846,patricia5@adventure-works.com,3C0DFE92-0B15-45A1-8A89-517026678D94,2013-04-03 00:00:00.000
19652,18847,patricia6@adventure-works.com,2E2144E3-5899-4054-A073-B7C05C56E25F,2013-07-05 00:00:00.000
19653,18848,grace57@adventure-works.com,E0F6CA15-A86E-4C73-B72C-6BA5952C6D48,2012-12-06 00:00:00.000
19654,18849,grace58@adventure-works.com,8CF766D0-5B19-4E9A-BB0D-B9A4542C12D3,2013-04-24 00:00:00.000
19655,18850,patricia7@adventure-works.com,CAAE5CC1-9188-49D8-884D-33625B26A53C,2012-05-28 00:00:00.000
19656,18851,grace59@adventure-works.com,F063E14F-D460-40F2-8C9D-3EEC4C7C433C,2013-10-02 00:00:00.000
19657,18852,patricia8@adventure-works.com,2B29D503-F8EC-4A8D-AB44-01238AB24FE1,2012-04-04 00:00:00.000
19658,18853,grace60@adventure-works.com,A56E7243-F29E-4A3F-B4DA-35589A0461D2,2014-02-02 00:00:00.000
19659,18854,patricia9@adventure-works.com,26E5CFF7-6657-454E-896E-F90EEE07A11D,2014-05-10 00:00:00.000
19660,18855,grace61@adventure-works.com,8290DAD6-D502-4EEA-B373-68234663F99F,2013-09-09 00:00:00.000
19661,18856,patricia10@adventure-works.com,2775A1D0-001B-4548-85E1-412D2E7F87F5,2014-03-15 00:00:00.000
19662,18857,grace62@adventure-works.com,A84B6030-CB88-48BA-B220-F4E1FED71578,2013-10-31 00:00:00.000
19663,18858,byron5@adventure-works.com,0E0F26D1-BC01-4DE2-B59E-AB94A0A5BC4B,2011-11-24 00:00:00.000
19664,18859,grace63@adventure-works.com,AA85F155-C755-43DF-87EA-E57FB412193C,2012-07-07 00:00:00.000
19665,18860,patricia11@adventure-works.com,2760729F-5A49-49C6-ACE9-6093C1F27299,2012-11-17 00:00:00.000
19666,18861,patricia12@adventure-works.com,6FB18C4A-6BB4-4490-BFBA-312F128C29FF,2013-12-19 00:00:00.000
19667,18862,patricia13@adventure-works.com,89BAC67C-4224-4089-AC10-CE758E5D0D27,2014-03-18 00:00:00.000
19668,18863,patricia14@adventure-works.com,AEA5948C-F211-4134-8B67-6D0F9A4C7913,2012-01-03 00:00:00.000
19669,18864,gloria24@adventure-works.com,2A7338CA-0D43-4BA7-BFB4-697675DB4694,2014-02-03 00:00:00.000
19670,18865,grace64@adventure-works.com,8059EDA6-B630-44DD-9C58-A9C71FE9CFC6,2013-11-15 00:00:00.000
19671,18866,patricia15@adventure-works.com,C70B93D4-2AB2-420E-8DFE-7334819CA5B1,2011-07-24 00:00:00.000
19672,18867,grace65@adventure-works.com,2C1A6D58-A61F-4124-AEE0-43F2734B9EB3,2014-02-18 00:00:00.000
19673,18868,patricia16@adventure-works.com,97AB4C90-8757-4A5B-89D3-CE12FB690D47,2014-05-21 00:00:00.000
19674,18869,patricia17@adventure-works.com,B95D40DF-1DF5-42A7-A9FF-8B832867714A,2013-08-30 00:00:00.000
19675,18870,patricia18@adventure-works.com,29CC2B7A-87A7-40DD-8315-F0D1ED6624CE,2013-08-04 00:00:00.000
19676,18871,grace66@adventure-works.com,3C4755D0-CDB7-49C7-A146-01669F9DCD75,2013-08-26 00:00:00.000
19677,18872,grace67@adventure-works.com,EE301C82-81AC-4C7F-9B58-148ECC075E57,2011-11-07 00:00:00.000
19678,18873,byron6@adventure-works.com,DF26ADA1-F5D6-4D60-B10B-4AADE4C32F2C,2014-01-13 00:00:00.000
19679,18874,grace68@adventure-works.com,3FE1338D-3AA5-48EF-A8F9-54BF476248D2,2014-05-29 00:00:00.000
19680,18875,patricia19@adventure-works.com,77486178-A563-4788-8A2A-395B619BD65A,2014-03-10 00:00:00.000
19681,18876,rachel28@adventure-works.com,50035087-164F-4A4D-9ADA-A8A776F563A2,2014-03-09 00:00:00.000
19682,18877,patricia20@adventure-works.com,9C244D79-AD52-489D-9924-84A4529B4C64,2014-04-15 00:00:00.000
19683,18878,patricia21@adventure-works.com,38ACEDFF-7AD0-4566-B165-F7A3F401324F,2013-06-19 00:00:00.000
19684,18879,patricia22@adventure-works.com,B6786A67-CAC8-48AC-A52E-023733DAF082,2013-01-14 00:00:00.000
19685,18880,rachel29@adventure-works.com,E9B32F32-CD1E-4AE1-B016-FBB087D93C8A,2014-05-21 00:00:00.000
19686,18881,kristina0@adventure-works.com,64B0F8AA-4F9E-46C7-9A42-DFCE46048850,2013-11-07 00:00:00.000
19687,18882,kristina1@adventure-works.com,F1702BBD-B891-46A7-8152-67C0F869559B,2012-04-06 00:00:00.000
19688,18883,kristina2@adventure-works.com,F5439FD6-F857-4734-BAB9-E1A47336F9AC,2013-08-14 00:00:00.000
19689,18884,byron7@adventure-works.com,8E1650B6-1B84-4FDB-87A0-8D46B7BF377F,2013-10-18 00:00:00.000
19690,18885,kristina3@adventure-works.com,35E5CEA5-B780-4CB4-B7DD-A93687504D09,2013-03-24 00:00:00.000
19691,18886,kristina4@adventure-works.com,6CAC4805-BAA8-4D04-9968-3BA5274EC711,2013-11-27 00:00:00.000
19692,18887,kristina5@adventure-works.com,63840189-4174-42B3-8C8C-D5B04ACE334A,2013-10-02 00:00:00.000
19693,18888,rachel30@adventure-works.com,A1944DFB-5D27-44A3-8EF1-B637254F3457,2011-08-21 00:00:00.000
19694,18889,kristina6@adventure-works.com,14D6E254-A515-474B-8C77-09B957CE76C4,2014-05-13 00:00:00.000
19695,18890,rachel31@adventure-works.com,982B9DDE-6F4F-413F-BA27-EE8C30DED609,2013-02-01 00:00:00.000
19696,18891,kristina7@adventure-works.com,49FDE527-9865-4E66-8F5E-35091D9DE5AB,2012-10-04 00:00:00.000
19697,18892,kristina8@adventure-works.com,7D916C2E-A6A6-4A69-8146-0AE898739ADB,2014-03-08 00:00:00.000
19698,18893,rachel32@adventure-works.com,A6362E0E-3D1B-41EB-81D6-312954CBF3D5,2013-10-18 00:00:00.000
19699,18894,kristina9@adventure-works.com,1E738A58-DAC1-4609-9991-33938A66E592,2013-09-04 00:00:00.000
19700,18895,rachel33@adventure-works.com,FBFEE842-0017-4670-B618-0B2065A8C9EB,2013-08-11 00:00:00.000
19701,18896,rachel34@adventure-works.com,090B5D5D-A492-4230-8444-0258FCF60FA4,2013-11-07 00:00:00.000
19702,18897,rachel35@adventure-works.com,DAFC4D80-B8AC-4867-8288-C45B93EA9BE1,2014-04-30 00:00:00.000
19703,18898,kristina10@adventure-works.com,18318FC0-CD52-4440-8551-B9B6531C868B,2012-11-11 00:00:00.000
19704,18899,kristina11@adventure-works.com,1C867496-4CCD-49AA-98EE-6CF0009449F8,2013-11-18 00:00:00.000
19705,18900,kristina12@adventure-works.com,7B2E68DE-1102-43AF-B7E8-A815DFEA2780,2013-11-15 00:00:00.000
19706,18901,rachel36@adventure-works.com,EE641FB3-2F69-4F86-B66E-8ECF4CB0C26B,2013-12-29 00:00:00.000
19707,18902,kristina13@adventure-works.com,3F9C9D32-0553-4F48-AD8C-D563CAD51AB0,2014-03-30 00:00:00.000
19708,18903,kristina14@adventure-works.com,DEB8FB69-5C2A-43D0-9158-0452C6857B71,2011-09-04 00:00:00.000
19709,18904,kristina15@adventure-works.com,FE53146C-BD88-4AE1-982F-5B4176B26896,2014-04-25 00:00:00.000
19710,18905,kristina16@adventure-works.com,65FC9F28-4A58-4A9E-B052-FAE603046B27,2012-07-29 00:00:00.000
19711,18906,kristina17@adventure-works.com,3022113C-B86B-4545-AB6F-44BAB7CC9C68,2012-03-06 00:00:00.000
19712,18907,rachel37@adventure-works.com,0A6ABA3E-CE9C-4818-AA14-3FE443A70775,2014-01-16 00:00:00.000
19713,18908,rachel38@adventure-works.com,9BCF29D7-37EE-4BD8-9B91-B79FF7260AF4,2014-01-21 00:00:00.000
19714,18909,kristina18@adventure-works.com,1A3D3193-0017-4193-9519-E4E74D177FB4,2014-01-08 00:00:00.000
19715,18910,rachel39@adventure-works.com,C23D41A5-CFE5-4B31-A7D0-8852F5959702,2012-01-26 00:00:00.000
19716,18911,rachel40@adventure-works.com,5B9BF1ED-1DED-4254-979E-AEE7475C2E42,2012-07-04 00:00:00.000
19717,18912,kristina19@adventure-works.com,931C89AE-0AA8-4668-8313-18F8DD86606F,2013-07-23 00:00:00.000
19718,18913,rachel41@adventure-works.com,56DC7318-4F6D-4067-AFC0-3E9DE600EBBD,2014-01-20 00:00:00.000
19719,18914,kristina20@adventure-works.com,313085B6-7E0A-4F29-AA0B-6086C593D117,2013-07-11 00:00:00.000
19720,18915,cynthia4@adventure-works.com,A3C905DF-D610-4274-9CF9-C44C33B7C4C5,2014-01-27 00:00:00.000
19721,18916,rachel42@adventure-works.com,05637C35-F599-4482-B8C2-49D213C08187,2014-01-26 00:00:00.000
19722,18917,cynthia5@adventure-works.com,F5B1E050-0BF2-4188-B3F6-70272FCAFD9D,2014-02-12 00:00:00.000
19723,18918,cynthia6@adventure-works.com,3712B796-832A-466F-8707-6E6B9C7165B7,2012-09-10 00:00:00.000
19724,18919,rachel43@adventure-works.com,8FD266D4-C94B-456E-8CD7-1C3741DC599F,2013-08-28 00:00:00.000
19725,18920,cynthia7@adventure-works.com,9C1204E9-55B4-4385-B356-5D8ADE3E63A5,2013-11-18 00:00:00.000
19726,18921,cynthia8@adventure-works.com,5A9CD4BA-CABC-4131-B579-ABBA5F9A070B,2013-03-06 00:00:00.000
19727,18922,cynthia9@adventure-works.com,7D1584EC-C0B7-4E1D-A654-9DA16DAF88A2,2011-11-28 00:00:00.000
19728,18923,rachel44@adventure-works.com,47E91C22-83A5-44F3-9B07-30112515903C,2013-12-04 00:00:00.000
19729,18924,cynthia10@adventure-works.com,6B791116-9703-4BE4-9668-3EDAD0E77B86,2013-08-13 00:00:00.000
19730,18925,rachel45@adventure-works.com,F95D876E-8AAB-455B-8E09-0F415F0A882F,2013-12-15 00:00:00.000
19731,18926,byron8@adventure-works.com,698F0CA8-7742-4854-9F6D-645CA7FB17D4,2011-11-27 00:00:00.000
19732,18927,cynthia11@adventure-works.com,DBBFB79F-D7EC-4FC1-868F-BB2A2150AFE3,2013-11-23 00:00:00.000
19733,18928,cynthia12@adventure-works.com,CCC351B4-1011-457A-974B-2474BAD6A3FD,2011-10-11 00:00:00.000
19734,18929,rachel46@adventure-works.com,15419497-2836-4611-ADDF-4EBF170F3759,2013-11-26 00:00:00.000
19735,18930,cynthia13@adventure-works.com,8210A205-0B1B-4566-A729-962774E90608,2012-08-18 00:00:00.000
19736,18931,cynthia14@adventure-works.com,7C4C1F0F-BCCF-4BA4-965B-1B3F4A65DCFA,2013-11-09 00:00:00.000
19737,18932,rachel47@adventure-works.com,B7CAFF7B-E92F-4C14-837A-6F899348113A,2013-12-02 00:00:00.000
19738,18933,cynthia15@adventure-works.com,AC84D617-D612-46E4-88F6-0153644DAB88,2013-08-01 00:00:00.000
19739,18934,rachel48@adventure-works.com,82BBE14A-D9A6-491D-BB06-20AAC6C4C8D1,2013-12-05 00:00:00.000
19740,18935,cynthia16@adventure-works.com,CDDD9315-BB16-4E91-A2FC-9A3378AD938B,2013-10-08 00:00:00.000
19741,18936,cynthia17@adventure-works.com,884A5866-2197-4BF6-9222-5ECDDC3ACC06,2014-02-05 00:00:00.000
19742,18937,rachel49@adventure-works.com,4BC05457-3B4E-4C4B-AAFA-A45E9681BC77,2014-05-27 00:00:00.000
19743,18938,cynthia18@adventure-works.com,CD609A69-251C-4967-B572-AFC9FE8824DF,2013-12-07 00:00:00.000
19744,18939,rachel50@adventure-works.com,B389A17A-E867-4BFC-822B-37A3DEC8E61E,2013-10-01 00:00:00.000
19745,18940,cynthia19@adventure-works.com,35F0B815-005D-49D3-A402-CFD1900F1E52,2014-01-17 00:00:00.000
19746,18941,rachel51@adventure-works.com,343250F7-2C6B-492D-B730-53CF7C1327B4,2012-11-06 00:00:00.000
19747,18942,cynthia20@adventure-works.com,87784E31-A7BD-4F93-89C8-814A68F38656,2013-08-18 00:00:00.000
19748,18943,byron9@adventure-works.com,E6EE3A76-092A-4CB4-8C57-D45FFB6E5704,2013-07-24 00:00:00.000
19749,18944,cynthia21@adventure-works.com,30BE8CAC-F167-4568-8C0C-7CF1BF669D6E,2014-03-03 00:00:00.000
19750,18945,cynthia22@adventure-works.com,9F196878-D36E-47A9-8536-EEB850D53B43,2011-11-30 00:00:00.000
19751,18946,rachel52@adventure-works.com,AD29E1CA-E691-4AA3-B30D-96173737A128,2014-04-02 00:00:00.000
19752,18947,cynthia23@adventure-works.com,521A1B76-4AF9-4738-83C9-FFDFA4942EAF,2012-09-03 00:00:00.000
19753,18948,rachel53@adventure-works.com,68F74D80-17D9-46D5-9E21-3A410A9D194B,2014-05-12 00:00:00.000
19754,18949,cynthia24@adventure-works.com,65D6FB6F-7D7F-47C9-99F8-17C1B8B3B7CD,2013-09-26 00:00:00.000
19755,18950,cynthia25@adventure-works.com,B2DE3233-11F2-4658-835F-5F3CCAF98818,2014-01-12 00:00:00.000
19756,18951,cynthia26@adventure-works.com,38B04B90-B568-4486-B0DE-F2D15686FEDB,2013-02-12 00:00:00.000
19757,18952,cynthia27@adventure-works.com,E4B0061D-68BD-483E-97F0-194185BCA9FA,2013-11-01 00:00:00.000
19758,18953,rachel54@adventure-works.com,27A1D827-01FB-4882-9DDD-60C27D9670FD,2013-10-09 00:00:00.000
19759,18954,brandy18@adventure-works.com,BB40DFF3-8150-454F-AD29-7DC445000FF2,2013-07-15 00:00:00.000
19760,18955,rachel55@adventure-works.com,0C931EF0-0CE0-421F-956D-311808977DC3,2013-01-03 00:00:00.000
19761,18956,brandy19@adventure-works.com,AA4932A7-F1BD-4F34-A52F-655FBED43082,2013-08-29 00:00:00.000
19762,18957,brandy20@adventure-works.com,7155C6FA-89AC-45D8-89EB-C4931CD3DA38,2013-08-27 00:00:00.000
19763,18958,rachel56@adventure-works.com,4F1996CE-8045-4AA0-A2DE-AA4EA93CEF1B,2012-05-28 00:00:00.000
19764,18959,rachel57@adventure-works.com,580EC6A0-3894-4DE6-8B8C-727CC723E3BC,2014-05-23 00:00:00.000
19765,18960,rachel58@adventure-works.com,135F4738-5644-4687-9881-8F1F6EA21A8A,2013-03-24 00:00:00.000
19766,18961,brandy21@adventure-works.com,32436E8E-0A06-4294-88E1-B27693D61AC3,2014-01-01 00:00:00.000
19767,18962,alicia0@adventure-works.com,8793561D-C99B-4C0C-B4F6-905C78FCE695,2013-12-03 00:00:00.000
19768,18963,rachel59@adventure-works.com,D6E9D960-3584-4953-B894-F216CAD97ADC,2014-03-21 00:00:00.000
19769,18964,alicia1@adventure-works.com,23B3C0E7-8F2F-4DF8-A2EC-F3EA87AB7B77,2012-06-19 00:00:00.000
19770,18965,rachel60@adventure-works.com,A5C4332E-A0B8-43D5-A276-50132E772A7F,2013-08-20 00:00:00.000
19771,18966,rachel61@adventure-works.com,8D5E0B90-4418-4949-952C-407EA47EA4C7,2011-08-23 00:00:00.000
19772,18967,alicia2@adventure-works.com,A572C5C1-5C5E-4872-9DC9-DB4DCA1C4D12,2014-04-22 00:00:00.000
19773,18968,rachel62@adventure-works.com,E82CC16C-C383-4C82-B7F6-2BE0A306F278,2013-09-13 00:00:00.000
19774,18969,rachel63@adventure-works.com,A7778F22-2773-4DEA-B734-AC2E8521696C,2013-08-01 00:00:00.000
19775,18970,marco21@adventure-works.com,D8FB87B8-63FF-4921-B439-2BDDB872FAD6,2014-02-07 00:00:00.000
19776,18971,rachel64@adventure-works.com,0CCFC653-4A63-4EDB-B7A0-7098FA4616CB,2011-07-02 00:00:00.000
19777,18972,rachel65@adventure-works.com,71B9445D-A196-404B-874F-CAAC754B897A,2012-08-31 00:00:00.000
19778,18973,alicia3@adventure-works.com,069747ED-19E7-455C-859F-511BD49F75B7,2013-12-13 00:00:00.000
19779,18974,alicia4@adventure-works.com,6CEF28A9-3B57-46E1-A3DB-F7BC5563F982,2013-07-14 00:00:00.000
19780,18975,rachel66@adventure-works.com,25319302-E9C1-4771-82ED-CB995762DC70,2013-07-30 00:00:00.000
19781,18976,rachel67@adventure-works.com,43FE80C9-D6AF-44B7-A890-130CA45CE644,2014-03-17 00:00:00.000
19782,18977,alicia5@adventure-works.com,664B9AE2-25F0-40E1-9286-318D6241D419,2013-05-09 00:00:00.000
19783,18978,kelvin39@adventure-works.com,976FC0C1-B010-43F2-85C1-651FF1BEC6AB,2013-04-17 00:00:00.000
19784,18979,byron10@adventure-works.com,62CF626C-7AB1-48FD-8563-C61AC16AE3D2,2014-03-10 00:00:00.000
19785,18980,rachel68@adventure-works.com,8BD9E868-FA05-403D-B473-7048A6D77618,2013-07-09 00:00:00.000
19786,18981,alicia6@adventure-works.com,64BD65DB-7094-48F0-9AF9-F0D36C268186,2013-05-27 00:00:00.000
19787,18982,alicia7@adventure-works.com,3DC1D334-6A53-40E6-AD86-AEC1437AF963,2013-01-28 00:00:00.000
19788,18983,rachel69@adventure-works.com,6B49BF2E-E608-49AC-8A8A-46ECB3DB205E,2011-10-12 00:00:00.000
19789,18984,alicia8@adventure-works.com,003F654D-CCAA-4033-8B3C-AA77C24CD060,2013-10-04 00:00:00.000
19790,18985,rachel70@adventure-works.com,50633531-4277-4092-8CED-2D91A2DC3C92,2014-04-03 00:00:00.000
19791,18986,jasmine22@adventure-works.com,EB080CBE-02DF-4609-85B4-CEE653422D52,2012-05-11 00:00:00.000
19792,18987,alicia9@adventure-works.com,6B9A06F9-89C6-443B-BAD1-70DC31AD2522,2013-07-25 00:00:00.000
19793,18988,alicia10@adventure-works.com,DC0117D7-B06F-499F-94C0-C8E882E998B6,2014-03-14 00:00:00.000
19794,18989,jasmine23@adventure-works.com,4BCDA8DD-C588-4CB1-9D04-E3E09AE753D6,2014-06-06 00:00:00.000
19795,18990,alicia11@adventure-works.com,8F9B7089-A572-4D57-94C7-73300D979E52,2012-11-12 00:00:00.000
19796,18991,jasmine24@adventure-works.com,BDC47D1D-88F5-4462-87D0-0BA19B928FDA,2014-06-01 00:00:00.000
19797,18992,jasmine25@adventure-works.com,3B911F1A-0B82-4C2F-BAAB-0997D280F3B3,2014-05-08 00:00:00.000
19798,18993,alicia12@adventure-works.com,330C863C-B965-4F89-8185-48B462A086DB,2014-02-13 00:00:00.000
19799,18994,jasmine26@adventure-works.com,1F2D88FE-796C-438B-B762-71FCBCBE36A4,2014-03-25 00:00:00.000
19800,18995,alicia13@adventure-works.com,5E55F1D3-0208-4AF4-9F97-F8DF1425B0E1,2012-07-11 00:00:00.000
19801,18996,jill31@adventure-works.com,BD588211-5EB3-46D3-804A-9A3353958A93,2012-09-04 00:00:00.000
19802,18997,byron11@adventure-works.com,79A5B4C7-02A1-4075-B9B9-48D03B1BED0A,2013-02-04 00:00:00.000
19803,18998,jasmine27@adventure-works.com,84EB3E60-7E21-4645-8A90-708B2CA623E1,2011-10-10 00:00:00.000
19804,18999,alicia14@adventure-works.com,C18EA557-AC47-471C-BBAA-AB9A7A55A72B,2013-10-10 00:00:00.000
19805,19000,jasmine28@adventure-works.com,739F3377-6AC4-4BBD-814C-6076C8AABA10,2013-08-17 00:00:00.000
19806,19001,alicia15@adventure-works.com,0111F95C-5136-45C1-84A4-4BDE69B85BB0,2012-04-16 00:00:00.000
19807,19002,alicia16@adventure-works.com,B3F24059-6D80-484C-A3B4-27B7837F7743,2011-08-13 00:00:00.000
19808,19003,alicia17@adventure-works.com,F1409F31-4518-43C2-A861-C529E357E2C5,2014-02-13 00:00:00.000
19809,19004,alícia18@adventure-works.com,B0BE26D4-A086-452E-9F63-6A3156D900D8,2013-09-24 00:00:00.000
19810,19005,jasmine29@adventure-works.com,644FB595-6A57-43AF-9996-101DCF45BDF6,2013-10-20 00:00:00.000
19811,19006,jasmine30@adventure-works.com,2C130372-3412-4397-B63D-F1974274AFB1,2013-06-01 00:00:00.000
19812,19007,lindsay0@adventure-works.com,A4164E53-9FB5-44DB-B484-AE33065C1BC5,2014-02-08 00:00:00.000
19813,19008,lindsay1@adventure-works.com,F69B8AD1-B7A8-44B7-B2CA-D1C34181BE6D,2014-05-28 00:00:00.000
19814,19009,lindsay2@adventure-works.com,516A6255-1C09-49A3-8C11-897B4D82239F,2013-08-25 00:00:00.000
19815,19010,byron12@adventure-works.com,EB4E5DD6-F8C5-46E9-B44F-81BBBD9C0EC5,2012-02-21 00:00:00.000
19816,19011,lindsay3@adventure-works.com,7A2C7B00-769E-453C-B88B-01FAFBE9DE3E,2014-03-28 00:00:00.000
19817,19012,lindsay4@adventure-works.com,F9247EFA-C309-45EC-A15B-CF7351C2948D,2014-05-05 00:00:00.000
19818,19013,jasmine31@adventure-works.com,9A7C9A4D-A77D-4E8E-A243-14E008AFCA1C,2014-06-17 00:00:00.000
19819,19014,lindsay5@adventure-works.com,210B6811-01D1-48A6-B7E4-61FD18DF912C,2013-07-13 00:00:00.000
19820,19015,jasmine32@adventure-works.com,3A3269CE-6318-4DED-A171-DC8F05E95045,2012-01-15 00:00:00.000
19821,19016,jasmine33@adventure-works.com,AEFF88DE-57C2-4426-9D27-E8F416A161F9,2012-07-13 00:00:00.000
19822,19017,lindsay6@adventure-works.com,90CCBF4C-B9AE-44F1-B830-69C0E1DD8E69,2011-07-20 00:00:00.000
19823,19018,jasmine34@adventure-works.com,E110366D-B45D-43E6-936C-F60FF06FB5A0,2012-05-18 00:00:00.000
19824,19019,jasmine35@adventure-works.com,41D23248-1F99-41FE-9D33-15FFE7F152F0,2013-09-29 00:00:00.000
19825,19020,lindsay7@adventure-works.com,E7FFED93-9E83-4797-B429-45173E412B9A,2013-08-16 00:00:00.000
19826,19021,jasmine36@adventure-works.com,3C5FA8B7-310D-4502-ABAD-549D80A28FD5,2013-09-14 00:00:00.000
19827,19022,jasmine37@adventure-works.com,DE52E93D-464E-4622-B21C-31C5A0AFC09D,2011-11-29 00:00:00.000
19828,19023,lindsay8@adventure-works.com,69C0FFF3-020D-482A-A942-AC80B15E87DE,2014-03-08 00:00:00.000
19829,19024,lindsay9@adventure-works.com,A1BB8C65-73D9-4DDF-B185-EB258145400D,2013-05-16 00:00:00.000
19830,19025,lindsay10@adventure-works.com,EF94DC91-E18F-41B6-A213-0483EC195C63,2014-04-11 00:00:00.000
19831,19026,lindsay11@adventure-works.com,69D4770C-0B58-4C26-9C5C-BAAE49896174,2013-12-19 00:00:00.000
19832,19027,jasmine38@adventure-works.com,4228E60A-C153-46E2-8DB9-D65740683964,2013-08-30 00:00:00.000
19833,19028,jasmine39@adventure-works.com,696F9CB4-6218-4E5F-8F3D-C3E68718A4C0,2014-06-07 00:00:00.000
19834,19029,byron13@adventure-works.com,D0201A2A-F3D9-4749-8E22-8A7BD7D357E6,2014-05-12 00:00:00.000
19835,19030,lindsay12@adventure-works.com,F344FE9D-CB67-4F48-8484-B6A9214A3360,2013-09-06 00:00:00.000
19836,19031,lindsay13@adventure-works.com,4AFAA397-6C51-4421-A08C-056C63E40732,2014-02-24 00:00:00.000
19837,19032,jasmine40@adventure-works.com,F3E885B1-B64A-4D02-9196-FF032512BBDD,2013-09-05 00:00:00.000
19838,19033,jasmine41@adventure-works.com,031143D5-E59D-430F-AA4C-F04206AC9400,2013-10-29 00:00:00.000
19839,19034,lindsay14@adventure-works.com,54475466-730D-4F8B-8981-63E31B22DFA4,2012-04-16 00:00:00.000
19840,19035,lindsay15@adventure-works.com,F4F16D18-2FDB-4EDA-B136-FB6FCAB3ED0F,2011-10-20 00:00:00.000
19841,19036,jasmine42@adventure-works.com,FC689690-3B75-41A8-B468-61B4C07AEB2F,2014-01-27 00:00:00.000
19842,19037,lindsay16@adventure-works.com,CE6359CB-FFE7-4381-8E6C-0BB7DF78E8F8,2013-12-30 00:00:00.000
19843,19038,lindsay17@adventure-works.com,9AE62C45-C2C2-4B87-B18F-8BBE61B187B9,2014-04-29 00:00:00.000
19844,19039,jasmine43@adventure-works.com,BAC991E3-FE51-42E4-97A5-9A55F15801A0,2013-06-09 00:00:00.000
19845,19040,jasmine44@adventure-works.com,D0342B92-6C24-410A-B314-CD9B0C25BDF1,2011-11-11 00:00:00.000
19846,19041,jasmine45@adventure-works.com,716ACE55-1DE2-41D5-BB27-E5AAB2ED5AED,2014-02-10 00:00:00.000
19847,19042,lindsay18@adventure-works.com,37108D92-1577-4B14-92F2-7238ECA90933,2013-12-19 00:00:00.000
19848,19043,jasmine46@adventure-works.com,3F520F55-ADA2-47B5-BBA4-8B2801C78D35,2013-06-27 00:00:00.000
19849,19044,jasmine47@adventure-works.com,6EE49749-5E54-4849-B482-44077AA811F6,2013-07-04 00:00:00.000
19850,19045,lindsay19@adventure-works.com,6775B06B-1207-4421-AE58-FC5D3E00CEB2,2014-04-03 00:00:00.000
19851,19046,lindsay20@adventure-works.com,048016A1-76DF-4731-BEBB-F035E30FC89F,2014-03-25 00:00:00.000
19852,19047,jill32@adventure-works.com,518460AD-A168-4FD5-A2FC-0C3FF6F21B27,2013-12-13 00:00:00.000
19853,19048,jasmine48@adventure-works.com,FAFDEFB4-95E0-4196-B398-611B3C80752F,2013-07-25 00:00:00.000
19854,19049,byron14@adventure-works.com,28D3A6ED-4D50-4188-9C64-74635110B056,2014-03-27 00:00:00.000
19855,19050,lindsay21@adventure-works.com,48217659-AA96-4157-A0E6-2F7F497F5BA0,2013-06-21 00:00:00.000
19856,19051,jasmine49@adventure-works.com,FA3CD1AB-0727-437B-9E58-DB32DE4B663B,2013-07-10 00:00:00.000
19857,19052,jill33@adventure-works.com,1B0946E1-4C7F-49F0-960D-5C6851EA8D1E,2013-09-03 00:00:00.000
19858,19053,lindsay22@adventure-works.com,62544B7E-7C68-41EC-888E-F1747D2B7E60,2014-04-16 00:00:00.000
19859,19054,jasmine50@adventure-works.com,4BAD6B23-ECBF-4139-BE9F-2C05368CC37A,2014-01-05 00:00:00.000
19860,19055,christine0@adventure-works.com,05442D1E-165D-47AD-8193-B25ACF80C3F7,2014-02-28 00:00:00.000
19861,19056,jasmine51@adventure-works.com,166FFB75-C53C-4382-9102-12DE113A448A,2014-05-09 00:00:00.000
19862,19057,jasmine52@adventure-works.com,81EA197C-2160-44C1-B59B-01216CAC8AE4,2014-04-04 00:00:00.000
19863,19058,christine1@adventure-works.com,E09C7462-259B-4180-A1AB-4E2870D56E77,2012-05-22 00:00:00.000
19864,19059,christine2@adventure-works.com,C0CACC82-3ADE-40C2-9AC9-DAA8BBA10096,2013-05-31 00:00:00.000
19865,19060,jasmine53@adventure-works.com,642B1E61-492E-4E40-B411-999D1CB55612,2014-03-31 00:00:00.000
19866,19061,jasmine54@adventure-works.com,64C05B88-3CFC-4A0D-8238-986853749F70,2012-11-26 00:00:00.000
19867,19062,carol24@adventure-works.com,5CA818D2-6176-4945-80E2-24B9D0BDE722,2011-08-23 00:00:00.000
19868,19063,christine3@adventure-works.com,CE909012-8554-49B6-8B43-5DB2BA2CC4C2,2013-02-25 00:00:00.000
19869,19064,jasmine55@adventure-works.com,E2547FE0-A975-470A-933E-22447FAFD0AD,2013-09-12 00:00:00.000
19870,19065,christine4@adventure-works.com,02C1741D-B19E-4CFB-BDE8-C91E5072C6CA,2011-07-09 00:00:00.000
19871,19066,jasmine56@adventure-works.com,9ED85A7D-4DDC-4238-BF21-BF22787A5B7D,2014-03-21 00:00:00.000
19872,19067,byron15@adventure-works.com,40066C93-D069-4871-AF62-5FEA844451C7,2014-04-26 00:00:00.000
19873,19068,jasmine57@adventure-works.com,4CB9B8ED-2355-4819-AD4E-38692B01529C,2013-12-19 00:00:00.000
19874,19069,jasmine58@adventure-works.com,FEED651D-84E6-4447-A056-C4F05ABD013B,2014-06-30 00:00:00.000
19875,19070,jasmine59@adventure-works.com,9624D2F2-0A47-49CF-8F61-A5CFF788BDE6,2012-04-22 00:00:00.000
19876,19071,jasmine60@adventure-works.com,62678C7C-68A9-45C7-AEFF-FCF28F4A5309,2013-09-26 00:00:00.000
19877,19072,christine5@adventure-works.com,C99F99B6-DDE2-484B-A799-C72ED16E4527,2013-11-27 00:00:00.000
19878,19073,christine6@adventure-works.com,B7CA483D-3D44-4156-91DD-8583027CC6CA,2013-07-13 00:00:00.000
19879,19074,jasmine61@adventure-works.com,8C807592-648B-4DA9-9993-926416CCE815,2013-06-25 00:00:00.000
19880,19075,christine7@adventure-works.com,EA99A270-95D1-4139-83E6-52FF948DA6F4,2011-10-30 00:00:00.000
19881,19076,christine8@adventure-works.com,FFE8FDC4-4A41-44C8-B8CA-AA50FFB794C9,2013-09-26 00:00:00.000
19882,19077,nicole25@adventure-works.com,8EBCFF1D-2AF2-4B97-B3E9-9B09EB705F4A,2013-09-04 00:00:00.000
19883,19078,christine9@adventure-works.com,3B84CD9D-A911-4808-A0BD-4D90B66C8859,2012-11-10 00:00:00.000
19884,19079,christine10@adventure-works.com,5D264CFB-D372-41DF-9315-BF89FE514CEE,2013-05-04 00:00:00.000
19885,19080,nicole26@adventure-works.com,EC8FB659-BA73-4ED2-AB7D-8830EC984EEA,2014-02-08 00:00:00.000
19886,19081,christine11@adventure-works.com,B4772F02-D605-488C-B2CB-BB7F1C19C925,2013-09-04 00:00:00.000
19887,19082,nicole27@adventure-works.com,CA45CD3A-C7A7-48AD-B61B-791D09CE2F9E,2014-01-04 00:00:00.000
19888,19083,byron16@adventure-works.com,1B3DF54F-2708-46C8-8117-6F54BAEBE86D,2012-02-07 00:00:00.000
19889,19084,christine12@adventure-works.com,862BDD18-DDBF-467E-BBEA-DB90FF2B3828,2014-05-02 00:00:00.000
19890,19085,nicole28@adventure-works.com,1378C530-CF68-4335-826A-FDCE949F5D2B,2013-11-26 00:00:00.000
19891,19086,connie4@adventure-works.com,28AA0B86-6ACB-4D24-8AAE-73A7C30F6AC1,2013-08-17 00:00:00.000
19892,19087,nicole29@adventure-works.com,706571DE-6656-46DA-A4AF-C528877A38D5,2013-10-21 00:00:00.000
19893,19088,christine13@adventure-works.com,ABD1542B-B15E-4DF5-9EA4-27D99FD66F5E,2013-08-01 00:00:00.000
19894,19089,nicole30@adventure-works.com,B5BAC0F4-1B86-428B-BD3B-1C1337DBE2FB,2013-11-26 00:00:00.000
19895,19090,christine14@adventure-works.com,C442AD9E-83FF-4D21-98E0-A4136656D9C9,2012-07-26 00:00:00.000
19896,19091,christine15@adventure-works.com,AE210D90-EB43-4EE3-8579-A46DE4648A06,2013-08-12 00:00:00.000
19897,19092,nicole31@adventure-works.com,2BFF5ECD-9195-4916-8ABB-6157B4601716,2013-07-24 00:00:00.000
19898,19093,christine16@adventure-works.com,FAFCFE31-469E-492A-8B9F-8A7DA9D135B8,2014-04-09 00:00:00.000
19899,19094,nicole32@adventure-works.com,91B7B034-79BB-44CB-8921-37DC7DB6F40B,2014-06-11 00:00:00.000
19900,19095,kathryn0@adventure-works.com,B6B65FD3-9FA5-4E5A-A3A7-0C945E789383,2012-10-16 00:00:00.000
19901,19096,nicole33@adventure-works.com,A1F4B60A-4C3E-48A4-B8B9-3C8389DCBD48,2011-11-04 00:00:00.000
19902,19097,kathryn1@adventure-works.com,F64E3834-4915-4F20-BDB9-FA440C088D06,2013-01-03 00:00:00.000
19903,19098,kathryn2@adventure-works.com,8CF775D4-4D60-43D0-9287-AC15F169A8E5,2012-08-08 00:00:00.000
19904,19099,shannon22@adventure-works.com,6EAC5A4D-C17B-4CB1-992F-C523E86C86E8,2014-03-07 00:00:00.000
19905,19100,kathryn3@adventure-works.com,B60A18B7-6C91-4EA9-9CD3-911CB9DA2020,2013-01-30 00:00:00.000
19906,19101,nicole34@adventure-works.com,4EFF2423-1DEE-4472-9099-7083BBD1982D,2014-02-07 00:00:00.000
19907,19102,kathryn4@adventure-works.com,8187B2D5-D71A-4813-A899-675AD2225354,2013-11-08 00:00:00.000
19908,19103,nicole35@adventure-works.com,BF10C987-D2AF-4B74-9190-A77363FD8F00,2013-08-27 00:00:00.000
19909,19104,kathryn5@adventure-works.com,99CDE5B4-6417-4F7E-BCD5-01A2995BD229,2014-03-28 00:00:00.000
19910,19105,kathryn6@adventure-works.com,2E344FF0-1B3A-4C11-B467-1AB142F28E41,2012-11-15 00:00:00.000
19911,19106,nicole36@adventure-works.com,7CFA16C7-4C20-4B9F-8D2E-9B8646B0DF2E,2013-12-24 00:00:00.000
19912,19107,nicole37@adventure-works.com,AEFF8E9B-D714-4807-AC92-CE1D8188B638,2012-11-23 00:00:00.000
19913,19108,kathryn7@adventure-works.com,43C137A3-7637-4390-940E-57E67B9E20F5,2014-04-17 00:00:00.000
19914,19109,nicole38@adventure-works.com,D574FAB2-D6A7-4635-A956-4DF65F1BB8CA,2011-08-07 00:00:00.000
19915,19110,kathryn8@adventure-works.com,31D21815-1554-47F6-ADC3-CAD4470E7994,2013-12-02 00:00:00.000
19916,19111,nicole39@adventure-works.com,D1384BE7-A058-4358-A089-026C64EA7493,2013-01-09 00:00:00.000
19917,19112,kathryn9@adventure-works.com,80D0914A-A85B-4203-AEF0-F8DBCA72CADF,2013-09-28 00:00:00.000
19918,19113,kathryn10@adventure-works.com,9A866CDD-49C2-4463-8422-DBC36447D603,2013-01-19 00:00:00.000
19919,19114,shannon23@adventure-works.com,ABC9312E-ACB1-428A-A1AF-7FAA8773F48A,2014-05-05 00:00:00.000
19920,19115,kathryn11@adventure-works.com,A2F8A5FF-F7C9-4791-9728-6D89C16BBC35,2013-10-30 00:00:00.000
19921,19116,kathryn12@adventure-works.com,ECEEBA6D-C1CA-4CFA-AB81-A3723C38B5DB,2013-12-01 00:00:00.000
19922,19117,kathryn13@adventure-works.com,EF284C1E-8D69-4A61-BBE7-EDBCD31315C2,2014-05-08 00:00:00.000
19923,19118,kathryn14@adventure-works.com,2A02D69F-12D6-465D-9375-5430B37EBB8B,2012-04-11 00:00:00.000
19924,19119,kathryn15@adventure-works.com,F97CB49C-EFD1-40E3-BDA3-A459873504FB,2012-04-17 00:00:00.000
19925,19120,kathryn16@adventure-works.com,ECC0F49F-0F91-4017-8000-FD7B6C4FAA00,2013-10-04 00:00:00.000
19926,19121,nicole40@adventure-works.com,AEA9FDE3-AA40-4E45-A06F-5E3E2D9192A7,2014-05-20 00:00:00.000
19927,19122,kathryn17@adventure-works.com,7A70E4AA-DB11-4AF2-AB1A-4866478FC024,2014-05-26 00:00:00.000
19928,19123,nicole41@adventure-works.com,2B2C2989-2DA0-4D27-B3BD-2E972BB3D06D,2013-12-04 00:00:00.000
19929,19124,kathryn18@adventure-works.com,4AECF6EC-B7E1-42A6-BB33-34EEDAD422CF,2013-12-20 00:00:00.000
19930,19125,nicole42@adventure-works.com,80AFC8F3-EDD0-442A-B898-75D2424630D6,2013-10-16 00:00:00.000
19931,19126,shannon24@adventure-works.com,4BF50606-B53E-4D58-B818-CA5AD3F462F0,2012-05-21 00:00:00.000
19932,19127,kathryn19@adventure-works.com,16F09433-DD33-4206-AF40-C4F9C34A8A15,2014-01-17 00:00:00.000
19933,19128,nicole43@adventure-works.com,9FF93E82-DF4A-462E-A09F-CBFB3706510B,2014-02-11 00:00:00.000
19934,19129,nicole44@adventure-works.com,28A41145-D3D4-42B9-8C7D-168A0A097C20,2013-12-09 00:00:00.000
19935,19130,kathryn20@adventure-works.com,4C9683EB-B720-4AC3-B510-D10645D94405,2013-07-24 00:00:00.000
19936,19131,nicole45@adventure-works.com,193E44C6-C947-419E-AC7C-DE6546E7E139,2014-05-03 00:00:00.000
19937,19132,julie4@adventure-works.com,792EF101-D0B0-4EB9-B71F-3B06B5D0374F,2013-05-10 00:00:00.000
19938,19133,julie5@adventure-works.com,98AF924F-F275-4BF2-A1C1-41ABFC63662F,2014-02-08 00:00:00.000
19939,19134,nicole46@adventure-works.com,00902BB2-807B-42F5-874D-A1D9893970D4,2013-05-23 00:00:00.000
19940,19135,julie6@adventure-works.com,905A2F31-DC19-40E4-A84E-003B2CB93F1A,2014-04-02 00:00:00.000
19941,19136,julie7@adventure-works.com,C5BF755B-01FE-47BF-8CA3-A4D72D93B7BD,2013-09-11 00:00:00.000
19942,19137,nicole47@adventure-works.com,CE9E0655-1A6E-408F-A28B-2418BF5545D3,2013-07-01 00:00:00.000
19943,19138,julie8@adventure-works.com,1A836D25-7835-47F4-872B-E20F0D53CCF3,2012-12-28 00:00:00.000
19944,19139,julie9@adventure-works.com,2C58BA0D-B637-4A6E-A5F9-ED3FF1AE879E,2011-11-08 00:00:00.000
19945,19140,julie10@adventure-works.com,ED8F7039-96C4-4E61-8FF9-C268CAEC29F0,2014-02-10 00:00:00.000
19946,19141,nicole48@adventure-works.com,30B97ADD-46CC-41DB-9BFA-1E6A9E8237B6,2013-09-19 00:00:00.000
19947,19142,julie11@adventure-works.com,53929FE7-C190-4696-9B02-CC9D6760E79D,2012-11-09 00:00:00.000
19948,19143,kelvin40@adventure-works.com,9AD2FA92-6A80-46CD-9733-3C488821C38C,2014-06-13 00:00:00.000
19949,19144,julie12@adventure-works.com,BA9D099D-E96C-47CF-A484-4000B3732695,2014-01-15 00:00:00.000
19950,19145,nicole49@adventure-works.com,998811AC-04AA-4B68-9379-F2DFB03ADFA8,2014-06-20 00:00:00.000
19951,19146,nicole50@adventure-works.com,B6FE376F-4A68-4083-90F4-AA8591E0EA52,2013-12-29 00:00:00.000
19952,19147,julie13@adventure-works.com,5E8244F8-BACD-4101-BDF9-2BD3D0FA3B9B,2013-07-23 00:00:00.000
19953,19148,nicole51@adventure-works.com,8CC00FFA-86E0-4E0D-BFF5-DC34D16CB066,2013-03-29 00:00:00.000
19954,19149,nicole52@adventure-works.com,B1FFBC6D-6B78-48AB-B9B2-10DC9CF69AF3,2013-10-23 00:00:00.000
19955,19150,julie14@adventure-works.com,9ADC95DC-2496-432D-8E3D-3BE5581078ED,2013-07-02 00:00:00.000
19956,19151,julie15@adventure-works.com,F58CD877-C310-4AA2-844F-4CD6CA7CA511,2011-10-09 00:00:00.000
19957,19152,julie16@adventure-works.com,98858AE2-2E13-4A6B-B06F-013FFBF131BE,2012-11-07 00:00:00.000
19958,19153,nicole53@adventure-works.com,CE0155A6-9326-4FA1-B096-F91CC7B6E206,2013-10-16 00:00:00.000
19959,19154,nicole54@adventure-works.com,999DB2AF-0843-4130-AB03-E32DA2DB5DF5,2012-07-24 00:00:00.000
19960,19155,julie17@adventure-works.com,1C431245-56E4-4F2B-862A-4274F7952D70,2013-03-14 00:00:00.000
19961,19156,julie18@adventure-works.com,8F56F59F-0D1E-4A2E-BC79-AB4EDE4D1A8B,2013-11-25 00:00:00.000
19962,19157,julie19@adventure-works.com,A79C461C-2D10-4661-AD1C-6141BE6096C7,2012-08-07 00:00:00.000
19963,19158,nicole55@adventure-works.com,15BAAED4-D585-4B79-88BA-FB7821B51A4F,2014-05-21 00:00:00.000
19964,19159,julie20@adventure-works.com,95A86CFA-1601-4C2F-AE2F-A706F8C8E433,2013-10-15 00:00:00.000
19965,19160,nicole56@adventure-works.com,30EFE285-424F-493B-9E4D-07142821779D,2014-05-15 00:00:00.000
19966,19161,shannon25@adventure-works.com,AB656519-E149-43D3-90A8-2A622D2FF0A0,2014-04-23 00:00:00.000
19967,19162,nicole57@adventure-works.com,0F6C964E-58E5-4212-97E8-629E25259746,2014-05-09 00:00:00.000
19968,19163,julie21@adventure-works.com,3B26CBDE-46F0-464F-97D3-3C0A8643A231,2014-03-04 00:00:00.000
19969,19164,nicole58@adventure-works.com,3959F780-6358-4BF8-950F-3294A1240E8D,2013-07-25 00:00:00.000
19970,19165,julie22@adventure-works.com,B58CD9DE-DA58-43D1-A5D0-A280F8C0839F,2013-09-26 00:00:00.000
19971,19166,nicole59@adventure-works.com,227C2BCD-9423-4DA1-AD18-2E254730B7CA,2013-11-15 00:00:00.000
19972,19167,nicole60@adventure-works.com,B1EA4BAC-542E-4972-8D7C-57A9C237BCB1,2014-02-22 00:00:00.000
19973,19168,julie23@adventure-works.com,BA77D333-10D3-4E1F-87D3-B11A24B88778,2013-08-19 00:00:00.000
19974,19169,nicole61@adventure-works.com,0F21CCAE-97AC-4FD1-B9A7-217D494E75D6,2014-01-29 00:00:00.000
19975,19170,tara0@adventure-works.com,820F9720-FC60-4C27-9E7E-C2159B23930B,2014-06-07 00:00:00.000
19976,19171,tara1@adventure-works.com,66634C5B-5DB9-4644-BBBB-2A92BAAAB7F0,2014-04-11 00:00:00.000
19977,19172,tara2@adventure-works.com,3F945841-767B-443C-B23E-3797A234CFCD,2013-07-17 00:00:00.000
19978,19173,nicole62@adventure-works.com,2B46944F-61B4-407D-9BBE-2303FF0358A3,2012-04-22 00:00:00.000
19979,19174,shannon26@adventure-works.com,F2A37D1F-66DA-40CC-82D2-5C3186ECE343,2013-08-01 00:00:00.000
19980,19175,tara3@adventure-works.com,61A5B7E4-9146-4E53-8A05-C1A3AACCE014,2013-04-19 00:00:00.000
19981,19176,tara4@adventure-works.com,565E10B7-D094-45EA-BEF1-309ADC5B7660,2013-12-17 00:00:00.000
19982,19177,nicole63@adventure-works.com,7FB9227A-F6F9-4408-93A5-87C5884922BB,2012-08-22 00:00:00.000
19983,19178,tara5@adventure-works.com,0A88D46B-BB73-4E80-9EDF-227592BDD410,2012-01-22 00:00:00.000
19984,19179,nicole64@adventure-works.com,4C65BF95-B496-4F48-9D3D-06555D0381EA,2014-02-07 00:00:00.000
19985,19180,tara6@adventure-works.com,18309E41-0B38-4EDB-A6B9-9EDBDDA28AE4,2014-05-22 00:00:00.000
19986,19181,nicole65@adventure-works.com,21C2EF15-2665-4A46-AF9D-0853A3801FDC,2014-05-19 00:00:00.000
19987,19182,tara7@adventure-works.com,818E0F82-797E-4A43-AD13-28A62F6E7A6D,2013-07-24 00:00:00.000
19988,19183,nicole66@adventure-works.com,90655993-6BAC-450E-B302-AD509DC75A01,2013-11-02 00:00:00.000
19989,19184,nicole67@adventure-works.com,5BEF98A1-F154-4A70-A955-310357B1D4BA,2013-12-07 00:00:00.000
19990,19185,nicole68@adventure-works.com,F9D763FA-BAAA-4F89-81DB-D2BF76C9FB8B,2014-04-11 00:00:00.000
19991,19186,nicole69@adventure-works.com,12A85C20-D689-4596-85E2-6E06AFF99249,2014-03-02 00:00:00.000
19992,19187,tara8@adventure-works.com,ABFEDD11-1B14-479F-9D30-98D1F741ED7B,2011-11-18 00:00:00.000
19993,19188,nicole70@adventure-works.com,2B3595CB-4E16-4DC9-B170-0001A76DE771,2014-02-11 00:00:00.000
19994,19189,tara9@adventure-works.com,049B0AD0-8595-48C5-8E57-5219D8B11C54,2013-10-30 00:00:00.000
19995,19190,nicole71@adventure-works.com,65379EBF-7A4F-4F5F-87C9-D4B95115AB5F,2011-09-26 00:00:00.000
19996,19191,tara10@adventure-works.com,9EFAAA9B-BFD0-46E6-BA83-BC4732130605,2014-04-10 00:00:00.000
19997,19192,destiny23@adventure-works.com,A600364B-8F04-477B-8CE8-933400F0D2C0,2013-08-06 00:00:00.000
19998,19193,tara11@adventure-works.com,D91BB1DE-16D1-47B8-A88F-89385FC4A83F,2013-12-09 00:00:00.000
19999,19194,destiny24@adventure-works.com,968F5BDA-383A-463B-A04F-42C8B0EC3C7C,2014-03-19 00:00:00.000
20000,19195,shannon27@adventure-works.com,9D6D4510-6629-45F4-A282-CE963AA99FD3,2014-04-04 00:00:00.000
20001,19196,tara12@adventure-works.com,520C8B12-F301-4126-8C2E-651E90EF758A,2013-07-30 00:00:00.000
20002,19197,destiny25@adventure-works.com,DC36DB5E-4450-4397-B691-E650BEA5AF77,2013-11-10 00:00:00.000
20003,19198,tara13@adventure-works.com,EBD7CB57-DB90-402A-BEC5-9D5E5B5400F3,2013-04-30 00:00:00.000
20004,19199,destiny26@adventure-works.com,77FCB8A4-0C26-462F-97AE-1BD57BA38AC3,2012-02-01 00:00:00.000
20005,19200,destiny27@adventure-works.com,02E21947-5CBE-4663-B30E-CDBBAFF4298A,2013-09-14 00:00:00.000
20006,19201,destiny28@adventure-works.com,7DA132C5-00E7-4BCF-A7C2-B62666F3012A,2014-05-22 00:00:00.000
20007,19202,tara14@adventure-works.com,8234952E-6E9E-4668-A51E-23F00EBAE692,2013-10-22 00:00:00.000
20008,19203,tara15@adventure-works.com,7C9327B5-1ECC-4370-8697-884F9BC28893,2012-07-28 00:00:00.000
20009,19204,destiny29@adventure-works.com,A76B3617-F249-43BE-BB96-74930D8585D5,2012-07-06 00:00:00.000
20010,19205,tara16@adventure-works.com,E55ADE37-0DE9-4594-AA12-84F11FB18735,2014-02-24 00:00:00.000
20011,19206,destiny30@adventure-works.com,AB2A8A1B-185D-46BD-ADEB-55DC8AE5C4FD,2013-11-10 00:00:00.000
20012,19207,tara17@adventure-works.com,E9E8AF44-C13A-4507-A62D-9CC7648708A7,2012-06-26 00:00:00.000
20013,19208,tara18@adventure-works.com,2C60F33F-DD99-469F-852D-4B4BCCF666A1,2013-06-24 00:00:00.000
20014,19209,destiny31@adventure-works.com,8B2198E0-0E12-4A57-94D6-2719CA2E5699,2012-06-13 00:00:00.000
20015,19210,tara19@adventure-works.com,9E098D1C-E4A0-438F-A09F-71983659C93C,2012-09-06 00:00:00.000
20016,19211,tara20@adventure-works.com,C0CBF2B9-3A88-4BEF-982A-EDC2F6B53BDF,2013-02-22 00:00:00.000
20017,19212,destiny32@adventure-works.com,01DA5987-EEE6-4F30-9FAF-00FBF270FBB6,2013-12-04 00:00:00.000
20018,19213,tara21@adventure-works.com,4EFA8F1F-A72A-46EE-8537-D84A39E334C4,2014-05-09 00:00:00.000
20019,19214,destiny33@adventure-works.com,9D0DE341-C841-4299-8540-9E11DA47E034,2014-01-09 00:00:00.000
20020,19215,tara22@adventure-works.com,D19C317F-A48C-4142-B7A2-F5DB9D6EAA35,2012-11-01 00:00:00.000
20021,19216,destiny34@adventure-works.com,86F1CF37-F9A6-445B-9F40-E4BFC6E4749A,2014-03-11 00:00:00.000
20022,19217,tara23@adventure-works.com,E2F57D16-C040-413B-B1C4-5F3BA97ACD98,2011-12-12 00:00:00.000
20023,19218,donald2@adventure-works.com,D4E8D290-7074-4797-835B-FF91059485B4,2012-06-21 00:00:00.000
20024,19219,donald3@adventure-works.com,28A34470-A451-4634-BA3D-0F15718CD3D3,2014-06-04 00:00:00.000
20025,19220,donald4@adventure-works.com,6CD455AF-9A36-42EC-961B-654465EF755D,2012-02-14 00:00:00.000
20026,19221,donald5@adventure-works.com,55A94601-F157-4C8E-98A3-9FCC9F59D872,2013-02-02 00:00:00.000
20027,19222,destiny35@adventure-works.com,23171AC4-C13E-431E-B1B8-9F67D7D31AD1,2013-04-12 00:00:00.000
20028,19223,donald6@adventure-works.com,ACEDEAB1-D6AF-47E9-B907-B96DA1DBD040,2013-07-26 00:00:00.000
20029,19224,donald7@adventure-works.com,7F95DF10-6FCF-4DC6-8369-0DEB44C6475A,2014-02-26 00:00:00.000
20030,19225,destiny36@adventure-works.com,8963A17A-7BA1-4906-97E3-25E3238B46AE,2012-08-26 00:00:00.000
20031,19226,destiny37@adventure-works.com,704C38BC-2410-41F9-807E-CC9C300D38ED,2013-07-07 00:00:00.000
20032,19227,shannon28@adventure-works.com,4A1E3F3F-194F-4DB3-AAB8-31D873E9B643,2013-12-30 00:00:00.000
20033,19228,donald8@adventure-works.com,A2A56640-ABB6-4A43-9752-A5C04135A635,2014-02-20 00:00:00.000
20034,19229,donald9@adventure-works.com,64F7CBD3-DA16-45BF-BAA5-03E48819A3AD,2014-03-20 00:00:00.000
20035,19230,donald10@adventure-works.com,FC3ACE88-8ABF-4D49-A7F8-FC90A61DB4F6,2012-01-11 00:00:00.000
20036,19231,destiny38@adventure-works.com,D43BF0A4-4CFE-4810-B9AD-7AECC425702E,2014-05-15 00:00:00.000
20037,19232,destiny39@adventure-works.com,D00C82AE-A5E6-4DBD-8453-B27AB0E95C8D,2013-09-02 00:00:00.000
20038,19233,donald11@adventure-works.com,2F9F64C6-BD41-45D7-A4AE-5AE929B807F2,2013-07-03 00:00:00.000
20039,19234,destiny40@adventure-works.com,D60705DB-E887-47B0-B731-4798A4654615,2013-01-05 00:00:00.000
20040,19235,donald12@adventure-works.com,12BB5E36-7960-476F-A5F6-DCDB6CE3BD36,2013-03-06 00:00:00.000
20041,19236,destiny41@adventure-works.com,27170BFF-38E5-4F4C-AA0B-99E18BF5519A,2013-11-15 00:00:00.000
20042,19237,donald13@adventure-works.com,BD97E6C0-E99B-47D7-AF6F-2416940ADEF5,2013-11-13 00:00:00.000
20043,19238,destiny42@adventure-works.com,05966771-839C-4385-9CB7-485F326E9A4E,2014-03-30 00:00:00.000
20044,19239,donald14@adventure-works.com,928819B9-0080-4A1B-906F-41BDD6C55F3E,2013-07-04 00:00:00.000
20045,19240,destiny43@adventure-works.com,BDF6B03E-BD28-42E9-9BB8-1041229692E3,2013-10-09 00:00:00.000
20046,19241,donald15@adventure-works.com,F50A64C5-67D5-4519-A9D2-23DC252E54EC,2013-03-10 00:00:00.000
20047,19242,destiny44@adventure-works.com,5141B348-A705-443C-90BF-94BCC75F29E6,2014-06-21 00:00:00.000
20048,19243,donald16@adventure-works.com,95015913-D87E-4832-944F-F49BE11FEFB1,2011-12-20 00:00:00.000
20049,19244,destiny45@adventure-works.com,29054EE1-9ACF-4618-AE63-AE54B33C9C10,2013-08-26 00:00:00.000
20050,19245,destiny46@adventure-works.com,65E241B6-56BE-4D34-BE71-91F80B5B1A0C,2013-11-13 00:00:00.000
20051,19246,shannon29@adventure-works.com,75166423-3A31-46FD-8709-9599F4C4DF0A,2013-12-06 00:00:00.000
20052,19247,donald17@adventure-works.com,6CAAAE55-F81E-4D1D-8A41-4259B165C585,2013-04-19 00:00:00.000
20053,19248,destiny47@adventure-works.com,562CBAE8-8FC5-481D-B64B-7B871DF3C585,2014-05-28 00:00:00.000
20054,19249,destiny48@adventure-works.com,13928482-659A-48E6-9401-EAFE79F85089,2013-11-17 00:00:00.000
20055,19250,donald18@adventure-works.com,0FA1D575-FB56-42A7-98FF-65A9BD44D686,2013-01-24 00:00:00.000
20056,19251,donald19@adventure-works.com,F95D912A-CB8D-409C-A12D-0D1BE0FB54E6,2014-03-28 00:00:00.000
20057,19252,destiny49@adventure-works.com,50D9B852-4E1A-424E-9AB2-DB1802D7D2B9,2014-04-26 00:00:00.000
20058,19253,donald20@adventure-works.com,86CE334A-6B7C-4C9B-BFA3-07C1E9693687,2013-08-15 00:00:00.000
20059,19254,donald21@adventure-works.com,C5A61B06-6476-4B48-B1A2-43A633F1246D,2013-12-19 00:00:00.000
20060,19255,donald22@adventure-works.com,4F3485F3-4194-4E9C-8650-DE529D9335F7,2013-10-26 00:00:00.000
20061,19256,donald23@adventure-works.com,547A19A6-B69C-4DF4-B65D-D89C827F967B,2013-12-07 00:00:00.000
20062,19257,destiny50@adventure-works.com,820FC92B-D579-47C8-84E6-62F5B09ABD65,2014-03-22 00:00:00.000
20063,19258,joel0@adventure-works.com,6823BBF8-F15C-449A-B0E9-6EC99C66C394,2014-01-28 00:00:00.000
20064,19259,destiny51@adventure-works.com,C993AABD-A2E4-47A7-87E5-1464D3B55E21,2014-03-10 00:00:00.000
20065,19260,destiny52@adventure-works.com,2C18C613-C695-4991-AC62-D710EAB3225B,2013-12-23 00:00:00.000
20066,19261,joel1@adventure-works.com,B6198A1A-773C-4E7D-B598-65C9B7F9084D,2014-03-07 00:00:00.000
20067,19262,shannon30@adventure-works.com,22B13B2A-4434-4605-BCA8-8D8E3CB03FA6,2013-06-22 00:00:00.000
20068,19263,joel2@adventure-works.com,B9A9BD01-97D6-4A0F-80C4-B2F223C16327,2013-05-31 00:00:00.000
20069,19264,destiny53@adventure-works.com,C99B53A4-770E-493B-A559-09BF5C58A1E0,2014-05-07 00:00:00.000
20070,19265,joel3@adventure-works.com,446AB224-434B-4359-B7A3-40C18457E865,2013-06-05 00:00:00.000
20071,19266,destiny54@adventure-works.com,31958707-4EA8-4188-91D2-7102D2B2E839,2013-08-05 00:00:00.000
20072,19267,destiny55@adventure-works.com,93D64C56-0E02-416B-A064-304F9F9227EB,2013-12-04 00:00:00.000
20073,19268,joel4@adventure-works.com,4553CBAE-A900-4C41-9CB1-5102BFDE25B5,2013-11-07 00:00:00.000
20074,19269,joel5@adventure-works.com,6628FCA7-7C64-43FA-B63F-21013DFF0256,2013-05-14 00:00:00.000
20075,19270,joel6@adventure-works.com,0C53D944-2D86-4747-88EA-C1B0969F9211,2014-05-22 00:00:00.000
20076,19271,destiny56@adventure-works.com,E82AE1B6-2B0F-43D1-910B-7CF1BAD949A2,2011-11-18 00:00:00.000
20077,19272,joel7@adventure-works.com,C077E3E4-3DEE-4940-998B-207DAEB58EEE,2014-02-20 00:00:00.000
20078,19273,destiny57@adventure-works.com,7AB79D69-F3E5-4C0D-BDD3-85E69E093196,2012-06-07 00:00:00.000
20079,19274,joel8@adventure-works.com,B804E52C-2D60-4758-AE75-6C7D46C31F63,2012-01-30 00:00:00.000
20080,19275,joel9@adventure-works.com,33F34E81-CC2A-472D-A7E4-39A1046D4675,2013-10-13 00:00:00.000
20081,19276,shannon31@adventure-works.com,AD6A97EC-8EE9-4125-89F6-A5BE5D5363B5,2012-02-25 00:00:00.000
20082,19277,joel10@adventure-works.com,8288E9EA-73B9-43A4-A7BB-886932E906EE,2014-03-10 00:00:00.000
20083,19278,destiny58@adventure-works.com,3D13637F-19B1-424F-99D8-C0DFCE225D66,2013-11-02 00:00:00.000
20084,19279,carol25@adventure-works.com,EB873F4F-685F-4C21-A2CD-6FB47E6579D3,2014-05-28 00:00:00.000
20085,19280,joel11@adventure-works.com,08B3FAD6-AD63-48E1-9882-7B3055D64DB4,2012-07-19 00:00:00.000
20086,19281,joel12@adventure-works.com,34432CA8-38B2-48F9-92E3-316821D527A5,2013-10-05 00:00:00.000
20087,19282,destiny59@adventure-works.com,41D8E579-294E-4058-8687-13D5FA29F471,2014-04-09 00:00:00.000
20088,19283,joel13@adventure-works.com,43B0F8F1-91DA-40C1-B82F-62F7CEAD0A38,2014-01-19 00:00:00.000
20089,19284,joel14@adventure-works.com,295F819E-D437-460E-B352-DA838FCCC16A,2014-01-28 00:00:00.000
20090,19285,destiny60@adventure-works.com,6A154D97-82EC-41E1-B0ED-3E56E3AC8C20,2013-07-19 00:00:00.000
20091,19286,destiny61@adventure-works.com,25991205-E942-4AAF-9646-24F07B6216F4,2014-01-14 00:00:00.000
20092,19287,destiny62@adventure-works.com,39E51335-DA54-4BE0-9130-E5C4310C12D6,2013-11-07 00:00:00.000
20093,19288,joel15@adventure-works.com,A7EF0A2C-CA8F-421A-8E38-9FB777C61CED,2012-07-24 00:00:00.000
20094,19289,destiny63@adventure-works.com,CF7FA25C-2085-42FD-B3FE-F085B248D750,2014-02-11 00:00:00.000
20095,19290,destiny64@adventure-works.com,54A1EA88-8FFD-4BC3-B2E4-28B1D3B7D4DD,2013-09-18 00:00:00.000
20096,19291,joel16@adventure-works.com,54F3C818-4C42-4191-954C-50FB08853EDC,2013-12-23 00:00:00.000
20097,19292,destiny65@adventure-works.com,659AB3B8-F9EE-46F6-B51F-D227256E01A1,2014-06-03 00:00:00.000
20098,19293,joel17@adventure-works.com,065982AC-D026-4362-9232-9D7AA1D0D050,2013-03-14 00:00:00.000
20099,19294,destiny66@adventure-works.com,B941E144-43A5-45EC-B6D7-0DB7B58B577E,2013-09-25 00:00:00.000
20100,19295,joel18@adventure-works.com,75295C7E-3A40-4106-83F2-CFF357A961A8,2013-08-19 00:00:00.000
20101,19296,destiny67@adventure-works.com,5A3398D8-B363-4C16-9C3D-FF9F5136AB53,2014-05-14 00:00:00.000
20102,19297,destiny68@adventure-works.com,459DAFD7-9C64-4978-BCB6-3F9F8D289C02,2014-06-23 00:00:00.000
20103,19298,shannon32@adventure-works.com,FAFD5292-762E-4B58-AAF1-A244C53BF0C6,2013-08-19 00:00:00.000
20104,19299,joel19@adventure-works.com,77391930-168B-465E-801A-2CD3F7C7F113,2011-11-14 00:00:00.000
20105,19300,joel20@adventure-works.com,41DC83A9-FB7E-4E44-BFE0-59876CBF91BE,2011-07-11 00:00:00.000
20106,19301,ronald2@adventure-works.com,86F113FF-B496-4BE0-A2B2-3E5A1B1BD7A8,2011-10-29 00:00:00.000
20107,19302,alyssa24@adventure-works.com,00377DFD-96E3-4C28-91C0-DAD672758403,2013-09-24 00:00:00.000
20108,19303,ronald3@adventure-works.com,810D74DF-E635-48C4-BAE1-E761C7F208DD,2012-08-21 00:00:00.000
20109,19304,ronald4@adventure-works.com,7A174D22-9A37-4728-891B-E28682432BE4,2013-11-20 00:00:00.000
20110,19305,alyssa25@adventure-works.com,AC3C33C0-B20A-43C7-B4A3-79DBCCCCDDDD,2013-06-29 00:00:00.000
20111,19306,alyssa26@adventure-works.com,0D4E2575-BD4A-42FE-B308-17670CB4E197,2014-03-31 00:00:00.000
20112,19307,ronald5@adventure-works.com,4454C7FD-A508-4414-9B10-23A463820E32,2014-06-28 00:00:00.000
20113,19308,alyssa27@adventure-works.com,9B439D96-FE1B-4672-BEBD-7F67582B79E1,2013-10-27 00:00:00.000
20114,19309,ronald6@adventure-works.com,688A93D7-DDB2-4993-9E7F-D9983FB269FC,2014-04-19 00:00:00.000
20115,19310,ronald7@adventure-works.com,4BD1656A-A698-4513-8239-F22C12BB968C,2012-12-07 00:00:00.000
20116,19311,alyssa28@adventure-works.com,452F47D8-A2F8-4B48-BA88-A3D3EB3BF2F1,2011-11-07 00:00:00.000
20117,19312,kelvin41@adventure-works.com,B65A57BE-C036-4F44-9527-60824E96687E,2014-05-25 00:00:00.000
20118,19313,shannon33@adventure-works.com,B3B4863A-739F-4B4F-921F-260E1B6DDDFD,2013-01-15 00:00:00.000
20119,19314,ronald8@adventure-works.com,5399ED2E-CD71-454D-BA57-E4B9B3A7DAD5,2011-11-22 00:00:00.000
20120,19315,alyssa29@adventure-works.com,565837DF-89D0-4F6C-9CE5-8DD1F78B9789,2014-04-17 00:00:00.000
20121,19316,alyssa30@adventure-works.com,D1A0E921-2C8A-4ADF-A2E3-41BC74E4031E,2012-03-28 00:00:00.000
20122,19317,ronald9@adventure-works.com,4D4C7130-0323-422F-A664-704D301A1B39,2012-01-29 00:00:00.000
20123,19318,ronald10@adventure-works.com,1677074D-88B6-4CDD-B1C0-81A5C8CE09D1,2014-03-16 00:00:00.000
20124,19319,alyssa31@adventure-works.com,C673D4E7-5DA3-4EDA-B2AE-94B04EB93EB1,2013-02-27 00:00:00.000
20125,19320,alyssa32@adventure-works.com,B87A5DBA-01E4-44EA-804B-4A0F943A43CD,2014-05-20 00:00:00.000
20126,19321,ronald11@adventure-works.com,44486790-32BC-4EB7-B185-897190386A92,2014-01-14 00:00:00.000
20127,19322,alyssa33@adventure-works.com,F9B1463D-6C34-40F4-9DCE-FCC916137993,2014-06-07 00:00:00.000
20128,19323,ronald12@adventure-works.com,83D1CE4A-13CD-4667-9ED4-BDA1C4286E96,2012-05-14 00:00:00.000
20129,19324,ronald13@adventure-works.com,AA08BE4E-7F76-4317-B662-BE1AE7B98EA3,2014-03-11 00:00:00.000
20130,19325,alyssa34@adventure-works.com,40B64830-FB6A-47CF-B2F2-C67E8AC85019,2013-07-05 00:00:00.000
20131,19326,ronald14@adventure-works.com,0B9A8405-C0FF-4470-BBBF-9E2AB9A7B24C,2013-08-02 00:00:00.000
20132,19327,alyssa35@adventure-works.com,5DCFA37C-D35A-4418-B310-6AA185DD3476,2012-04-02 00:00:00.000
20133,19328,alyssa36@adventure-works.com,88B31443-9D2D-4BA9-ACA2-F4EDE22D91D0,2014-03-28 00:00:00.000
20134,19329,ronald15@adventure-works.com,26D42AB3-9072-4C49-BFE7-5411BE076C90,2014-05-14 00:00:00.000
20135,19330,alyssa37@adventure-works.com,D586B09F-EB80-4096-9B31-C16C98F4EC31,2013-06-08 00:00:00.000
20136,19331,alyssa38@adventure-works.com,0F001428-CF6C-4E97-AEAC-C22FE635F60D,2013-11-08 00:00:00.000
20137,19332,ronald16@adventure-works.com,FBD0965E-27B3-4050-9DD2-AA9279BBC569,2013-07-17 00:00:00.000
20138,19333,alyssa39@adventure-works.com,DAAB0CF6-BDE4-4941-A0C4-090D081E1CDB,2014-06-17 00:00:00.000
20139,19334,ronald17@adventure-works.com,8D3D4822-6BC4-45F1-9AFE-A32E7900E738,2013-09-01 00:00:00.000
20140,19335,shannon34@adventure-works.com,3D83AF48-D00B-4B7E-81CB-65808E0B32A6,2011-07-31 00:00:00.000
20141,19336,ronald18@adventure-works.com,A4494DB0-C323-4868-82CB-C01DEC4FFBAD,2013-08-03 00:00:00.000
20142,19337,ronald19@adventure-works.com,FA5E2D03-0F8C-4455-AA6E-2DCA995589D2,2013-10-25 00:00:00.000
20143,19338,ronald20@adventure-works.com,A52CFAA9-E819-4B8A-8B96-402F4F6D0F5A,2014-03-22 00:00:00.000
20144,19339,ronald21@adventure-works.com,AB1443C7-5933-4BFE-9FE9-B5B3A4061EA0,2014-05-02 00:00:00.000
20145,19340,ronald22@adventure-works.com,B2181797-A02F-43E9-985F-79E4C58D556B,2012-11-16 00:00:00.000
20146,19341,ronald23@adventure-works.com,5BD409EF-424B-4737-9FD0-357506A636BF,2013-09-19 00:00:00.000
20147,19342,alyssa40@adventure-works.com,10DB32E1-879C-4A4E-8B30-68DAD09BEE84,2013-11-10 00:00:00.000
20148,19343,ronald24@adventure-works.com,3AEAA464-BEF2-4A54-A5AF-D90CBE53FC34,2012-05-11 00:00:00.000
20149,19344,phillip1@adventure-works.com,C79794AA-38E6-4506-BCDF-70CD2A91CD4C,2011-09-25 00:00:00.000
20150,19345,phillip2@adventure-works.com,3B5CE381-F1A9-4D92-924E-633404713A5E,2014-01-10 00:00:00.000
20151,19346,phillip3@adventure-works.com,CEC4989F-9812-4D4E-9B0D-8247C7EC7966,2014-02-26 00:00:00.000
20152,19347,alyssa41@adventure-works.com,73B76782-E2BC-422E-A371-868B3E469738,2014-02-06 00:00:00.000
20153,19348,shannon35@adventure-works.com,7D1CD6E9-839C-499D-A7A5-7A212EE5AC4F,2014-02-21 00:00:00.000
20154,19349,alyssa42@adventure-works.com,523794BD-1E1C-4B7F-BA63-183E1FD7D3D0,2014-04-03 00:00:00.000
20155,19350,phillip4@adventure-works.com,42265DC4-9F0B-4081-AA76-2E5C6C912ABE,2013-10-07 00:00:00.000
20156,19351,alyssa43@adventure-works.com,21C50C12-F2F8-47DA-AEE9-721D6D60390B,2013-10-21 00:00:00.000
20157,19352,phillip5@adventure-works.com,A5081646-D90E-4A27-B020-85DEB384386D,2013-11-11 00:00:00.000
20158,19353,phillip6@adventure-works.com,B739C933-2FE7-44DF-8AFC-755768C153C6,2011-06-10 00:00:00.000
20159,19354,phillip7@adventure-works.com,A0391F67-7C2E-4D2B-85A0-8226A8E61E06,2014-02-15 00:00:00.000
20160,19355,phillip8@adventure-works.com,439257D3-6AB8-4836-AD7D-0F09CB43529A,2014-04-13 00:00:00.000
20161,19356,alyssa44@adventure-works.com,438B453D-5B17-46E9-AE7D-E1AE5880019E,2014-04-29 00:00:00.000
20162,19357,phillip9@adventure-works.com,81E8C1BC-4097-4802-B669-502B6010B149,2013-12-08 00:00:00.000
20163,19358,phillip10@adventure-works.com,7453FF92-F921-4F80-B749-E3B824557EDE,2013-08-27 00:00:00.000
20164,19359,phillip11@adventure-works.com,5DC22440-48F8-4F7E-BAC3-7A23FCBC58B9,2013-10-30 00:00:00.000
20165,19360,shannon36@adventure-works.com,B8BC344E-BB11-45E4-BF48-A69BC4732146,2013-12-19 00:00:00.000
20166,19361,phillip12@adventure-works.com,B68A5EA3-7459-4345-9111-1A2C8ECFC82E,2011-07-29 00:00:00.000
20167,19362,alyssa45@adventure-works.com,450F2525-FB05-42DB-8711-FDB304B71E63,2013-10-28 00:00:00.000
20168,19363,phillip13@adventure-works.com,86C80E9B-FDE8-4404-9CF1-9D691411212E,2014-02-27 00:00:00.000
20169,19364,alyssa46@adventure-works.com,6B2A1244-B246-4AD1-A997-028B42761034,2013-09-25 00:00:00.000
20170,19365,phillip14@adventure-works.com,2E87FF34-EA6A-487F-BAD1-A47EF9E8DE96,2012-02-21 00:00:00.000
20171,19366,alyssa47@adventure-works.com,47DF7769-0B56-4BA9-B77C-ABA74F2C4830,2014-06-26 00:00:00.000
20172,19367,phillip15@adventure-works.com,7707D83F-D054-41ED-AEA0-E01C1DB80563,2011-11-26 00:00:00.000
20173,19368,phillip16@adventure-works.com,14EF35A6-EC08-4FC4-A917-C00B77A1272E,2013-05-01 00:00:00.000
20174,19369,phillip17@adventure-works.com,5C52559E-CB27-49FC-B698-DDA8B76B4547,2013-07-31 00:00:00.000
20175,19370,alyssa48@adventure-works.com,3228C128-D58D-4987-A16C-BC5542696BFA,2011-08-17 00:00:00.000
20176,19371,phillip18@adventure-works.com,A1BA99B2-7942-4A02-A9D5-DACC7C6FAD6E,2013-10-07 00:00:00.000
20177,19372,phillip19@adventure-works.com,E6A0133E-9D9E-4531-B55D-840BF5F29CFB,2012-08-17 00:00:00.000
20178,19373,phillip20@adventure-works.com,20ED4FD7-41CC-4EDF-AA15-F5B20DA8942A,2011-10-16 00:00:00.000
20179,19374,phillip21@adventure-works.com,FA00EEF0-4450-482D-A805-1B7623C18B65,2012-09-03 00:00:00.000
20180,19375,alyssa49@adventure-works.com,BA2EFD3D-7242-4B6B-AC9A-C1233A60B7D3,2014-05-02 00:00:00.000
20181,19376,phillip22@adventure-works.com,D9F399E4-3FC9-46C1-B4B5-75E63BF85698,2014-04-05 00:00:00.000
20182,19377,alyssa50@adventure-works.com,DF15E8B5-7C12-48CD-BB07-F9A06F3889A3,2013-10-02 00:00:00.000
20183,19378,george6@adventure-works.com,98127872-F107-41D8-84AB-F0F532BEA744,2013-09-12 00:00:00.000
20184,19379,george7@adventure-works.com,0DA08112-72B6-44B6-80B8-8CFAE4414370,2013-08-27 00:00:00.000
20185,19380,george8@adventure-works.com,D43A7989-34E9-4D9C-9B81-C7A8784BD836,2013-11-22 00:00:00.000
20186,19381,george9@adventure-works.com,4375588B-FE1E-429E-B1B2-A7DBF0171846,2013-07-09 00:00:00.000
20187,19382,alyssa51@adventure-works.com,167EC4D9-C16D-4353-879C-1E7C525408DC,2013-07-04 00:00:00.000
20188,19383,george10@adventure-works.com,6773C756-56FC-4D5D-A69A-8985DB187966,2013-10-04 00:00:00.000
20189,19384,alyssa52@adventure-works.com,1491BC64-1FC8-4C67-9B9E-03C9E604335C,2013-07-25 00:00:00.000
20190,19385,alyssa53@adventure-works.com,F1781540-770D-4EE7-8DD7-26CE75957789,2013-10-06 00:00:00.000
20191,19386,alyssa54@adventure-works.com,6BA95CE0-A4DF-4C1E-BD3D-F8C29459B336,2014-01-16 00:00:00.000
20192,19387,george11@adventure-works.com,5A282598-3FFB-4BFD-8C4B-A417B417D959,2013-10-29 00:00:00.000
20193,19388,alyssa55@adventure-works.com,F10DBF09-2E3C-4C78-8A20-11E8AB9795E5,2013-07-03 00:00:00.000
20194,19389,shannon37@adventure-works.com,E91B70E0-ED50-4D97-A810-9E1AF0D11DE7,2011-11-17 00:00:00.000
20195,19390,george12@adventure-works.com,880581A1-589B-4C57-9505-1040EAC3F5E2,2014-01-19 00:00:00.000
20196,19391,george13@adventure-works.com,B6EFE254-FC2B-4FA1-846B-EFD31D3DE272,2011-12-04 00:00:00.000
20197,19392,george14@adventure-works.com,C41FB8D9-FB0D-47EB-B788-54EA2ADDCC2D,2014-04-29 00:00:00.000
20198,19393,alyssa56@adventure-works.com,B099B9FA-BCC6-43DA-BF3A-99C940F04ED6,2013-09-27 00:00:00.000
20199,19394,george15@adventure-works.com,4609B225-5E99-4EE3-A808-7F80B2D2B526,2013-05-23 00:00:00.000
20200,19395,george16@adventure-works.com,22D02F01-2587-4285-B615-254D45100130,2013-03-26 00:00:00.000
20201,19396,alyssa57@adventure-works.com,81E11D8C-2419-4499-A0FD-2A48F9DDAFB7,2014-04-20 00:00:00.000
20202,19397,alyssa58@adventure-works.com,E6CECFD9-B946-42D4-B64E-96CE706478CD,2014-01-20 00:00:00.000
20203,19398,alyssa59@adventure-works.com,4D968DF9-E35F-4E00-86F2-FD1220497454,2013-09-24 00:00:00.000
20204,19399,george17@adventure-works.com,CB3A2760-305E-43C2-A9FB-393F935F239E,2013-10-28 00:00:00.000
20205,19400,alyssa60@adventure-works.com,16D2EBCC-3EBD-467F-91C9-9148BAEBC672,2014-01-13 00:00:00.000
20206,19401,florian1@adventure-works.com,9E850646-CA04-4288-8FB1-B95D2E5F3AE6,2012-07-09 00:00:00.000
20207,19402,alyssa61@adventure-works.com,552F228E-27BA-42BC-82F3-439999C3D04C,2014-02-17 00:00:00.000
20208,19403,george18@adventure-works.com,376B8AFA-B7DE-42EF-9058-CBB99DCB82A4,2013-10-20 00:00:00.000
20209,19404,alyssa62@adventure-works.com,69A9F82D-F575-4AF5-A9F2-6DF0EFFDA2D3,2014-05-11 00:00:00.000
20210,19405,george19@adventure-works.com,222DBF49-0EDB-4F83-9539-42DDD0B05F93,2013-12-02 00:00:00.000
20211,19406,george20@adventure-works.com,B02E92B0-3805-4788-9EDD-518E28F2D39F,2013-12-07 00:00:00.000
20212,19407,george21@adventure-works.com,4F68D50B-93A2-4188-A58B-1EBAD6610206,2012-02-29 00:00:00.000
20213,19408,george22@adventure-works.com,38DBCCCF-1DB5-4312-A71C-A53EE6BFA859,2012-03-20 00:00:00.000
20214,19409,alyssa63@adventure-works.com,61FF45A7-9439-46A4-AFE3-B84B2A14D2E6,2013-12-24 00:00:00.000
20215,19410,george23@adventure-works.com,DC923862-5F99-4491-ADB6-1F20F97B0CF5,2013-03-23 00:00:00.000
20216,19411,alyssa64@adventure-works.com,EB3263C6-64D1-48E5-9FD1-5B29856C5C77,2014-02-09 00:00:00.000
20217,19412,george24@adventure-works.com,FE637C7D-821E-47DB-A333-26360FF331B5,2013-09-17 00:00:00.000
20218,19413,alyssa65@adventure-works.com,1631DF22-6112-4D3C-B390-CAA23D91D046,2013-11-21 00:00:00.000
20219,19414,george25@adventure-works.com,FA9FBDFA-AB81-4D49-8CC7-20F680EEDB7A,2012-03-16 00:00:00.000
20220,19415,george26@adventure-works.com,0689F090-06E5-4FE9-A04B-55E0A41590A0,2014-06-16 00:00:00.000
20221,19416,george27@adventure-works.com,EE5F5BCF-7C32-425A-BCC2-610AA040B68C,2012-07-23 00:00:00.000
20222,19417,alyssa66@adventure-works.com,A98C78B6-C7FE-4FC0-B321-30DE5BFD051B,2013-10-07 00:00:00.000
20223,19418,george28@adventure-works.com,5F570D57-4881-40F2-8F9B-38CB482D43BF,2013-07-01 00:00:00.000
20224,19419,cindy23@adventure-works.com,7C86A1F6-C652-4654-934D-CC7778A9CE5F,2013-11-04 00:00:00.000
20225,19420,cory18@adventure-works.com,4651508B-FDD1-429E-9718-7622F947B3A1,2014-05-25 00:00:00.000
20226,19421,cory19@adventure-works.com,7FB623B4-5C2C-4C7D-ACCF-87FDE6842D31,2012-04-18 00:00:00.000
20227,19422,cory20@adventure-works.com,43E40192-8D91-4278-99D5-A437DAFB5C63,2012-09-28 00:00:00.000
20228,19423,chloe46@adventure-works.com,0FC97F8C-BDF5-4E6A-8E6D-67CF4418A6EF,2014-04-03 00:00:00.000
20229,19424,shannon38@adventure-works.com,4A0FA62D-C86B-4D2D-A66A-9E8FC52E8071,2011-06-29 00:00:00.000
20230,19425,kenneth18@adventure-works.com,36FD09F3-8714-4724-995F-AA756DEA76F7,2013-09-24 00:00:00.000
20231,19426,chloe47@adventure-works.com,2B8D596C-0D93-4207-A86A-19DCDE0DFE6E,2014-05-22 00:00:00.000
20232,19427,derek1@adventure-works.com,4EA1B715-400E-4407-83A2-AA04660A94BE,2013-03-17 00:00:00.000
20233,19428,derek2@adventure-works.com,028E0445-9B83-43A3-A548-F0E06F11F541,2014-04-28 00:00:00.000
20234,19429,derek3@adventure-works.com,11C95808-685D-413C-A3BC-46A8BD012302,2013-02-09 00:00:00.000
20235,19430,derek4@adventure-works.com,6629E97D-B069-43C5-925E-6112F41A7099,2012-04-14 00:00:00.000
20236,19431,chloe48@adventure-works.com,428BFEC8-093E-4351-AFF9-7FBB206838AB,2013-07-27 00:00:00.000
20237,19432,derek5@adventure-works.com,4BDCE0C2-89C6-4674-8CEA-D03A96001DD4,2012-08-12 00:00:00.000
20238,19433,chloe49@adventure-works.com,4D551514-BE32-4732-B40C-E02BD3C5F93F,2014-02-25 00:00:00.000
20239,19434,derek6@adventure-works.com,A09C241F-BC47-4550-9979-126E48EE69DD,2014-05-03 00:00:00.000
20240,19435,shannon39@adventure-works.com,06C4CEDE-8C6C-4843-AA3B-DB1257A5CD4C,2013-12-15 00:00:00.000
20241,19436,derek7@adventure-works.com,75E534DA-650B-496D-85F4-724A7FEA5741,2013-03-23 00:00:00.000
20242,19437,don8@adventure-works.com,17C161E3-D5F6-4D5A-8C06-1E5FFD195E49,2011-06-21 00:00:00.000
20243,19438,chloe50@adventure-works.com,B9A2CA1E-00D2-44C6-A712-0DC84303F025,2014-03-23 00:00:00.000
20244,19439,chloe51@adventure-works.com,82FFC11F-AF95-4625-B8A0-6FA5C359E9D1,2013-12-20 00:00:00.000
20245,19440,chloe52@adventure-works.com,9B1C6500-1154-4896-8A8A-5846566D2922,2014-02-26 00:00:00.000
20246,19441,derek8@adventure-works.com,3F6A5718-8CCE-489A-9994-C826EFC87174,2013-07-29 00:00:00.000
20247,19442,derek9@adventure-works.com,AB053110-32F7-4C49-8686-845DF04A4631,2012-02-06 00:00:00.000
20248,19443,cindy24@adventure-works.com,ADCD3F01-6E68-48D7-884A-512079977740,2013-10-17 00:00:00.000
20249,19444,derek10@adventure-works.com,327D2613-3793-4E70-ACB5-C0B6C94F1077,2013-07-16 00:00:00.000
20250,19445,chloe53@adventure-works.com,34A03A66-4F69-428E-80BC-BE569455036C,2014-05-21 00:00:00.000
20251,19446,chloe54@adventure-works.com,3C5905F5-ECDA-4DE9-B963-0CCE3822AC45,2013-07-20 00:00:00.000
20252,19447,derek11@adventure-works.com,ECEA5DB4-CCA0-4614-A492-BE9303126C87,2014-01-05 00:00:00.000
20253,19448,carol26@adventure-works.com,B4D6E626-13A6-4F2B-A3A6-C54E4CA3E3B7,2013-10-12 00:00:00.000
20254,19449,chloe55@adventure-works.com,DBD734C7-02C3-4A8C-BE1F-D0F4485D17C2,2013-11-05 00:00:00.000
20255,19450,derek12@adventure-works.com,DF5D0B4D-3821-4B48-BF98-C48B3113CD51,2012-06-16 00:00:00.000
20256,19451,chloe56@adventure-works.com,BB54CA6E-E586-401B-8970-3C8F68DC246D,2011-11-01 00:00:00.000
20257,19452,derek13@adventure-works.com,90F3F500-B7C9-4C1C-B417-D57E65A67801,2013-01-13 00:00:00.000
20258,19453,chloe57@adventure-works.com,481FFA76-575A-4FA7-91BD-20D224D73A34,2013-08-09 00:00:00.000
20259,19454,derek14@adventure-works.com,CDB0353C-88C4-464C-8D2B-8291D4EB8613,2013-08-26 00:00:00.000
20260,19455,chloe58@adventure-works.com,C14C61A0-6CC9-4B87-9677-AA9C400C74EC,2013-06-06 00:00:00.000
20261,19456,chloe59@adventure-works.com,6F7BA69A-919C-4E3F-AD20-824746417E4B,2014-03-18 00:00:00.000
20262,19457,chloe60@adventure-works.com,F1E82E37-08DD-47B0-941C-71F4FB9C2DC7,2014-03-07 00:00:00.000
20263,19458,cindy25@adventure-works.com,FAFB3910-FF27-4CF3-9747-D48B81C9E9C8,2013-07-26 00:00:00.000
20264,19459,chloe61@adventure-works.com,EA348B44-96A6-450D-94E0-C72A24017D1D,2012-10-24 00:00:00.000
20265,19460,shannon40@adventure-works.com,2AC096B4-D6C4-49D4-B61A-09557646A937,2014-04-08 00:00:00.000
20266,19461,derek15@adventure-works.com,8B5E0BD8-C0FB-42A8-BAB7-2DB8834E2D92,2013-08-02 00:00:00.000
20267,19462,derek16@adventure-works.com,45439095-5154-4561-A06E-5655B94BDD50,2013-11-24 00:00:00.000
20268,19463,cindy26@adventure-works.com,9BB51D56-4A19-45DE-9223-D5AA2767073B,2012-09-17 00:00:00.000
20269,19464,derek17@adventure-works.com,6488DE4C-910C-4B3A-9349-6DED50FA07FB,2011-07-22 00:00:00.000
20270,19465,chloe62@adventure-works.com,3BD1F4F9-2217-4FE1-911B-370F7A1B5F80,2012-11-23 00:00:00.000
20271,19466,derek18@adventure-works.com,7A869AE3-E816-457C-9951-8C3AC2729818,2013-10-11 00:00:00.000
20272,19467,derek19@adventure-works.com,A688734D-9808-460D-8EC2-A44E128FE988,2013-09-24 00:00:00.000
20273,19468,derek20@adventure-works.com,D0602E28-38F0-466A-882D-AF966E9D372B,2014-01-28 00:00:00.000
20274,19469,bradley3@adventure-works.com,417D5A35-8197-4E86-AAE1-0B4C26D4374F,2013-12-03 00:00:00.000
20275,19470,chloe63@adventure-works.com,D4879A89-994F-4488-BE1F-CD1BF673A690,2013-02-22 00:00:00.000
20276,19471,chloe64@adventure-works.com,86DBE908-95FF-46A7-BAC7-6A87E24BEDBF,2013-10-12 00:00:00.000
20277,19472,chloe65@adventure-works.com,03B0D559-BBF6-4EE3-BE29-65B40944C7AF,2012-01-11 00:00:00.000
20278,19473,chloe66@adventure-works.com,EA9BBBD4-4F94-48C5-9C86-26B5504E32D3,2011-11-19 00:00:00.000
20279,19474,bradley4@adventure-works.com,6249C74E-FE79-4B51-8F55-A07551238B61,2013-12-23 00:00:00.000
20280,19475,chloe67@adventure-works.com,C6B28616-0C1D-4B8E-8322-56A14AB3C0DB,2012-04-12 00:00:00.000
20281,19476,kelvin42@adventure-works.com,71EBE32A-95E5-490D-865F-A2822D10446E,2013-07-13 00:00:00.000
20282,19477,bradley5@adventure-works.com,FCB1F5BC-1ADE-452B-A3C4-F26089F985DA,2014-04-06 00:00:00.000
20283,19478,bradley6@adventure-works.com,9562C772-7959-48D3-A9DE-28D8ADF95A4A,2014-02-04 00:00:00.000
20284,19479,bradley7@adventure-works.com,A3AC0430-B455-43CC-BD5A-3EB6CFBCE2F8,2013-07-19 00:00:00.000
20285,19480,bradley8@adventure-works.com,38021076-ADDE-4AC0-B5DC-9504E0E02707,2011-10-21 00:00:00.000
20286,19481,bradley9@adventure-works.com,C89B4E62-4932-4281-AE3C-A3F3DD3E3366,2011-09-05 00:00:00.000
20287,19482,chloe68@adventure-works.com,78F032BD-D55E-4B58-81D1-92AFDD006508,2014-05-09 00:00:00.000
20288,19483,chloe69@adventure-works.com,8D03D1D5-E0F2-4FDC-8C0D-0B32EA8D92B8,2013-08-19 00:00:00.000
20289,19484,chloe70@adventure-works.com,BFAC2164-1F05-41AA-A125-51E9F4C6AE07,2013-01-05 00:00:00.000
20290,19485,bradley10@adventure-works.com,9D63B03F-D8E1-4FA3-956A-CEE792F9E30A,2012-11-10 00:00:00.000
20291,19486,chloe71@adventure-works.com,17CB33B4-4BB6-46B0-A66F-649E245923EE,2014-05-17 00:00:00.000
20292,19487,bradley11@adventure-works.com,A4C61E8A-1227-418A-B5B2-D95D9BE67129,2012-11-18 00:00:00.000
20293,19488,chloe72@adventure-works.com,3E0F1F83-73D8-4C06-AF80-83C8168BAA1A,2014-01-15 00:00:00.000
20294,19489,chloe73@adventure-works.com,D80CD2D5-B7D2-4E71-AB18-6A5A6303160F,2013-05-07 00:00:00.000
20295,19490,bradley12@adventure-works.com,3EB681CF-21F8-41EF-B54E-DFD3A650D9A5,2014-05-28 00:00:00.000
20296,19491,bradley13@adventure-works.com,251F7644-B6AE-4AA2-B313-B4B924A773C8,2013-06-30 00:00:00.000
20297,19492,shannon41@adventure-works.com,CADD666A-1BDC-4AE4-A909-381176645034,2012-09-04 00:00:00.000
20298,19493,bradley14@adventure-works.com,A6C76804-4EB7-4602-A7AD-2AABAA9FAD8C,2014-06-22 00:00:00.000
20299,19494,chloe74@adventure-works.com,C2962750-A006-4086-8CEB-C8EDC5FE55AE,2013-09-20 00:00:00.000
20300,19495,chloe75@adventure-works.com,4B82D4BD-2931-41C4-9E4F-444366CFF2DF,2014-03-19 00:00:00.000
20301,19496,bradley15@adventure-works.com,0DC82C2E-8B00-4219-A24C-7A85B134FE2C,2013-09-13 00:00:00.000
20302,19497,chloe76@adventure-works.com,650F709C-5EB6-483B-B7BB-033E484C48BD,2013-10-02 00:00:00.000
20303,19498,bradley16@adventure-works.com,84B8B2FF-80F9-4AC9-BD1C-358E6CB1E590,2013-11-26 00:00:00.000
20304,19499,bradley17@adventure-works.com,6C04B2AC-C794-4C51-9163-F1BDC88882F7,2013-02-16 00:00:00.000
20305,19500,chloe77@adventure-works.com,CCE01A4D-D7EC-4945-B3F4-F2BD4CB42FC6,2013-10-13 00:00:00.000
20306,19501,bradley18@adventure-works.com,E75832AE-66E2-471F-A8E9-1B267DC9C01B,2013-02-08 00:00:00.000
20307,19502,bradley19@adventure-works.com,CA84B1B0-6C87-4A58-9087-1C621A394535,2012-01-14 00:00:00.000
20308,19503,chloe78@adventure-works.com,6F07A011-5838-46D5-9F9C-011BC758B196,2012-05-14 00:00:00.000
20309,19504,bradley20@adventure-works.com,851FB701-DF81-4DC4-A7B4-654171332CF8,2013-12-22 00:00:00.000
20310,19505,chloe79@adventure-works.com,D37E348F-D4FA-4139-BEF7-0787C163A5DC,2013-11-14 00:00:00.000
20311,19506,bradley21@adventure-works.com,F1D89436-44D2-4CCE-8FD9-CFF5C461D31A,2013-12-28 00:00:00.000
20312,19507,bradley22@adventure-works.com,056F8371-59CC-4D66-AAC4-8E840064F1B7,2013-08-25 00:00:00.000
20313,19508,dwayne0@adventure-works.com,26910F4C-836C-4B22-A211-6DF41B34FB65,2013-09-01 00:00:00.000
20314,19509,bradley23@adventure-works.com,96C9712E-5D2C-4782-A370-FC39B3F25F05,2011-09-11 00:00:00.000
20315,19510,chloe80@adventure-works.com,208970CE-0A8A-42ED-B475-3683C1C6A4CF,2012-04-05 00:00:00.000
20316,19511,bradley24@adventure-works.com,439B15BE-0E81-468B-9270-7910AA9E8501,2013-12-13 00:00:00.000
20317,19512,chloe81@adventure-works.com,E69EE2A0-D8DA-4594-9D9A-F4F45FB23D9A,2012-07-13 00:00:00.000
20318,19513,cindy27@adventure-works.com,F992CB3C-8EEC-4E57-8F1E-BA9F146D24BA,2013-12-10 00:00:00.000
20319,19514,chloe82@adventure-works.com,65FA8D09-6870-41E7-A6E5-24B4CCEA0B30,2013-08-19 00:00:00.000
20320,19515,chad2@adventure-works.com,893BB7D7-CE87-4442-B689-A6C1A48CA9E1,2014-04-26 00:00:00.000
20321,19516,chloe83@adventure-works.com,BC300A7C-EFB4-4FD2-A428-1D023F49304A,2012-06-15 00:00:00.000
20322,19517,chad3@adventure-works.com,F9D5ED86-2203-4D06-95DE-1DE60F42E481,2012-03-06 00:00:00.000
20323,19518,chloe84@adventure-works.com,35704651-2C65-45C9-B1BF-838B6392D198,2013-10-13 00:00:00.000
20324,19519,chad4@adventure-works.com,2BFC954C-EDB2-4523-BEC8-AE596B535DC6,2014-02-25 00:00:00.000
20325,19520,chad5@adventure-works.com,7E7E328B-52AA-4B82-AB90-0A8BAC866CF2,2014-04-01 00:00:00.000
20326,19521,chloe85@adventure-works.com,1B45C9FE-3BDD-4630-9D76-9F273407DBD2,2013-11-03 00:00:00.000
20327,19522,chad6@adventure-works.com,E9DF0A04-4C84-45E5-95D6-A061FF201295,2014-05-11 00:00:00.000
20328,19523,chloe86@adventure-works.com,79336899-1659-4212-8AA4-D55C2FD64022,2012-08-02 00:00:00.000
20329,19524,chad7@adventure-works.com,2FC2C3BB-833C-49A7-9B5A-D204096ED4B9,2013-01-28 00:00:00.000
20330,19525,chad8@adventure-works.com,596DC530-27B2-484C-839F-851761BC0699,2012-06-01 00:00:00.000
20331,19526,dwayne1@adventure-works.com,60547CF8-F5E2-49A9-ACD0-5D45D0411EF5,2013-07-15 00:00:00.000
20332,19527,chad9@adventure-works.com,47AFDD98-8E51-412F-8E4B-3D16DEE0F425,2011-09-01 00:00:00.000
20333,19528,chloe87@adventure-works.com,42A58C88-5760-453A-9DA5-3E9DA9EDEEC9,2014-06-10 00:00:00.000
20334,19529,chad10@adventure-works.com,DAD75B31-578F-4869-94EF-7C1121A08116,2013-09-05 00:00:00.000
20335,19530,julia46@adventure-works.com,B3A2DC2B-7EB1-4375-A82D-591E01FD83B6,2013-12-23 00:00:00.000
20336,19531,chad11@adventure-works.com,D94F3722-0B76-4191-B1D7-C25A84E8B6AF,2014-04-04 00:00:00.000
20337,19532,chad12@adventure-works.com,061B7445-E3E0-4F5B-B7D9-3C68DE4B63F2,2013-10-22 00:00:00.000
20338,19533,julia47@adventure-works.com,2CB1EC68-FBB2-4FEE-8BD7-49A404AFD1A8,2013-07-23 00:00:00.000
20339,19534,julia48@adventure-works.com,6F53629F-A183-4803-8EF9-FADC332C3F86,2012-08-16 00:00:00.000
20340,19535,chad13@adventure-works.com,07893979-3B9F-4BB8-8354-358E18257060,2013-12-25 00:00:00.000
20341,19536,julia49@adventure-works.com,FD5AAC07-4644-4C74-8B17-B124A62FDC0F,2012-07-21 00:00:00.000
20342,19537,chad14@adventure-works.com,69A9167C-78A0-4828-BE7B-0D007BD8DBD9,2012-08-06 00:00:00.000
20343,19538,chad15@adventure-works.com,F30559D3-6DCE-43D7-A1FF-BE8247515E41,2014-01-29 00:00:00.000
20344,19539,judith5@adventure-works.com,BB312268-40C8-48ED-888F-4F1CCC5CA97D,2013-09-14 00:00:00.000
20345,19540,chad16@adventure-works.com,61387D77-4E1A-4356-9236-5B5794B3D743,2014-06-16 00:00:00.000
20346,19541,julia50@adventure-works.com,C039DAC1-A0FA-4471-929D-782CF2BBFAE1,2013-10-09 00:00:00.000
20347,19542,julia51@adventure-works.com,3F0A9E6C-34C0-46EE-9155-8E04F8D8AC2B,2013-03-31 00:00:00.000
20348,19543,judith6@adventure-works.com,D12E3242-AC67-42E9-AEAC-A5DE57013657,2013-11-06 00:00:00.000
20349,19544,julia52@adventure-works.com,2E11DD8E-96F9-494D-9815-F2BF7BBFAFDB,2014-03-28 00:00:00.000
20350,19545,dwayne2@adventure-works.com,348FB6B0-E921-4551-9FEE-E06AD6BEA999,2014-04-18 00:00:00.000
20351,19546,chad17@adventure-works.com,E3EA3E1A-22D8-4CCD-93CB-FAB2B09FF116,2013-12-31 00:00:00.000
20352,19547,julia53@adventure-works.com,9129B89C-3813-453E-879C-77E1D84FCC20,2014-01-15 00:00:00.000
20353,19548,chad18@adventure-works.com,A71088CE-5F2C-4693-AD15-D1B5AC8E6B0F,2013-11-28 00:00:00.000
20354,19549,chad19@adventure-works.com,56E932E8-07FE-427F-ABEB-2614125377C4,2012-12-28 00:00:00.000
20355,19550,chad20@adventure-works.com,2CA21144-6256-423B-B85E-B5E4192B8218,2014-04-26 00:00:00.000
20356,19551,julia54@adventure-works.com,A6E100DE-899B-4F5B-968A-0A6235F60130,2013-07-05 00:00:00.000
20357,19552,julia55@adventure-works.com,907AA754-85EA-49D0-A4A8-64B34F1667BF,2012-11-20 00:00:00.000
20358,19553,chad21@adventure-works.com,D2E4E66C-8C54-40E1-A665-EC7AD33179F3,2013-10-18 00:00:00.000
20359,19554,julia56@adventure-works.com,01FEC308-AEB1-43AE-9065-27703246E557,2014-04-16 00:00:00.000
20360,19555,chad22@adventure-works.com,4C86F9E6-439A-403A-8D07-37BCF5DE8899,2013-04-30 00:00:00.000
20361,19556,julia57@adventure-works.com,7DEEA8FE-719F-4F7F-9702-9D2D5C457EA9,2014-03-06 00:00:00.000
20362,19557,julia58@adventure-works.com,769C63B4-B205-4ACC-BEF3-B80CBB22658D,2014-05-29 00:00:00.000
20363,19558,julia59@adventure-works.com,C102445A-4535-4CCD-8CB7-3C7EBC856799,2013-10-31 00:00:00.000
20364,19559,shawn2@adventure-works.com,99EA5DE6-B25E-465F-9749-E26BABC9FB49,2013-10-23 00:00:00.000
20365,19560,shawn3@adventure-works.com,828519AB-7264-4B49-8B0D-9DE529B1C72D,2013-10-31 00:00:00.000
20366,19561,shawn4@adventure-works.com,B16F9998-7DCB-45DA-9B35-9C0B2C551C4C,2012-01-04 00:00:00.000
20367,19562,shawn5@adventure-works.com,076FD3D8-2F20-45BE-AD21-D86DC7CA4346,2013-05-06 00:00:00.000
20368,19563,julia60@adventure-works.com,8F3EF31F-5F15-42E3-98EB-54A1CA6416D8,2013-11-18 00:00:00.000
20369,19564,shawn6@adventure-works.com,2E8BDDF0-99A1-4EE0-B4D9-3182F9BD9742,2012-02-29 00:00:00.000
20370,19565,julia61@adventure-works.com,3CE439D8-EE3D-4A0A-8B22-53A111C47C17,2014-03-20 00:00:00.000
20371,19566,shawn7@adventure-works.com,DD5F849B-BEB2-47A8-8C59-1DB0A73A4B75,2013-09-14 00:00:00.000
20372,19567,julia62@adventure-works.com,63228AE5-26A8-4523-B561-ABD3EFBE7CA2,2013-12-07 00:00:00.000
20373,19568,shawn8@adventure-works.com,1C05AEE4-C297-4DF9-B187-72C441AE8AEE,2012-05-07 00:00:00.000
20374,19569,julia63@adventure-works.com,3035B289-20F9-4142-923A-63CA15DD1F6D,2013-12-16 00:00:00.000
20375,19570,shawn9@adventure-works.com,AC4DC4EA-03E0-4C29-9D9A-91C782BA5274,2014-04-08 00:00:00.000
20376,19571,shawn10@adventure-works.com,E195F670-ACC3-4D5E-9508-07355DE4E3DA,2013-12-09 00:00:00.000
20377,19572,julia64@adventure-works.com,B9851C02-EAC7-45CB-BA2E-E751EF1EBF16,2013-08-18 00:00:00.000
20378,19573,shawn11@adventure-works.com,FA52345C-3D00-4CA7-A1A4-DC0DAD5A2FC7,2012-12-31 00:00:00.000
20379,19574,julia65@adventure-works.com,DA796D88-8096-4FD5-8F8A-A9375AF6EA7F,2013-05-01 00:00:00.000
20380,19575,shawn12@adventure-works.com,2C68BA5E-E740-4C43-A920-34E855A338AD,2012-06-05 00:00:00.000
20381,19576,julia66@adventure-works.com,76A25BCC-5C51-445C-A850-D2BF5DA31B95,2013-09-21 00:00:00.000
20382,19577,shawn13@adventure-works.com,7334C98E-65A1-4752-83CF-4FBE40FD16FB,2014-05-14 00:00:00.000
20383,19578,julia67@adventure-works.com,D1971330-24DE-471A-BE83-81F35F2CED47,2013-07-30 00:00:00.000
20384,19579,dwayne3@adventure-works.com,DF0E81E9-EC78-40CE-80B0-02C8BB9CBBE3,2012-07-14 00:00:00.000
20385,19580,shawn14@adventure-works.com,7E694173-A1B9-4130-832D-B8B4379B0BDA,2013-04-22 00:00:00.000
20386,19581,shawn15@adventure-works.com,911DB2AA-5DF7-4402-BD68-80EB515CF34E,2013-12-08 00:00:00.000
20387,19582,julia68@adventure-works.com,BD07295B-FA1E-48DF-BC9E-5B6EC06F905D,2012-06-10 00:00:00.000
20388,19583,julia69@adventure-works.com,82CC5977-F319-4F97-8338-8C0EB2417675,2012-09-22 00:00:00.000
20389,19584,shawn16@adventure-works.com,D1F8C470-5C9D-462A-838C-CF28D26603C3,2013-10-28 00:00:00.000
20390,19585,julia70@adventure-works.com,211BCA9E-41A0-4222-9DA2-010D027E341F,2014-03-12 00:00:00.000
20391,19586,shawn17@adventure-works.com,5E50BF1D-F171-4BCE-810D-D98813FF85D3,2012-03-24 00:00:00.000
20392,19587,julia71@adventure-works.com,F44318DE-27F4-40FF-BB7F-8174235520B3,2013-09-18 00:00:00.000
20393,19588,julia72@adventure-works.com,237D32B6-B0BD-403D-8D46-583DAED14AD5,2012-02-02 00:00:00.000
20394,19589,shawn18@adventure-works.com,CC78ADCA-2A99-4DE6-9B0B-BC7A18C0378E,2011-08-25 00:00:00.000
20395,19590,shawn19@adventure-works.com,249D5208-C7BB-481E-AF4C-A26AD51B70BE,2013-08-31 00:00:00.000
20396,19591,shawn20@adventure-works.com,B8CB7559-08F9-41E3-940B-067C7758DAC5,2014-03-21 00:00:00.000
20397,19592,julia73@adventure-works.com,DC045896-BDC7-4FEF-809B-0E331DDABA54,2014-05-10 00:00:00.000
20398,19593,shawn21@adventure-works.com,3424A1DF-55C3-4871-BC49-2AAA564E7425,2013-05-29 00:00:00.000
20399,19594,shawn22@adventure-works.com,42DEFB2C-C50A-4D99-B050-CF863D5DF2D8,2013-04-11 00:00:00.000
20400,19595,julia74@adventure-works.com,7448C6F2-20CC-44F9-B522-ABF91004195D,2013-10-30 00:00:00.000
20401,19596,dwayne4@adventure-works.com,A74DA1E4-3888-4E6D-A04C-80C5A2A2DF6F,2014-05-10 00:00:00.000
20402,19597,shawn23@adventure-works.com,7CDBDDDA-4DD4-4807-B62B-8FE41BD05EDA,2014-03-28 00:00:00.000
20403,19598,shawn24@adventure-works.com,53C6C75F-E029-4331-B6F7-233DE63415E6,2013-09-12 00:00:00.000
20404,19599,peter8@adventure-works.com,E0382F82-E82C-4D77-BF33-A428205BFCA9,2013-10-29 00:00:00.000
20405,19600,julia75@adventure-works.com,DF962C64-DFF7-4ADD-98F6-02AC81857B36,2011-12-20 00:00:00.000
20406,19601,peter9@adventure-works.com,D81D962A-DC26-4705-ACA7-0B91E0EF09D2,2013-02-07 00:00:00.000
20407,19602,julia76@adventure-works.com,23CC95D0-48DC-4664-AF4D-6EA91802CFE4,2013-08-08 00:00:00.000
20408,19603,peter10@adventure-works.com,7FB0E1FC-A909-4F2F-9D08-FF3A98AA2263,2014-02-08 00:00:00.000
20409,19604,julia77@adventure-works.com,3FC43E9B-E7A4-4F5C-B8F8-C0B910DAB2A0,2012-06-23 00:00:00.000
20410,19605,julia78@adventure-works.com,CE49140C-2CFE-4333-9902-8285171C4829,2014-01-17 00:00:00.000
20411,19606,peter11@adventure-works.com,BFB2C355-DB23-4EB6-81DC-28A337B1D893,2013-10-11 00:00:00.000
20412,19607,peter12@adventure-works.com,9A449953-6FF7-4411-B1F4-B22C4CC6193B,2013-06-02 00:00:00.000
20413,19608,peter13@adventure-works.com,596240E9-6158-4027-B8F2-B589738771E7,2014-01-19 00:00:00.000
20414,19609,julia79@adventure-works.com,AD4036A3-41C6-4A43-A408-6900DD1B9CAC,2012-11-20 00:00:00.000
20415,19610,peter14@adventure-works.com,4A55F641-6D9B-4B0C-8B12-88EDCCE659D2,2013-12-02 00:00:00.000
20416,19611,peter15@adventure-works.com,031CB46A-477C-4859-89B0-28B567FAA427,2013-08-13 00:00:00.000
20417,19612,julia80@adventure-works.com,1B53C29A-4267-45D0-8549-94F702D4F692,2014-03-04 00:00:00.000
20418,19613,peter16@adventure-works.com,54DCBA9D-749B-479A-A1CE-CC3955953C42,2013-12-17 00:00:00.000
20419,19614,julia81@adventure-works.com,E829B40C-565E-4FB8-8B21-6F333745BBF7,2013-06-14 00:00:00.000
20420,19615,julia82@adventure-works.com,DD9EC5C2-5FAC-4211-9367-1CB06595BD15,2012-06-09 00:00:00.000
20421,19616,julia83@adventure-works.com,5C59DEF0-E823-4062-B1EB-0535A6C51C72,2011-10-21 00:00:00.000
20422,19617,peter17@adventure-works.com,C9B86142-EAB3-40B6-8BC7-A44D019844CD,2011-09-08 00:00:00.000
20423,19618,julia84@adventure-works.com,61B96890-E167-4CAA-8FE4-9A837EEA62EA,2013-08-19 00:00:00.000
20424,19619,peter18@adventure-works.com,3B7515C9-E212-4E7B-AF7A-E0F695123778,2013-07-08 00:00:00.000
20425,19620,peter19@adventure-works.com,1F1BC427-F79A-44E6-B689-87F594B039A2,2014-06-05 00:00:00.000
20426,19621,peter20@adventure-works.com,9123DFBD-6B41-4D51-AEE1-DA6123C0CD8B,2013-07-29 00:00:00.000
20427,19622,julia85@adventure-works.com,B3AC52E1-31FA-406C-A2E3-657122CB5CFC,2014-04-17 00:00:00.000
20428,19623,dwayne5@adventure-works.com,AEBD2A52-8F96-44E7-AB6B-67373A8A6BE7,2013-10-17 00:00:00.000
20429,19624,peter21@adventure-works.com,80796807-5DCE-4A43-A4C3-69310E7D199B,2014-01-08 00:00:00.000
20430,19625,julia86@adventure-works.com,9C75812C-0214-4709-8D46-4BDA11D4198F,2014-05-21 00:00:00.000
20431,19626,peter22@adventure-works.com,04AA7C79-AFFD-4F62-AA53-65A84D4EB67B,2014-04-13 00:00:00.000
20432,19627,julia87@adventure-works.com,95C589DD-DF2D-4198-BE43-7508AF66403C,2014-05-08 00:00:00.000
20433,19628,peter23@adventure-works.com,00FC309F-66D2-425D-B31D-291DEB0003F0,2014-02-19 00:00:00.000
20434,19629,peter24@adventure-works.com,419F8A2C-C4A4-4AC6-8A0B-72FC5DAEB4A8,2013-08-20 00:00:00.000
20435,19630,peter25@adventure-works.com,F298AF1D-28E9-47A2-9333-EF9DFFE0D49B,2014-03-28 00:00:00.000
20436,19631,julia88@adventure-works.com,A3F2ECBE-A595-48D3-9032-5579C63EECA6,2014-01-24 00:00:00.000
20437,19632,peter26@adventure-works.com,B5B857BF-E28C-41C6-B1F7-AACB6CF73440,2013-09-30 00:00:00.000
20438,19633,jennifer52@adventure-works.com,08F8AA11-04B5-4E5C-A8F0-6ED5B45E5B8F,2013-07-24 00:00:00.000
20439,19634,peter27@adventure-works.com,639AF47D-DE7F-4DC3-8044-90C2C3B1ED22,2011-12-18 00:00:00.000
20440,19635,jennifer53@adventure-works.com,9E632B7B-5849-4BFD-84A3-53B423C9BAEB,2014-03-19 00:00:00.000
20441,19636,jennifer54@adventure-works.com,0208D46C-7999-421C-94AD-AD7FFD4FE86D,2012-09-27 00:00:00.000
20442,19637,jennifer55@adventure-works.com,1A00831A-08DB-41F9-BF74-315D8681F838,2013-09-21 00:00:00.000
20443,19638,corey0@adventure-works.com,72EE792C-EB78-4154-A1E9-9B87F7D5DBA0,2012-06-20 00:00:00.000
20444,19639,corey1@adventure-works.com,2CAAD450-6194-499E-B638-F99CF3AEEDD9,2013-08-22 00:00:00.000
20445,19640,jennifer56@adventure-works.com,71A67CD5-2DE0-4AFE-9D6C-83580C3463F3,2014-05-22 00:00:00.000
20446,19641,jennifer57@adventure-works.com,CE820405-57D1-4E31-AAB0-449C8B9F43BE,2014-04-01 00:00:00.000
20447,19642,corey2@adventure-works.com,A2569102-3721-4A0E-8238-8640C48F8EC0,2013-08-04 00:00:00.000
20448,19643,jennifer58@adventure-works.com,5B1660AC-9B66-4869-B569-227293ECD9CC,2013-09-15 00:00:00.000
20449,19644,jennifer59@adventure-works.com,201561EB-6D5A-4244-BB62-5DB1C5944AC1,2013-12-07 00:00:00.000
20450,19645,kelvin43@adventure-works.com,133E86FA-0CE4-49E1-AC86-655047A88B96,2013-09-23 00:00:00.000
20451,19646,dwayne6@adventure-works.com,24242A39-0896-4505-AB19-1772B15C9BFD,2014-04-27 00:00:00.000
20452,19647,corey3@adventure-works.com,F63A1F3D-7F55-4834-A58C-2874BE71A5D5,2014-06-13 00:00:00.000
20453,19648,jennifer60@adventure-works.com,54BC6D55-020D-4414-8E04-872218597744,2013-12-07 00:00:00.000
20454,19649,jennifer61@adventure-works.com,97261775-8A1C-489E-AEE2-45196998D9EF,2014-03-15 00:00:00.000
20455,19650,corey4@adventure-works.com,1432619E-1874-45FD-8E57-1A0E354814D0,2014-02-20 00:00:00.000
20456,19651,jennifer62@adventure-works.com,4F3605AF-639C-449C-AA86-915CA07CD7D7,2013-12-16 00:00:00.000
20457,19652,jennifer63@adventure-works.com,E4D39800-152E-42C5-A213-007F092965D3,2013-09-03 00:00:00.000
20458,19653,corey5@adventure-works.com,74FC7475-07D4-41D4-B5CF-2FDE566A2D14,2014-05-29 00:00:00.000
20459,19654,corey6@adventure-works.com,8CC62F59-9CEE-42F3-AD90-D16097C5C6B7,2014-02-01 00:00:00.000
20460,19655,corey7@adventure-works.com,BFA28986-BA94-4273-A7CC-87694E1882FE,2012-02-03 00:00:00.000
20461,19656,corey8@adventure-works.com,CAAE825A-2AAC-47C3-821A-8E8591919961,2012-12-12 00:00:00.000
20462,19657,corey9@adventure-works.com,C7CFD4A3-D0C9-41BD-8C3F-8FDE2D3E5691,2013-09-22 00:00:00.000
20463,19658,jennifer64@adventure-works.com,0D14D5A0-8A62-4ABF-942D-4552AD9C2BF8,2014-01-19 00:00:00.000
20464,19659,dwayne7@adventure-works.com,F64B980A-7562-4BDD-B81E-A7854231E47E,2012-07-23 00:00:00.000
20465,19660,corey10@adventure-works.com,B48E1157-A045-4FD4-802E-75CF335054FA,2014-02-04 00:00:00.000
20466,19661,corey11@adventure-works.com,FB76F17A-409C-4636-BE8C-438D5E22F36F,2014-02-22 00:00:00.000
20467,19662,jennifer65@adventure-works.com,5C69F9A3-3433-4C75-9F75-D5A20862151F,2014-04-20 00:00:00.000
20468,19663,jennifer66@adventure-works.com,F89EBBCE-DC87-4169-B2CE-E6D93674188D,2013-12-25 00:00:00.000
20469,19664,corey12@adventure-works.com,2B60B5DE-477C-4FF1-BB99-EAC751E55131,2014-02-26 00:00:00.000
20470,19665,corey13@adventure-works.com,20431E82-7C1D-430D-AAEB-794574688273,2013-08-26 00:00:00.000
20471,19666,jennifer67@adventure-works.com,8C2ECFAF-8E81-4289-B279-CC79A7BCC2EB,2012-10-31 00:00:00.000
20472,19667,corey14@adventure-works.com,525B75E8-8C9D-48E0-9BA9-0297E50FE6AB,2014-04-19 00:00:00.000
20473,19668,jennifer68@adventure-works.com,AF0E9756-2B17-4914-A20B-9FE2557EC4E9,2013-04-07 00:00:00.000
20474,19669,corey15@adventure-works.com,004B17CA-36F0-4D65-A475-21FDF9EFE649,2014-02-05 00:00:00.000
20475,19670,jennifer69@adventure-works.com,7253FACB-427B-49D0-968D-D9116940AE2E,2013-01-09 00:00:00.000
20476,19671,jennifer70@adventure-works.com,1F922EED-EF0F-4CCF-91D4-C197CC8AA7BB,2013-11-09 00:00:00.000
20477,19672,corey16@adventure-works.com,6F1A091B-56EA-43C1-A36F-0C772A19C7C6,2014-01-17 00:00:00.000
20478,19673,corey17@adventure-works.com,7F5CA453-F794-41D3-B9BF-F2FCA8BFE810,2014-06-08 00:00:00.000
20479,19674,jennifer71@adventure-works.com,18B3C220-A740-426A-B257-533A47919C2E,2013-05-18 00:00:00.000
20480,19675,dwayne8@adventure-works.com,E5F10711-B3AB-4F1F-B63B-DA94FC4F6D88,2013-10-11 00:00:00.000
20481,19676,corey18@adventure-works.com,76D0C576-84C3-4780-AF6A-91F13D51E351,2014-03-29 00:00:00.000
20482,19677,corey19@adventure-works.com,AC864505-4008-4802-8A75-0065A97F0D2B,2012-12-23 00:00:00.000
20483,19678,jennifer72@adventure-works.com,0D293D71-CFA0-4A10-847E-E88228E6B1D5,2014-01-20 00:00:00.000
20484,19679,jennifer73@adventure-works.com,71CA8B2E-C927-458B-B80F-5306CEBFF070,2014-04-27 00:00:00.000
20485,19680,keith2@adventure-works.com,18D813CB-729D-4D66-BE55-1788264602ED,2012-11-29 00:00:00.000
20486,19681,jennifer74@adventure-works.com,C4C7C751-0FDE-4939-A5A9-E655EEA6BCFA,2012-06-18 00:00:00.000
20487,19682,jennifer75@adventure-works.com,87712AE4-B3A4-40E7-8B28-53834B3777A2,2013-05-30 00:00:00.000
20488,19683,keith3@adventure-works.com,32C362E4-4F87-40EC-923E-C65B57A72A1F,2012-06-02 00:00:00.000
20489,19684,keith4@adventure-works.com,8AFF656C-B42B-4A9F-9035-4563F310FB2E,2013-11-07 00:00:00.000
20490,19685,keith5@adventure-works.com,1E3D0E52-94E2-4FCE-A5C0-4F6B8731CBF7,2014-01-14 00:00:00.000
20491,19686,jennifer76@adventure-works.com,738AB5AF-9EF3-442F-800E-CF8E83C05FF8,2013-07-28 00:00:00.000
20492,19687,keith6@adventure-works.com,435B13DC-0ECB-47FD-B741-C93145A3F322,2014-04-03 00:00:00.000
20493,19688,keith7@adventure-works.com,A6F1A2E0-8C6B-474E-A75A-DCD6FA4BC841,2013-10-26 00:00:00.000
20494,19689,keith8@adventure-works.com,9BA6D02F-42A7-4D70-B5B8-36BE0DC06286,2014-03-09 00:00:00.000
20495,19690,jennifer77@adventure-works.com,F6E7F093-F7C9-4ED6-8CD8-AE2AD0CAA41A,2013-10-24 00:00:00.000
20496,19691,keith9@adventure-works.com,10E0899D-6C98-4EA0-80A8-40014DC13BE0,2012-11-21 00:00:00.000
20497,19692,dwayne9@adventure-works.com,14EFDEF6-77F3-441D-86A9-1D503684F0E3,2012-07-24 00:00:00.000
20498,19693,keith10@adventure-works.com,D3777CDA-EBE0-4C7E-A051-12112EF2DA25,2013-09-02 00:00:00.000
20499,19694,keith11@adventure-works.com,3EFFC6C1-AF9B-418C-B702-24B9FD4D78F6,2012-03-13 00:00:00.000
20500,19695,keith12@adventure-works.com,8D2603D5-9E72-4490-8688-A89B85636A54,2013-08-08 00:00:00.000
20501,19696,jennifer78@adventure-works.com,E0DFD545-D35C-4B30-A006-623620B73E20,2011-08-09 00:00:00.000
20502,19697,keith13@adventure-works.com,52360381-26F6-46BD-AB6A-BB15ECFE5CBA,2012-05-06 00:00:00.000
20503,19698,keith14@adventure-works.com,85A7E60E-4412-42AF-892B-178958D76716,2014-05-15 00:00:00.000
20504,19699,jennifer79@adventure-works.com,34CC57D2-90B6-471F-9E27-2F1AAB2293F4,2014-06-08 00:00:00.000
20505,19700,keith15@adventure-works.com,E43FAAC9-0287-480A-B717-E53ED2BFA550,2014-01-29 00:00:00.000
20506,19701,keith16@adventure-works.com,4CF28D53-136D-476E-AFDF-5634ECA35F80,2012-07-04 00:00:00.000
20507,19702,keith17@adventure-works.com,204A0B79-68E2-429D-8140-22ED17036BC1,2013-10-05 00:00:00.000
20508,19703,jennifer80@adventure-works.com,37C8E03B-7B65-44CF-A601-0A8E427BB9B0,2013-02-22 00:00:00.000
20509,19704,jennifer81@adventure-works.com,A58B14BA-EE07-4DA1-B273-11F456D5F95B,2011-12-30 00:00:00.000
20510,19705,jennifer82@adventure-works.com,835D950A-8D08-4344-AAD3-19D0FD58D0AD,2011-09-28 00:00:00.000
20511,19706,keith18@adventure-works.com,A1D4A2C0-5AA8-439D-AD57-729BF97B2B85,2013-11-08 00:00:00.000
20512,19707,keith19@adventure-works.com,E748DA0C-2B7E-4B91-9EE8-4A97E3629946,2013-03-18 00:00:00.000
20513,19708,dwayne10@adventure-works.com,E7CA1940-CEA3-445E-AE07-C562BECC44CC,2014-02-04 00:00:00.000
20514,19709,keith20@adventure-works.com,AF56CF8F-322A-47DA-BCF9-748557656EF4,2013-07-21 00:00:00.000
20515,19710,jennifer83@adventure-works.com,86911B61-EABE-4F71-AF2E-2F05EBC38AA8,2011-11-22 00:00:00.000
20516,19711,keith21@adventure-works.com,8C2D2C49-19FA-4D1E-A647-AA1B2EA25855,2013-09-04 00:00:00.000
20517,19712,keith22@adventure-works.com,4698DD9A-6A50-44D9-9AFC-6BBE4B799AB3,2014-01-17 00:00:00.000
20518,19713,keith23@adventure-works.com,0B745D93-5076-47C5-8190-B50D0CF0D8DA,2014-05-25 00:00:00.000
20519,19714,jennifer84@adventure-works.com,5ECCC955-DE6A-4045-8E74-9900B4395AC3,2013-03-13 00:00:00.000
20520,19715,keith24@adventure-works.com,77E13493-1684-4513-BFC5-BF6AD94DCF17,2013-12-01 00:00:00.000
20521,19716,jennifer85@adventure-works.com,BBEF9C6E-E220-4110-94E0-E534E08E7943,2014-01-13 00:00:00.000
20522,19717,keith25@adventure-works.com,F5E70D79-71AC-403D-A7F4-7DC013DEFFDE,2012-12-22 00:00:00.000
20523,19718,jennifer86@adventure-works.com,58F94760-7AB8-4ECC-AF92-3F865A76390A,2012-07-25 00:00:00.000
20524,19719,keith26@adventure-works.com,111492AB-BAC0-4098-98E9-DE420D4D9851,2013-07-19 00:00:00.000
20525,19720,april0@adventure-works.com,AE0B3253-945B-4BBB-98EC-962831EA3E7C,2013-02-15 00:00:00.000
20526,19721,april1@adventure-works.com,64A636E1-0C5F-4462-B9B8-93A6008B4408,2011-10-06 00:00:00.000
20527,19722,april2@adventure-works.com,2E79B6E3-F0DE-44D8-AFB6-A540ABB1DE6D,2012-07-10 00:00:00.000
20528,19723,dwayne11@adventure-works.com,0DE57F6A-B7DE-45AB-9C16-E2B35F7215D7,2011-08-30 00:00:00.000
20529,19724,april3@adventure-works.com,6111C1D1-226F-4D79-84B2-A787ED0229CA,2014-02-26 00:00:00.000
20530,19725,jennifer87@adventure-works.com,5FC534F0-BB75-438E-BB48-AB96420637E4,2014-03-01 00:00:00.000
20531,19726,april4@adventure-works.com,FCD611E6-20A6-4CD4-BF05-183C73A769F9,2012-04-11 00:00:00.000
20532,19727,jennifer88@adventure-works.com,5DC0B698-77CD-470E-B3B6-6EAD09A05B76,2013-07-30 00:00:00.000
20533,19728,jennifer89@adventure-works.com,99AEC27D-B16D-4AEB-B72F-A4A31F5C838C,2012-06-21 00:00:00.000
20534,19729,april5@adventure-works.com,E7A474E5-C3E4-41AD-8364-666D7750AB16,2013-11-10 00:00:00.000
20535,19730,jennifer90@adventure-works.com,C371112A-D63A-47ED-A967-C9D750326CE1,2014-06-22 00:00:00.000
20536,19731,april6@adventure-works.com,A02FF367-80BE-4784-863B-16E7FDA91009,2014-03-25 00:00:00.000
20537,19732,jennifer91@adventure-works.com,B4C18419-A445-4B58-8BED-CF6717DD28DF,2014-06-25 00:00:00.000
20538,19733,jennifer92@adventure-works.com,D02BF3AF-4AF1-43B4-9D6E-5035C2653A6C,2013-11-15 00:00:00.000
20539,19734,jennifer93@adventure-works.com,3F46EB93-8C38-46A6-A14F-BCB5CF34615D,2013-06-24 00:00:00.000
20540,19735,april7@adventure-works.com,17C0AD0C-323F-43B6-B940-8EDE419A8D3B,2013-09-18 00:00:00.000
20541,19736,jennifer94@adventure-works.com,38241E45-AD35-4AE9-9410-4B915FB72723,2013-09-18 00:00:00.000
20542,19737,april8@adventure-works.com,980A02B2-2C58-43A0-9EA9-11F277D0D3C5,2013-06-30 00:00:00.000
20543,19738,jennifer95@adventure-works.com,31D204AA-C45F-4070-9CC8-BAFC1D714429,2013-08-28 00:00:00.000
20544,19739,april9@adventure-works.com,2D7EA4EC-EBB0-4BF1-852A-C151D784172B,2012-05-18 00:00:00.000
20545,19740,dwayne12@adventure-works.com,95CAD577-0BF4-46A0-83D6-510C7B358BA4,2014-01-31 00:00:00.000
20546,19741,april10@adventure-works.com,3FED34EA-A826-4790-B659-F781D1A5CA81,2013-09-12 00:00:00.000
20547,19742,kaitlyn47@adventure-works.com,E077A772-D005-426D-BDF4-6B2445A67AED,2013-07-25 00:00:00.000
20548,19743,april11@adventure-works.com,6ADA13B0-FCA3-464F-904B-048529D1D29F,2014-02-06 00:00:00.000
20549,19744,april12@adventure-works.com,74C18F1F-5998-46BF-A297-68EF64593410,2013-11-04 00:00:00.000
20550,19745,karen33@adventure-works.com,3AEA85DD-AB94-4457-8567-DDC4D772295B,2014-03-02 00:00:00.000
20551,19746,kaitlyn48@adventure-works.com,968991BF-9B92-463F-9CE9-DC1796CB6601,2014-02-28 00:00:00.000
20552,19747,kaitlyn49@adventure-works.com,27566A03-020D-43C4-BC0B-F03A8E6EDC36,2014-04-15 00:00:00.000
20553,19748,kaitlyn50@adventure-works.com,A4236AD4-F9F3-4E1E-B036-3EAACB1E12EB,2013-10-30 00:00:00.000
20554,19749,april13@adventure-works.com,F6F7A075-3CED-44A0-A27C-D7EBAE44FD5C,2013-08-23 00:00:00.000
20555,19750,kaitlyn51@adventure-works.com,DDE6FE4F-D3DF-4B31-8825-79A33D3E25E1,2013-11-26 00:00:00.000
20556,19751,april14@adventure-works.com,6C63A775-E18B-4AAC-9192-B9D380B04E5B,2014-05-16 00:00:00.000
20557,19752,karen34@adventure-works.com,00892C9E-279D-4F62-860C-6F5D357CC304,2013-10-29 00:00:00.000
20558,19753,kaitlyn52@adventure-works.com,10F63EF8-85A4-442F-A5F5-CE5FD86A51B8,2013-09-03 00:00:00.000
20559,19754,april15@adventure-works.com,5C3734B4-83F4-481F-8194-6E29B77679C7,2013-07-15 00:00:00.000
20560,19755,april16@adventure-works.com,6E67A19C-28F4-48D5-9A8A-D76764580B92,2013-01-28 00:00:00.000
20561,19756,kaitlyn53@adventure-works.com,479BC0D7-1E9D-45C3-97C5-99DC8DBCACA5,2013-11-22 00:00:00.000
20562,19757,dwayne13@adventure-works.com,9E719024-BC34-4BB0-8D8A-59DD973A2779,2014-02-10 00:00:00.000
20563,19758,april17@adventure-works.com,CE52980E-65FD-402F-B8BA-C8340FF15557,2013-10-23 00:00:00.000
20564,19759,april18@adventure-works.com,C6FCEFFF-31CF-458B-A96F-0E25C595FA96,2013-08-17 00:00:00.000
20565,19760,kristin2@adventure-works.com,DDC88FFE-BBFE-42AE-BF0C-5D828932D960,2013-09-27 00:00:00.000
20566,19761,kaitlyn54@adventure-works.com,8221624A-8CBF-4F5C-83E2-B60DDA73C2C9,2012-04-28 00:00:00.000
20567,19762,kristin3@adventure-works.com,9134AC67-0A7C-4457-91C6-03B4D16777E4,2014-05-26 00:00:00.000
20568,19763,kaitlyn55@adventure-works.com,5D10A372-E63E-42A8-BDE7-3CAB2F966084,2013-12-04 00:00:00.000
20569,19764,kristin4@adventure-works.com,2840BC17-D8F9-4AAE-B088-E426C938515C,2013-10-31 00:00:00.000
20570,19765,kristin5@adventure-works.com,55F67DF6-DB08-4F31-B489-DB466D39E531,2014-02-18 00:00:00.000
20571,19766,kristin6@adventure-works.com,06889E6E-732B-489E-A7FF-5F691D37A041,2014-04-05 00:00:00.000
20572,19767,kaitlyn56@adventure-works.com,F958796E-127E-4BEF-85DB-36ED21601385,2013-07-31 00:00:00.000
20573,19768,kristin7@adventure-works.com,88B29417-A85B-4413-8E65-CBC04868CBE8,2014-02-06 00:00:00.000
20574,19769,kristin8@adventure-works.com,33537767-74BC-4DD1-B12B-812C1D4E5DFF,2013-12-05 00:00:00.000
20575,19770,kaitlyn57@adventure-works.com,CF82127A-B24D-4718-A9ED-D2B1C5E1DCB0,2014-05-18 00:00:00.000
20576,19771,kristin9@adventure-works.com,2C3B91BE-3822-48B1-8F20-8C11A5D04C7B,2013-12-31 00:00:00.000
20577,19772,dwayne14@adventure-works.com,330E2A0A-145C-4DE5-B2AD-AEB83C99A932,2013-10-15 00:00:00.000
20578,19773,kristin10@adventure-works.com,55BB449B-9FED-4453-AF80-B2F25A4C361B,2013-07-15 00:00:00.000
20579,19774,kaitlyn58@adventure-works.com,680D23C0-1B7D-4D6E-9B29-83A25852B8AA,2013-08-12 00:00:00.000
20580,19775,kristin11@adventure-works.com,96A475B7-A16C-430A-AA33-AFA349E08895,2012-12-26 00:00:00.000
20581,19776,kaitlyn59@adventure-works.com,12419622-8E76-4173-A4C7-8454F50D6319,2013-11-09 00:00:00.000
20582,19777,kristin12@adventure-works.com,23F87C4D-DF56-4046-8079-415910496C1B,2012-12-30 00:00:00.000
20583,19778,kristin13@adventure-works.com,187EE999-E3F5-4B93-84E3-3EE53FA96229,2013-12-05 00:00:00.000
20584,19779,kaitlyn60@adventure-works.com,659DE139-54D6-490F-9BBC-587055B6EFD2,2014-05-02 00:00:00.000
20585,19780,kristin14@adventure-works.com,CC2E5F86-D950-41B4-8E34-AF6B92C2A9CE,2012-08-25 00:00:00.000
20586,19781,kristin15@adventure-works.com,C5383A6D-8612-49BE-9B9F-296CEF3F1C78,2013-04-21 00:00:00.000
20587,19782,kaitlyn61@adventure-works.com,0A69ED5F-BD1E-4050-904F-9F42F4B0C7B1,2014-04-30 00:00:00.000
20588,19783,kaitlyn62@adventure-works.com,24FE2578-C47C-4C21-9B47-FC1E33DA84B2,2012-08-10 00:00:00.000
20589,19784,kristin16@adventure-works.com,A8EA762D-51B9-4C9F-8A3A-C8E4DDCFCE82,2013-12-21 00:00:00.000
20590,19785,kaitlyn63@adventure-works.com,DEEA513A-E5FF-4458-B24D-A4EDBF182771,2013-02-25 00:00:00.000
20591,19786,kristin17@adventure-works.com,8EFB2860-7A8E-4A80-9BD3-8E98999828D6,2013-10-26 00:00:00.000
20592,19787,kaitlyn64@adventure-works.com,E0902C2F-EA58-423D-BD32-3534C55F63C5,2013-10-27 00:00:00.000
20593,19788,kristin18@adventure-works.com,86D83588-45E6-41EC-8AD9-61E88CAE28FC,2012-12-16 00:00:00.000
20594,19789,kaitlyn65@adventure-works.com,3B3555C2-B921-4F0B-93E8-0934720FACEC,2012-11-20 00:00:00.000
20595,19790,kaitlyn66@adventure-works.com,A67979C4-ABC8-404D-8B25-4B11208B8883,2013-12-05 00:00:00.000
20596,19791,kaitlyn67@adventure-works.com,961DCDF9-ADAC-4C18-8AAC-37C8ECC1DAA9,2013-08-28 00:00:00.000
20597,19792,katie3@adventure-works.com,CC2BD446-8886-4B7C-A139-17CD34BAC100,2013-07-13 00:00:00.000
20598,19793,kaitlyn68@adventure-works.com,BD66D1D3-5E32-4A16-B902-8CE9F4FC953C,2013-07-25 00:00:00.000
20599,19794,katie4@adventure-works.com,F0C224FD-2DF5-4A2A-B9DF-1E87662EEDEB,2013-08-24 00:00:00.000
20600,19795,kaitlyn69@adventure-works.com,251AEA92-B193-4780-AF69-BC303AE91B3C,2012-06-02 00:00:00.000
20601,19796,katie5@adventure-works.com,8DA8E23B-2F9D-4A80-8D15-A4C026F67C41,2012-04-07 00:00:00.000
20602,19797,kelvin44@adventure-works.com,36DAC8E6-7414-4D7E-8E51-B84712AB199B,2012-10-27 00:00:00.000
20603,19798,dwayne15@adventure-works.com,B61B3F74-FE9D-4D6B-8AD5-E124997A4933,2014-02-03 00:00:00.000
20604,19799,katie6@adventure-works.com,8D6C068D-1A12-4CC1-9C07-8B189FA2F542,2013-05-11 00:00:00.000
20605,19800,karen35@adventure-works.com,74BDBEAE-E9C6-429C-BADD-0FA8E9D93015,2014-04-04 00:00:00.000
20606,19801,kaitlyn70@adventure-works.com,AF38F367-CEBD-4ACF-BC7D-9F572B2B4EB7,2014-01-20 00:00:00.000
20607,19802,kaitlyn71@adventure-works.com,995E8305-ED6A-4F9E-BC51-7541925FD270,2014-04-25 00:00:00.000
20608,19803,katie7@adventure-works.com,268A3FC2-B8C3-4298-B174-4B6C346580DC,2013-07-21 00:00:00.000
20609,19804,katie8@adventure-works.com,0AE41F9F-998A-4E79-A5B4-87DAB8072778,2013-05-01 00:00:00.000
20610,19805,kaitlyn72@adventure-works.com,DB78D83C-9729-40D1-B01C-E6698D96E449,2011-07-02 00:00:00.000
20611,19806,katie9@adventure-works.com,5C88C161-311A-46E7-A09B-54F4E26C1D28,2013-03-25 00:00:00.000
20612,19807,katie10@adventure-works.com,3579366C-E33A-4C93-B587-948AF8D82F94,2012-06-05 00:00:00.000
20613,19808,katie11@adventure-works.com,DEEF3BBF-F494-48CC-833D-9D75BDECF3B8,2011-10-03 00:00:00.000
20614,19809,katie12@adventure-works.com,73697B6A-908D-406C-AFAE-DB4EB7CB1C48,2013-04-02 00:00:00.000
20615,19810,kaitlyn73@adventure-works.com,CA12908F-D1FA-4AC3-A4FD-9D547B2C3CA5,2014-05-20 00:00:00.000
20616,19811,katie13@adventure-works.com,1B4A8756-ACF3-49CB-98CD-8FE43272F15F,2014-02-08 00:00:00.000
20617,19812,katie14@adventure-works.com,68EFA2C9-BE48-45F0-ACC9-344B56E08C19,2014-04-21 00:00:00.000
20618,19813,kaitlyn74@adventure-works.com,23309D63-3F35-4713-93CD-45E90C0DE1A5,2012-12-15 00:00:00.000
20619,19814,dwayne16@adventure-works.com,FCB683F2-039D-4B7A-A596-5B6CFDE7CF6C,2013-05-27 00:00:00.000
20620,19815,katie15@adventure-works.com,9CC5F02C-2795-416C-B0BA-F73620E7DADF,2014-04-13 00:00:00.000
20621,19816,karen36@adventure-works.com,95414875-D61F-496A-A534-20ED070FBF19,2014-05-07 00:00:00.000
20622,19817,kaitlyn75@adventure-works.com,0D739EE3-AD63-4EB3-9AAA-1E755F45B6D6,2012-01-09 00:00:00.000
20623,19818,kaitlyn76@adventure-works.com,AE9140C1-C182-4DC6-BCEB-76FAFBB14878,2012-03-29 00:00:00.000
20624,19819,kaitlyn77@adventure-works.com,775C0AE4-84DC-47A9-82A1-3577108B5B0B,2013-08-29 00:00:00.000
20625,19820,kaitlyn78@adventure-works.com,50038918-454F-4303-BAF2-459BEDDE26E9,2013-08-27 00:00:00.000
20626,19821,katie16@adventure-works.com,81605BA0-D8F8-4F3C-9CFE-B0E7A1D9DE2F,2014-04-26 00:00:00.000
20627,19822,katie17@adventure-works.com,3F039C76-1C5F-4B18-8BEC-7A8BDB8236B2,2013-10-20 00:00:00.000
20628,19823,kaitlyn79@adventure-works.com,2BBC6649-FAB8-4728-B2ED-BD95F7BC64A2,2014-05-31 00:00:00.000
20629,19824,katie18@adventure-works.com,BFC0EBE1-F3DE-4CC8-84AC-772686A49FD3,2014-05-02 00:00:00.000
20630,19825,katie19@adventure-works.com,3FEC1C6A-89AE-462F-AFED-59B8CF2482D1,2013-12-25 00:00:00.000
20631,19826,kaitlyn80@adventure-works.com,F20CF976-969A-4833-9DDE-3E0E3A627AEE,2013-11-11 00:00:00.000
20632,19827,katie20@adventure-works.com,17445D51-E858-4FFF-B1FC-77793F872D74,2012-04-23 00:00:00.000
20633,19828,kaitlyn81@adventure-works.com,56005063-C954-4EC0-8CF9-DA76EE24A6FA,2013-04-15 00:00:00.000
20634,19829,katie21@adventure-works.com,2CFF6F5B-830D-4E6D-AECC-789767FAC3FF,2013-01-19 00:00:00.000
20635,19830,kaitlyn82@adventure-works.com,AE781929-225A-4310-BF17-8351F82A75BD,2011-11-06 00:00:00.000
20636,19831,kaitlyn83@adventure-works.com,C4AA5073-DAE2-483F-BB4D-B83F5B159776,2011-07-15 00:00:00.000
20637,19832,kaitlyn84@adventure-works.com,0D035F7A-9531-46EC-A58B-3BAB9FD83FB9,2013-02-06 00:00:00.000
20638,19833,katie22@adventure-works.com,5761F086-4621-4708-B0C0-1391DAD6FCCD,2014-01-31 00:00:00.000
20639,19834,katie23@adventure-works.com,0EB7A1DC-AF6F-439C-A920-6146C85EC284,2013-10-24 00:00:00.000
20640,19835,kaitlyn85@adventure-works.com,3C7F8569-8A35-4118-B225-744EAE394D3D,2013-11-10 00:00:00.000
20641,19836,katie24@adventure-works.com,D1E24A98-560E-46E7-946A-11021DD7E795,2014-03-05 00:00:00.000
20642,19837,kaitlyn86@adventure-works.com,321AE619-4A55-42AA-AD72-C7F3944AA7DD,2012-05-11 00:00:00.000
20643,19838,kaitlyn87@adventure-works.com,F1197EF9-FE11-4205-89EA-9E911CA10155,2012-05-18 00:00:00.000
20644,19839,kaitlyn88@adventure-works.com,71A96F8F-899C-4538-9157-DADFE051C882,2013-08-24 00:00:00.000
20645,19840,kaitlyn89@adventure-works.com,2E9B6D50-42D2-418C-9B46-238150CD3BCF,2013-07-30 00:00:00.000
20646,19841,lindsey1@adventure-works.com,5E28C407-DAC3-473A-B140-86F4C0398CA7,2012-03-07 00:00:00.000
20647,19842,morgan46@adventure-works.com,FB4F84E6-8A79-497A-99BF-F8D58BB515A3,2013-07-04 00:00:00.000
20648,19843,lindsey2@adventure-works.com,90E45C9B-A669-468C-8A34-16926EE8FB83,2012-11-10 00:00:00.000
20649,19844,morgan47@adventure-works.com,7815CFF6-FE2F-4168-B2DE-CE9DF48D07B9,2013-08-10 00:00:00.000
20650,19845,lindsey3@adventure-works.com,EF3066EC-357D-4FD1-99B9-2DF35C00A6BF,2014-02-17 00:00:00.000
20651,19846,morgan48@adventure-works.com,1CB8F180-CD62-421A-9B0D-C6280D89B68B,2013-10-17 00:00:00.000
20652,19847,lindsey4@adventure-works.com,EAE00FFD-0B95-4292-AE06-FA1C960753ED,2014-03-07 00:00:00.000
20653,19848,lindsey5@adventure-works.com,23CB0085-3798-44D0-BE4A-AA92886A6D23,2013-11-02 00:00:00.000
20654,19849,morgan49@adventure-works.com,CC54B8BA-F001-4912-AA2F-6B83AE0C43D2,2013-10-30 00:00:00.000
20655,19850,morgan50@adventure-works.com,DA1B7401-FE37-46C1-A2CE-885797ED00F3,2014-02-24 00:00:00.000
20656,19851,lindsey6@adventure-works.com,AF300094-93B5-4BF2-BB7C-01C8FDBDC27E,2012-10-19 00:00:00.000
20657,19852,lindsey7@adventure-works.com,1AC03251-4BBD-48C6-94C7-30820CCDD76E,2011-10-01 00:00:00.000
20658,19853,morgan51@adventure-works.com,4EDCDE38-47EA-4144-A398-65BBF7EC7E14,2013-07-02 00:00:00.000
20659,19854,dwayne17@adventure-works.com,522E31C0-1417-423F-9D5D-8C1EEFB61F30,2014-02-18 00:00:00.000
20660,19855,lindsey8@adventure-works.com,5FFC799A-03B0-49CD-BE7C-0F982C156445,2013-03-22 00:00:00.000
20661,19856,lindsey9@adventure-works.com,F33E595A-B22F-480B-92BF-A76A6590A506,2013-03-08 00:00:00.000
20662,19857,lindsey10@adventure-works.com,83B3B473-D882-405D-8B4E-2EDC329D7895,2014-05-24 00:00:00.000
20663,19858,lindsey11@adventure-works.com,5BB894C4-A946-408B-8F71-0C31B698D998,2013-09-08 00:00:00.000
20664,19859,lindsey12@adventure-works.com,EAC7D9F4-AEDD-4E95-86BC-809FE5F5E3E9,2014-05-09 00:00:00.000
20665,19860,lindsey13@adventure-works.com,8B48DC45-9AF8-4528-8B64-35536A0AEA95,2013-03-07 00:00:00.000
20666,19861,lindsey14@adventure-works.com,E25B057F-08D5-4583-9C27-6B4324F20B01,2011-06-10 00:00:00.000
20667,19862,lindsey15@adventure-works.com,C6D2B6BC-8412-4DA4-A4E8-6CA05A979818,2012-08-19 00:00:00.000
20668,19863,morgan52@adventure-works.com,4DA0E12E-F10D-45CD-8FFA-0B62CD0FBC8E,2012-06-07 00:00:00.000
20669,19864,lindsey16@adventure-works.com,2537617F-E0B2-4D2D-8D5F-79BABFFD3DD4,2014-01-07 00:00:00.000
20670,19865,morgan53@adventure-works.com,DD5F71D0-A6F3-4A22-8B4A-371C6E52125E,2013-10-29 00:00:00.000
20671,19866,lindsey17@adventure-works.com,E51209C7-32B5-4E51-B5B8-DED45BF83593,2013-12-26 00:00:00.000
20672,19867,morgan54@adventure-works.com,FBA545B9-484C-4854-9B16-EA0C89B4A120,2013-02-08 00:00:00.000
20673,19868,dwayne18@adventure-works.com,9BA8202B-8AAF-4A23-B852-FE996D84D449,2014-06-26 00:00:00.000
20674,19869,morgan55@adventure-works.com,8712A632-68FB-4C4C-B10C-78CD1E58046F,2012-06-11 00:00:00.000
20675,19870,lindsey18@adventure-works.com,0E15281E-36B2-42C9-9AA6-0E3023B2AF94,2014-03-29 00:00:00.000
20676,19871,lindsey19@adventure-works.com,3A6B0A45-EB59-4F87-B4B1-13D86261FE2B,2013-08-30 00:00:00.000
20677,19872,lindsey20@adventure-works.com,648A9D9C-F2F8-4FA7-9753-CAB996A365D9,2014-01-27 00:00:00.000
20678,19873,morgan56@adventure-works.com,D4039A76-28E4-456A-A97C-C4F1AD94869B,2014-02-01 00:00:00.000
20679,19874,morgan57@adventure-works.com,476933CE-E7FB-4A88-AA53-F9627E4F5BC7,2012-11-03 00:00:00.000
20680,19875,lindsey21@adventure-works.com,26639A97-ADAD-4CB5-8E2C-070A335EC4BA,2011-10-08 00:00:00.000
20681,19876,morgan58@adventure-works.com,E69BCB5B-CA3A-4CD7-82B9-453EB2B72C45,2014-03-09 00:00:00.000
20682,19877,lindsey22@adventure-works.com,42D5A383-F5CD-49C8-B695-10F69B9497E6,2014-04-18 00:00:00.000
20683,19878,tiffany19@adventure-works.com,94EB9C72-3EA8-4096-88E1-034435C592A6,2014-02-06 00:00:00.000
20684,19879,morgan59@adventure-works.com,531E7484-2ADD-43C5-9151-0D0B53E5CA2D,2011-12-09 00:00:00.000
20685,19880,tiffany20@adventure-works.com,2C6B4188-F90C-4AD4-AF63-CB6CD3829C47,2012-12-25 00:00:00.000
20686,19881,morgan60@adventure-works.com,08DF848B-41BB-4096-8BB9-AAAA8BE7DA97,2013-02-16 00:00:00.000
20687,19882,tiffany21@adventure-works.com,C52BC98D-1474-44E1-B0AE-927DC67287DB,2012-10-24 00:00:00.000
20688,19883,morgan61@adventure-works.com,16A2C472-9A54-4B5D-8A0C-1A09F9AF1743,2014-04-02 00:00:00.000
20689,19884,dwayne19@adventure-works.com,8A23666C-D18E-4837-883A-87C8AE4F8EA9,2014-05-23 00:00:00.000
20690,19885,tiffany22@adventure-works.com,B2A2D76A-3077-4516-A0A1-5128C746A5C1,2011-10-09 00:00:00.000
20691,19886,morgan62@adventure-works.com,26434238-68AD-4B9C-AC3D-ABED0D8B1F78,2013-10-26 00:00:00.000
20692,19887,tiffany23@adventure-works.com,2C886B5A-579D-4389-A471-94F0CB052495,2013-12-27 00:00:00.000
20693,19888,amy9@adventure-works.com,63CAC300-75B1-4FEC-868E-2863B9F3A886,2011-11-12 00:00:00.000
20694,19889,morgan63@adventure-works.com,C5559B84-059A-4246-B047-6EB9C6A99263,2013-10-05 00:00:00.000
20695,19890,morgan64@adventure-works.com,82480B60-B534-4A49-A704-FC27FDF27861,2014-02-20 00:00:00.000
20696,19891,morgan65@adventure-works.com,34C0F759-1B8C-4254-89B9-6CEC13149FF7,2013-11-22 00:00:00.000
20697,19892,morgan66@adventure-works.com,32255648-494D-4016-A922-64BC7450827E,2014-03-26 00:00:00.000
20698,19893,morgan67@adventure-works.com,EF8A7450-8664-4E56-BC6E-B6FC6646D6E5,2013-01-25 00:00:00.000
20699,19894,morgan68@adventure-works.com,2C7FBD98-C1D4-49CD-AC74-8C27A8060FE5,2013-07-06 00:00:00.000
20700,19895,amy10@adventure-works.com,6B8D6E91-4621-43E9-BDEA-C8CB5F69C7AF,2012-08-14 00:00:00.000
20701,19896,morgan69@adventure-works.com,7D9322AB-997A-4069-BC8A-F60E7CCAC3D5,2013-08-18 00:00:00.000
20702,19897,amy11@adventure-works.com,42D9F380-DC49-415A-8552-FDC1C76E5ED5,2013-11-27 00:00:00.000
20703,19898,morgan70@adventure-works.com,3A98B133-3042-49A3-B31D-47603B9DBE26,2013-10-25 00:00:00.000
20704,19899,amy12@adventure-works.com,0C406C70-646E-4363-8F5D-6AC2D26779D4,2014-05-09 00:00:00.000
20705,19900,morgan71@adventure-works.com,A5335C57-B97D-4F0D-B569-52AFA9DE7F73,2012-02-15 00:00:00.000
20706,19901,morgan72@adventure-works.com,B625EF77-4389-4121-B59F-14061ED104A1,2013-07-30 00:00:00.000
20707,19902,amy13@adventure-works.com,E061623E-82C4-47B1-857B-8062D1046A29,2013-07-19 00:00:00.000
20708,19903,amy14@adventure-works.com,E4C40AA4-40AC-480B-8272-FBDDD39BA862,2012-02-12 00:00:00.000
20709,19904,dwayne20@adventure-works.com,459BFDFD-55A7-475B-B46E-8C4C176DBB72,2012-08-29 00:00:00.000
20710,19905,amy15@adventure-works.com,67F360FE-DA28-4997-9BDA-BD87EC644E30,2014-04-21 00:00:00.000
20711,19906,morgan73@adventure-works.com,583F2404-CF1E-4EDB-8CD0-C46DF0440C41,2014-05-07 00:00:00.000
20712,19907,amy16@adventure-works.com,CFAD9738-6DB5-4C52-9AD5-69E7031FB880,2013-08-23 00:00:00.000
20713,19908,morgan74@adventure-works.com,29C4BBA2-9987-45F6-880B-E955762F7BBE,2011-09-06 00:00:00.000
20714,19909,morgan75@adventure-works.com,46F5B9A8-E63F-4D59-BFB4-424C3F9F85EE,2013-12-11 00:00:00.000
20715,19910,amy17@adventure-works.com,9C22F892-DC8B-4454-9B58-BFFEE2C9A676,2013-12-09 00:00:00.000
20716,19911,amy18@adventure-works.com,A16C48C4-4453-4240-BFD2-56A432BF9C60,2013-11-23 00:00:00.000
20717,19912,morgan76@adventure-works.com,FEFDFB95-0FF3-4FDE-8B1F-1BA1FA01FF2A,2013-11-03 00:00:00.000
20718,19913,amy19@adventure-works.com,46C362A5-A060-4E65-AC27-5E7A58C09F2F,2012-04-04 00:00:00.000
20719,19914,amy20@adventure-works.com,0AFE2AD6-7848-4F35-9E82-58C802024EAD,2013-08-27 00:00:00.000
20720,19915,amy21@adventure-works.com,6A43102B-C9EA-4A0C-B328-D4B665739D3B,2012-09-14 00:00:00.000
20721,19916,amy22@adventure-works.com,F19F4EE0-078B-4D83-B7B7-87213F24D426,2011-08-02 00:00:00.000
20722,19917,amy23@adventure-works.com,9940954B-AF3D-42A8-AFC2-5FF5F075F98A,2013-05-20 00:00:00.000
20723,19918,morgan77@adventure-works.com,B8CBF1C4-5D2A-43CF-99FE-3379A914E2AB,2013-12-01 00:00:00.000
20724,19919,amy24@adventure-works.com,2EC23DD1-7201-4901-9E91-785EEB64BB05,2013-07-24 00:00:00.000
20725,19920,amy25@adventure-works.com,EC515ECA-CB05-4D6C-94EC-14F0F4A1A94B,2012-10-24 00:00:00.000
20726,19921,morgan78@adventure-works.com,65B1776E-A20A-42CA-929C-E864EDF990B9,2012-12-12 00:00:00.000
20727,19922,morgan79@adventure-works.com,FF599152-897B-4780-8C50-7B24CA815722,2013-02-11 00:00:00.000
20728,19923,morgan80@adventure-works.com,0A40E152-E58E-4C7F-BB18-36528B57985A,2013-08-12 00:00:00.000
20729,19924,amy26@adventure-works.com,C8B8A25E-A8C1-4421-89E2-38E5E1084133,2014-02-22 00:00:00.000
20730,19925,morgan81@adventure-works.com,32B931D0-373B-4BDD-B0EA-08349D8D152C,2013-07-12 00:00:00.000
20731,19926,morgan82@adventure-works.com,64D31CB4-2D6D-44A2-960F-2F268FFD3029,2013-07-28 00:00:00.000
20732,19927,amy27@adventure-works.com,76280683-3167-4E1D-9001-CB0618B54301,2013-12-18 00:00:00.000
20733,19928,morgan83@adventure-works.com,00615121-10D9-47BB-A32D-3416BF83F2D7,2014-02-10 00:00:00.000
20734,19929,amy28@adventure-works.com,8E54A230-7438-40BB-95C7-5255CD695C24,2012-11-08 00:00:00.000
20735,19930,amy29@adventure-works.com,5CE4510C-9464-4144-A397-57EB764D2522,2013-03-16 00:00:00.000
20736,19931,morgan84@adventure-works.com,91F95FBF-DDCF-4A10-A3A2-6E0739746D1C,2013-09-23 00:00:00.000
20737,19932,crystal2@adventure-works.com,D0DC3CBE-5629-4D05-897E-B01A9EF4968E,2014-03-04 00:00:00.000
20738,19933,morgan85@adventure-works.com,DAED3194-1E7E-47F9-801F-0377BEECD36F,2012-04-11 00:00:00.000
20739,19934,crystal3@adventure-works.com,78E78DFF-C5E2-4749-B5B7-7F1164011CB0,2011-10-25 00:00:00.000
20740,19935,morgan86@adventure-works.com,DE9AF342-D315-47BA-9906-CD3BCD44BFF8,2013-11-12 00:00:00.000
20741,19936,morgan87@adventure-works.com,307D7944-43E3-43D7-98CB-2EABE120AE22,2013-12-02 00:00:00.000
20742,19937,morgan88@adventure-works.com,7E39D9F5-010F-4CA7-BA77-776DB028FFCD,2014-03-08 00:00:00.000
20743,19938,crystal4@adventure-works.com,E4F97DF3-C587-4041-B951-D5D097C49B64,2012-11-08 00:00:00.000
20744,19939,morgan89@adventure-works.com,1241ED2D-8BE1-48AF-A827-187BE11C8B2A,2013-08-21 00:00:00.000
20745,19940,morgan90@adventure-works.com,9683FA36-FF82-4695-A349-F34494611295,2014-04-01 00:00:00.000
20746,19941,francis20@adventure-works.com,7702B7B5-D71B-4280-925D-277551A4476E,2014-03-10 00:00:00.000
20747,19942,crystal5@adventure-works.com,371E9474-855C-4645-8963-388378681EB1,2013-02-24 00:00:00.000
20748,19943,morgan91@adventure-works.com,5A8620B3-EF24-4ECA-9615-720DC595059E,2013-10-30 00:00:00.000
20749,19944,crystal6@adventure-works.com,17D0FED9-6F5A-4254-8E25-BEE14FA14A0E,2013-10-19 00:00:00.000
20750,19945,isabella81@adventure-works.com,3F98E9BE-5770-4278-902E-C2C32583A132,2014-03-07 00:00:00.000
20751,19946,crystal7@adventure-works.com,7BBCCC75-5D2B-42AE-A259-1CE88550FEB8,2013-02-06 00:00:00.000
20752,19947,isabella82@adventure-works.com,5798FF0E-FE56-42D4-8B11-8E360FDF573A,2013-08-20 00:00:00.000
20753,19948,isabella83@adventure-works.com,EF2A9B4C-FD14-4FA2-A8A9-1CA37B5ED81E,2013-10-31 00:00:00.000
20754,19949,crystal8@adventure-works.com,6CA8E8D1-E5E0-452E-B731-D754157D1D18,2012-06-08 00:00:00.000
20755,19950,crystal9@adventure-works.com,870C2C82-26CD-40AD-84EC-614295CC170D,2013-12-01 00:00:00.000
20756,19951,crystal10@adventure-works.com,4F738022-FFAE-462B-BF7B-022CC4081939,2013-03-28 00:00:00.000
20757,19952,carol27@adventure-works.com,704E2ED7-B92D-4B34-A3AF-424A334FBDBF,2013-11-11 00:00:00.000
20758,19953,isabella84@adventure-works.com,5D5D1256-FD9D-4E08-B67B-B4B9D584FD85,2014-03-05 00:00:00.000
20759,19954,isabella85@adventure-works.com,BE7AC226-07FF-41FF-8300-669207548ECE,2014-05-27 00:00:00.000
20760,19955,isabella86@adventure-works.com,8B729D4D-1D20-4FD1-A3E7-CF573691CB87,2014-03-08 00:00:00.000
20761,19956,isabella87@adventure-works.com,A922DE89-97E4-4598-B309-8B83DB01EA5F,2014-03-19 00:00:00.000
20762,19957,crystal11@adventure-works.com,08CD76D8-6F76-42FF-B5D9-F2ABC64EABEE,2014-04-15 00:00:00.000
20763,19958,isabella88@adventure-works.com,8E7D4F06-DCFF-4A9F-AACD-CF30D77BC517,2014-05-10 00:00:00.000
20764,19959,crystal12@adventure-works.com,ABB217EE-ADA8-43EB-B725-C75501E663B2,2013-03-01 00:00:00.000
20765,19960,francis21@adventure-works.com,53F3822D-473C-473D-89ED-D39016300D0F,2014-04-15 00:00:00.000
20766,19961,crystal13@adventure-works.com,6EA2931A-DA58-404B-AE87-81C30B536BFB,2013-05-06 00:00:00.000
20767,19962,crystal14@adventure-works.com,555183FC-E95F-440C-B9B0-D7C9DAEDC988,2014-03-17 00:00:00.000
20768,19963,isabella89@adventure-works.com,C3B9E836-F1AF-45ED-8360-1B742C2CCD35,2014-02-15 00:00:00.000
20769,19964,crystal15@adventure-works.com,5D147321-B413-47A9-95FF-6E4D80DF9C7C,2013-11-08 00:00:00.000
20770,19965,crystal16@adventure-works.com,1903B88E-3683-436C-8F6E-4CE14D1DEA3C,2012-02-02 00:00:00.000
20771,19966,isabella90@adventure-works.com,5393CA37-CA5F-4A6A-922B-9927331A9ABE,2013-10-24 00:00:00.000
20772,19967,crystal17@adventure-works.com,E5E76E41-70E4-4F48-A8BD-B5F667D6EC20,2012-05-22 00:00:00.000
20773,19968,crystal18@adventure-works.com,95889DA3-82BC-4ACC-8D0A-23CDBAC2976C,2014-03-19 00:00:00.000
20774,19969,isabella91@adventure-works.com,CE60403C-FB69-4232-811A-7F510A27A391,2013-07-29 00:00:00.000
20775,19970,crystal19@adventure-works.com,F3114A36-B573-4CF4-A212-6AC42261DFCE,2014-03-12 00:00:00.000
20776,19971,crystal20@adventure-works.com,287006E5-4CB1-4688-9A2F-479F048F27CE,2014-01-14 00:00:00.000
20777,19972,crystal21@adventure-works.com,012BBEBE-FC99-4C4E-B2BF-6F21E2CF19D3,2013-10-16 00:00:00.000
